325.000, 0.093	325.000, 0.081	325.000, 0.079	325.000, 0.075	325.000, 0.079	325.000, 0.114	325.000, 0.117	325.000, 0.114
326.000, 0.093	326.000, 0.077	326.000, 0.074	326.000, 0.070	326.000, 0.072	326.000, 0.114	326.000, 0.120	326.000, 0.114
327.000, 0.094	327.000, 0.076	327.000, 0.071	327.000, 0.067	327.000, 0.069	327.000, 0.113	327.000, 0.120	327.000, 0.115
328.000, 0.095	328.000, 0.082	328.000, 0.076	328.000, 0.071	328.000, 0.076	328.000, 0.113	328.000, 0.118	328.000, 0.115
329.000, 0.095	329.000, 0.082	329.000, 0.078	329.000, 0.073	329.000, 0.078	329.000, 0.112	329.000, 0.118	329.000, 0.114
330.000, 0.095	330.000, 0.080	330.000, 0.077	330.000, 0.071	330.000, 0.075	330.000, 0.112	330.000, 0.119	330.000, 0.114
331.000, 0.094	331.000, 0.082	331.000, 0.079	331.000, 0.074	331.000, 0.075	331.000, 0.114	331.000, 0.118	331.000, 0.114
332.000, 0.094	332.000, 0.083	332.000, 0.079	332.000, 0.076	332.000, 0.076	332.000, 0.115	332.000, 0.119	332.000, 0.115
333.000, 0.095	333.000, 0.083	333.000, 0.079	333.000, 0.076	333.000, 0.077	333.000, 0.114	333.000, 0.120	333.000, 0.118
334.000, 0.097	334.000, 0.085	334.000, 0.080	334.000, 0.075	334.000, 0.078	334.000, 0.114	334.000, 0.119	334.000, 0.117
335.000, 0.098	335.000, 0.085	335.000, 0.080	335.000, 0.073	335.000, 0.078	335.000, 0.115	335.000, 0.118	335.000, 0.115
336.000, 0.099	336.000, 0.083	336.000, 0.077	336.000, 0.073	336.000, 0.075	336.000, 0.116	336.000, 0.120	336.000, 0.116
337.000, 0.099	337.000, 0.083	337.000, 0.078	337.000, 0.074	337.000, 0.075	337.000, 0.116	337.000, 0.122	337.000, 0.117
338.000, 0.099	338.000, 0.084	338.000, 0.079	338.000, 0.074	338.000, 0.076	338.000, 0.116	338.000, 0.122	338.000, 0.118
339.000, 0.098	339.000, 0.085	339.000, 0.079	339.000, 0.074	339.000, 0.076	339.000, 0.117	339.000, 0.121	339.000, 0.119
340.000, 0.098	340.000, 0.085	340.000, 0.078	340.000, 0.073	340.000, 0.076	340.000, 0.117	340.000, 0.121	340.000, 0.119
341.000, 0.098	341.000, 0.083	341.000, 0.078	341.000, 0.072	341.000, 0.076	341.000, 0.116	341.000, 0.122	341.000, 0.119
342.000, 0.097	342.000, 0.083	342.000, 0.078	342.000, 0.072	342.000, 0.075	342.000, 0.117	342.000, 0.124	342.000, 0.120
343.000, 0.096	343.000, 0.083	343.000, 0.079	343.000, 0.072	343.000, 0.075	343.000, 0.119	343.000, 0.126	343.000, 0.122
344.000, 0.097	344.000, 0.083	344.000, 0.080	344.000, 0.073	344.000, 0.075	344.000, 0.121	344.000, 0.127	344.000, 0.123
345.000, 0.097	345.000, 0.084	345.000, 0.079	345.000, 0.073	345.000, 0.076	345.000, 0.121	345.000, 0.127	345.000, 0.122
346.000, 0.098	346.000, 0.085	346.000, 0.078	346.000, 0.074	346.000, 0.077	346.000, 0.120	346.000, 0.127	346.000, 0.122
347.000, 0.099	347.000, 0.083	347.000, 0.078	347.000, 0.074	347.000, 0.076	347.000, 0.121	347.000, 0.127	347.000, 0.123
348.000, 0.100	348.000, 0.083	348.000, 0.078	348.000, 0.073	348.000, 0.075	348.000, 0.121	348.000, 0.127	348.000, 0.124
349.000, 0.101	349.000, 0.084	349.000, 0.079	349.000, 0.073	349.000, 0.075	349.000, 0.122	349.000, 0.128	349.000, 0.124
350.000, 0.100	350.000, 0.085	350.000, 0.079	350.000, 0.074	350.000, 0.075	350.000, 0.122	350.000, 0.129	350.000, 0.124
351.000, 0.099	351.000, 0.085	351.000, 0.079	351.000, 0.074	351.000, 0.076	351.000, 0.123	351.000, 0.130	351.000, 0.125
352.000, 0.100	352.000, 0.084	352.000, 0.080	352.000, 0.074	352.000, 0.076	352.000, 0.123	352.000, 0.130	352.000, 0.125
353.000, 0.101	353.000, 0.085	353.000, 0.080	353.000, 0.075	353.000, 0.077	353.000, 0.123	353.000, 0.130	353.000, 0.126
354.000, 0.100	354.000, 0.085	354.000, 0.079	354.000, 0.074	354.000, 0.077	354.000, 0.124	354.000, 0.130	354.000, 0.126
355.000, 0.099	355.000, 0.086	355.000, 0.079	355.000, 0.074	355.000, 0.076	355.000, 0.125	355.000, 0.131	355.000, 0.127
356.000, 0.099	356.000, 0.085	356.000, 0.079	356.000, 0.074	356.000, 0.076	356.000, 0.126	356.000, 0.132	356.000, 0.128
357.000, 0.099	357.000, 0.085	357.000, 0.080	357.000, 0.075	357.000, 0.077	357.000, 0.127	357.000, 0.133	357.000, 0.128
358.000, 0.101	358.000, 0.086	358.000, 0.080	358.000, 0.074	358.000, 0.077	358.000, 0.127	358.000, 0.134	358.000, 0.129
359.000, 0.102	359.000, 0.086	359.000, 0.080	359.000, 0.074	359.000, 0.076	359.000, 0.127	359.000, 0.134	359.000, 0.129
360.000, 0.101	360.000, 0.086	360.000, 0.080	360.000, 0.074	360.000, 0.076	360.000, 0.128	360.000, 0.134	360.000, 0.130
361.000, 0.101	361.000, 0.086	361.000, 0.080	361.000, 0.075	361.000, 0.076	361.000, 0.129	361.000, 0.135	361.000, 0.130
362.000, 0.101	362.000, 0.086	362.000, 0.079	362.000, 0.075	362.000, 0.076	362.000, 0.129	362.000, 0.136	362.000, 0.131
363.000, 0.102	363.000, 0.087	363.000, 0.079	363.000, 0.075	363.000, 0.076	363.000, 0.130	363.000, 0.137	363.000, 0.132
364.000, 0.103	364.000, 0.088	364.000, 0.080	364.000, 0.075	364.000, 0.076	364.000, 0.131	364.000, 0.138	364.000, 0.132
365.000, 0.104	365.000, 0.088	365.000, 0.080	365.000, 0.076	365.000, 0.077	365.000, 0.131	365.000, 0.138	365.000, 0.133
366.000, 0.103	366.000, 0.089	366.000, 0.082	366.000, 0.076	366.000, 0.078	366.000, 0.132	366.000, 0.139	366.000, 0.134
367.000, 0.103	367.000, 0.088	367.000, 0.081	367.000, 0.076	367.000, 0.078	367.000, 0.132	367.000, 0.139	367.000, 0.134
368.000, 0.103	368.000, 0.087	368.000, 0.080	368.000, 0.076	368.000, 0.077	368.000, 0.133	368.000, 0.139	368.000, 0.134
369.000, 0.104	369.000, 0.088	369.000, 0.081	369.000, 0.077	369.000, 0.078	369.000, 0.133	369.000, 0.140	369.000, 0.135
370.000, 0.105	370.000, 0.089	370.000, 0.082	370.000, 0.077	370.000, 0.079	370.000, 0.134	370.000, 0.141	370.000, 0.136
371.000, 0.106	371.000, 0.090	371.000, 0.081	371.000, 0.077	371.000, 0.079	371.000, 0.136	371.000, 0.142	371.000, 0.138
372.000, 0.106	372.000, 0.089	372.000, 0.081	372.000, 0.077	372.000, 0.079	372.000, 0.137	372.000, 0.143	372.000, 0.139
373.000, 0.106	373.000, 0.089	373.000, 0.081	373.000, 0.077	373.000, 0.079	373.000, 0.137	373.000, 0.144	373.000, 0.139
374.000, 0.106	374.000, 0.090	374.000, 0.083	374.000, 0.077	374.000, 0.079	374.000, 0.138	374.000, 0.145	374.000, 0.140
375.000, 0.107	375.000, 0.091	375.000, 0.083	375.000, 0.078	375.000, 0.080	375.000, 0.139	375.000, 0.146	375.000, 0.141
376.000, 0.108	376.000, 0.092	376.000, 0.083	376.000, 0.078	376.000, 0.080	376.000, 0.139	376.000, 0.147	376.000, 0.142
377.000, 0.108	377.000, 0.092	377.000, 0.084	377.000, 0.078	377.000, 0.080	377.000, 0.141	377.000, 0.149	377.000, 0.144
378.000, 0.108	378.000, 0.092	378.000, 0.084	378.000, 0.078	378.000, 0.081	378.000, 0.143	378.000, 0.150	378.000, 0.145
379.000, 0.109	379.000, 0.092	379.000, 0.083	379.000, 0.078	379.000, 0.081	379.000, 0.143	379.000, 0.151	379.000, 0.145
380.000, 0.111	380.000, 0.093	380.000, 0.084	380.000, 0.080	380.000, 0.081	380.000, 0.144	380.000, 0.152	380.000, 0.147
381.000, 0.112	381.000, 0.094	381.000, 0.085	381.000, 0.081	381.000, 0.082	381.000, 0.145	381.000, 0.152	381.000, 0.148
382.000, 0.111	382.000, 0.094	382.000, 0.085	382.000, 0.080	382.000, 0.082	382.000, 0.146	382.000, 0.153	382.000, 0.148
383.000, 0.111	383.000, 0.095	383.000, 0.085	383.000, 0.080	383.000, 0.081	383.000, 0.147	383.000, 0.155	383.000, 0.149
384.000, 0.112	384.000, 0.095	384.000, 0.086	384.000, 0.081	384.000, 0.082	384.000, 0.148	384.000, 0.156	384.000, 0.151
385.000, 0.114	385.000, 0.096	385.000, 0.087	385.000, 0.082	385.000, 0.084	385.000, 0.149	385.000, 0.156	385.000, 0.152
386.000, 0.115	386.000, 0.097	386.000, 0.088	386.000, 0.082	386.000, 0.085	386.000, 0.150	386.000, 0.157	386.000, 0.153
387.000, 0.115	387.000, 0.097	387.000, 0.088	387.000, 0.082	387.000, 0.084	387.000, 0.152	387.000, 0.160	387.000, 0.155
388.000, 0.115	388.000, 0.097	388.000, 0.088	388.000, 0.082	388.000, 0.084	388.000, 0.153	388.000, 0.161	388.000, 0.156
389.000, 0.117	389.000, 0.098	389.000, 0.088	389.000, 0.082	389.000, 0.085	389.000, 0.154	389.000, 0.162	389.000, 0.157
390.000, 0.118	390.000, 0.099	390.000, 0.088	390.000, 0.083	390.000, 0.085	390.000, 0.155	390.000, 0.163	390.000, 0.158
391.000, 0.119	391.000, 0.100	391.000, 0.089	391.000, 0.084	391.000, 0.086	391.000, 0.156	391.000, 0.163	391.000, 0.159
392.000, 0.119	392.000, 0.100	392.000, 0.089	392.000, 0.085	392.000, 0.086	392.000, 0.157	392.000, 0.165	392.000, 0.160
393.000, 0.119	393.000, 0.099	393.000, 0.089	393.000, 0.084	393.000, 0.086	393.000, 0.158	393.000, 0.166	393.000, 0.161
394.000, 0.120	394.000, 0.100	394.000, 0.090	394.000, 0.085	394.000, 0.086	394.000, 0.160	394.000, 0.167	394.000, 0.162
395.000, 0.121	395.000, 0.101	395.000, 0.091	395.000, 0.086	395.000, 0.087	395.000, 0.161	395.000, 0.168	395.000, 0.163
396.000, 0.122	396.000, 0.102	396.000, 0.092	396.000, 0.087	396.000, 0.088	396.000, 0.162	396.000, 0.169	396.000, 0.165
397.000, 0.122	397.000, 0.103	397.000, 0.092	397.000, 0.087	397.000, 0.088	397.000, 0.163	397.000, 0.170	397.000, 0.166
398.000, 0.123	398.000, 0.103	398.000, 0.093	398.000, 0.087	398.000, 0.088	398.000, 0.165	398.000, 0.172	398.000, 0.167
399.000, 0.124	399.000, 0.103	399.000, 0.093	399.000, 0.087	399.000, 0.089	399.000, 0.166	399.000, 0.173	399.000, 0.168
400.000, 0.124	400.000, 0.103	400.000, 0.093	400.000, 0.087	400.000, 0.089	400.000, 0.166	400.000, 0.173	400.000, 0.169
401.000, 0.124	401.000, 0.103	401.000, 0.092	401.000, 0.087	401.000, 0.089	401.000, 0.166	401.000, 0.174	401.000, 0.170
402.000, 0.125	402.000, 0.103	402.000, 0.093	402.000, 0.087	402.000, 0.089	402.000, 0.167	402.000, 0.175	402.000, 0.170
403.000, 0.125	403.000, 0.104	403.000, 0.093	403.000, 0.087	403.000, 0.089	403.000, 0.168	403.000, 0.175	403.000, 0.171
404.000, 0.125	404.000, 0.104	404.000, 0.093	404.000, 0.088	404.000, 0.089	404.000, 0.170	404.000, 0.176	404.000, 0.172
405.000, 0.126	405.000, 0.105	405.000, 0.093	405.000, 0.088	405.000, 0.090	405.000, 0.170	405.000, 0.177	405.000, 0.173
406.000, 0.127	406.000, 0.105	406.000, 0.094	406.000, 0.089	406.000, 0.090	406.000, 0.171	406.000, 0.178	406.000, 0.174
407.000, 0.128	407.000, 0.106	407.000, 0.094	407.000, 0.089	407.000, 0.090	407.000, 0.172	407.000, 0.179	407.000, 0.175
408.000, 0.128	408.000, 0.106	408.000, 0.094	408.000, 0.089	408.000, 0.090	408.000, 0.173	408.000, 0.180	408.000, 0.176
409.000, 0.128	409.000, 0.106	409.000, 0.094	409.000, 0.088	409.000, 0.090	409.000, 0.174	409.000, 0.181	409.000, 0.177
410.000, 0.128	410.000, 0.106	410.000, 0.095	410.000, 0.089	410.000, 0.090	410.000, 0.175	410.000, 0.181	410.000, 0.177
411.000, 0.129	411.000, 0.107	411.000, 0.095	411.000, 0.089	411.000, 0.091	411.000, 0.176	411.000, 0.182	411.000, 0.178
412.000, 0.130	412.000, 0.107	412.000, 0.095	412.000, 0.089	412.000, 0.091	412.000, 0.177	412.000, 0.184	412.000, 0.179
413.000, 0.131	413.000, 0.107	413.000, 0.095	413.000, 0.089	413.000, 0.090	413.000, 0.178	413.000, 0.184	413.000, 0.180
414.000, 0.131	414.000, 0.107	414.000, 0.096	414.000, 0.089	414.000, 0.091	414.000, 0.179	414.000, 0.185	414.000, 0.181
415.000, 0.131	415.000, 0.108	415.000, 0.097	415.000, 0.090	415.000, 0.092	415.000, 0.180	415.000, 0.185	415.000, 0.182
416.000, 0.132	416.000, 0.109	416.000, 0.097	416.000, 0.091	416.000, 0.092	416.000, 0.181	416.000, 0.186	416.000, 0.182
417.000, 0.132	417.000, 0.109	417.000, 0.097	417.000, 0.091	417.000, 0.092	417.000, 0.182	417.000, 0.187	417.000, 0.183
418.000, 0.133	418.000, 0.109	418.000, 0.097	418.000, 0.091	418.000, 0.092	418.000, 0.183	418.000, 0.188	418.000, 0.184
419.000, 0.134	419.000, 0.110	419.000, 0.097	419.000, 0.091	419.000, 0.093	419.000, 0.184	419.000, 0.189	419.000, 0.185
420.000, 0.134	420.000, 0.110	420.000, 0.098	420.000, 0.091	420.000, 0.093	420.000, 0.185	420.000, 0.190	420.000, 0.186
421.000, 0.135	421.000, 0.110	421.000, 0.098	421.000, 0.092	421.000, 0.093	421.000, 0.186	421.000, 0.191	421.000, 0.187
422.000, 0.136	422.000, 0.110	422.000, 0.098	422.000, 0.092	422.000, 0.093	422.000, 0.187	422.000, 0.192	422.000, 0.188
423.000, 0.136	423.000, 0.111	423.000, 0.098	423.000, 0.092	423.000, 0.094	423.000, 0.188	423.000, 0.192	423.000, 0.189
424.000, 0.137	424.000, 0.111	424.000, 0.099	424.000, 0.093	424.000, 0.094	424.000, 0.189	424.000, 0.193	424.000, 0.190
425.000, 0.137	425.000, 0.112	425.000, 0.099	425.000, 0.093	425.000, 0.094	425.000, 0.190	425.000, 0.194	425.000, 0.191
426.000, 0.138	426.000, 0.112	426.000, 0.100	426.000, 0.093	426.000, 0.094	426.000, 0.191	426.000, 0.196	426.000, 0.192
427.000, 0.139	427.000, 0.113	427.000, 0.100	427.000, 0.094	427.000, 0.095	427.000, 0.192	427.000, 0.196	427.000, 0.193
428.000, 0.140	428.000, 0.114	428.000, 0.101	428.000, 0.094	428.000, 0.095	428.000, 0.193	428.000, 0.197	428.000, 0.194
429.000, 0.140	429.000, 0.114	429.000, 0.101	429.000, 0.094	429.000, 0.096	429.000, 0.194	429.000, 0.198	429.000, 0.195
430.000, 0.141	430.000, 0.114	430.000, 0.101	430.000, 0.095	430.000, 0.096	430.000, 0.195	430.000, 0.199	430.000, 0.196
431.000, 0.142	431.000, 0.114	431.000, 0.102	431.000, 0.095	431.000, 0.096	431.000, 0.196	431.000, 0.200	431.000, 0.197
432.000, 0.142	432.000, 0.115	432.000, 0.102	432.000, 0.095	432.000, 0.097	432.000, 0.197	432.000, 0.201	432.000, 0.199
433.000, 0.143	433.000, 0.116	433.000, 0.103	433.000, 0.096	433.000, 0.097	433.000, 0.199	433.000, 0.202	433.000, 0.200
434.000, 0.144	434.000, 0.116	434.000, 0.103	434.000, 0.096	434.000, 0.098	434.000, 0.200	434.000, 0.204	434.000, 0.201
435.000, 0.144	435.000, 0.116	435.000, 0.104	435.000, 0.096	435.000, 0.098	435.000, 0.201	435.000, 0.205	435.000, 0.202
436.000, 0.145	436.000, 0.117	436.000, 0.104	436.000, 0.096	436.000, 0.098	436.000, 0.202	436.000, 0.206	436.000, 0.203
437.000, 0.146	437.000, 0.117	437.000, 0.105	437.000, 0.097	437.000, 0.098	437.000, 0.203	437.000, 0.207	437.000, 0.204
438.000, 0.147	438.000, 0.118	438.000, 0.105	438.000, 0.097	438.000, 0.099	438.000, 0.204	438.000, 0.208	438.000, 0.205
439.000, 0.148	439.000, 0.118	439.000, 0.105	439.000, 0.098	439.000, 0.099	439.000, 0.205	439.000, 0.208	439.000, 0.206
440.000, 0.149	440.000, 0.119	440.000, 0.105	440.000, 0.098	440.000, 0.099	440.000, 0.206	440.000, 0.209	440.000, 0.207
441.000, 0.149	441.000, 0.119	441.000, 0.106	441.000, 0.098	441.000, 0.099	441.000, 0.207	441.000, 0.210	441.000, 0.208
442.000, 0.150	442.000, 0.119	442.000, 0.106	442.000, 0.099	442.000, 0.099	442.000, 0.208	442.000, 0.211	442.000, 0.209
443.000, 0.151	443.000, 0.120	443.000, 0.107	443.000, 0.099	443.000, 0.100	443.000, 0.209	443.000, 0.212	443.000, 0.210
444.000, 0.151	444.000, 0.120	444.000, 0.107	444.000, 0.099	444.000, 0.100	444.000, 0.210	444.000, 0.213	444.000, 0.211
445.000, 0.152	445.000, 0.120	445.000, 0.107	445.000, 0.099	445.000, 0.100	445.000, 0.211	445.000, 0.214	445.000, 0.212
446.000, 0.152	446.000, 0.121	446.000, 0.107	446.000, 0.099	446.000, 0.101	446.000, 0.212	446.000, 0.214	446.000, 0.213
447.000, 0.153	447.000, 0.121	447.000, 0.108	447.000, 0.100	447.000, 0.101	447.000, 0.213	447.000, 0.215	447.000, 0.214
448.000, 0.153	448.000, 0.121	448.000, 0.108	448.000, 0.100	448.000, 0.101	448.000, 0.213	448.000, 0.216	448.000, 0.214
449.000, 0.153	449.000, 0.121	449.000, 0.108	449.000, 0.100	449.000, 0.101	449.000, 0.215	449.000, 0.216	449.000, 0.215
450.000, 0.154	450.000, 0.122	450.000, 0.108	450.000, 0.100	450.000, 0.101	450.000, 0.216	450.000, 0.217	450.000, 0.216
451.000, 0.154	451.000, 0.122	451.000, 0.108	451.000, 0.100	451.000, 0.102	451.000, 0.216	451.000, 0.218	451.000, 0.217
452.000, 0.155	452.000, 0.122	452.000, 0.108	452.000, 0.100	452.000, 0.101	452.000, 0.216	452.000, 0.218	452.000, 0.217
453.000, 0.155	453.000, 0.122	453.000, 0.108	453.000, 0.100	453.000, 0.101	453.000, 0.217	453.000, 0.219	453.000, 0.217
454.000, 0.155	454.000, 0.122	454.000, 0.108	454.000, 0.100	454.000, 0.101	454.000, 0.218	454.000, 0.219	454.000, 0.218
455.000, 0.155	455.000, 0.123	455.000, 0.109	455.000, 0.100	455.000, 0.102	455.000, 0.219	455.000, 0.220	455.000, 0.219
456.000, 0.156	456.000, 0.123	456.000, 0.109	456.000, 0.100	456.000, 0.102	456.000, 0.220	456.000, 0.221	456.000, 0.220
457.000, 0.156	457.000, 0.123	457.000, 0.109	457.000, 0.100	457.000, 0.101	457.000, 0.220	457.000, 0.221	457.000, 0.220
458.000, 0.156	458.000, 0.123	458.000, 0.109	458.000, 0.100	458.000, 0.101	458.000, 0.221	458.000, 0.222	458.000, 0.221
459.000, 0.157	459.000, 0.123	459.000, 0.109	459.000, 0.100	459.000, 0.101	459.000, 0.221	459.000, 0.222	459.000, 0.221
460.000, 0.157	460.000, 0.123	460.000, 0.109	460.000, 0.100	460.000, 0.101	460.000, 0.222	460.000, 0.222	460.000, 0.221
461.000, 0.157	461.000, 0.123	461.000, 0.109	461.000, 0.100	461.000, 0.101	461.000, 0.222	461.000, 0.223	461.000, 0.222
462.000, 0.157	462.000, 0.123	462.000, 0.108	462.000, 0.100	462.000, 0.101	462.000, 0.223	462.000, 0.223	462.000, 0.222
463.000, 0.157	463.000, 0.123	463.000, 0.108	463.000, 0.099	463.000, 0.101	463.000, 0.223	463.000, 0.224	463.000, 0.223
464.000, 0.157	464.000, 0.124	464.000, 0.108	464.000, 0.100	464.000, 0.101	464.000, 0.224	464.000, 0.224	464.000, 0.223
465.000, 0.158	465.000, 0.124	465.000, 0.108	465.000, 0.100	465.000, 0.101	465.000, 0.225	465.000, 0.225	465.000, 0.224
466.000, 0.158	466.000, 0.124	466.000, 0.109	466.000, 0.100	466.000, 0.101	466.000, 0.225	466.000, 0.225	466.000, 0.224
467.000, 0.158	467.000, 0.124	467.000, 0.109	467.000, 0.100	467.000, 0.101	467.000, 0.226	467.000, 0.226	467.000, 0.225
468.000, 0.158	468.000, 0.124	468.000, 0.109	468.000, 0.100	468.000, 0.101	468.000, 0.226	468.000, 0.226	468.000, 0.225
469.000, 0.159	469.000, 0.124	469.000, 0.109	469.000, 0.100	469.000, 0.101	469.000, 0.227	469.000, 0.227	469.000, 0.226
470.000, 0.159	470.000, 0.124	470.000, 0.109	470.000, 0.100	470.000, 0.101	470.000, 0.228	470.000, 0.227	470.000, 0.226
471.000, 0.159	471.000, 0.125	471.000, 0.109	471.000, 0.100	471.000, 0.101	471.000, 0.228	471.000, 0.228	471.000, 0.227
472.000, 0.160	472.000, 0.125	472.000, 0.109	472.000, 0.100	472.000, 0.101	472.000, 0.229	472.000, 0.229	472.000, 0.228
473.000, 0.160	473.000, 0.125	473.000, 0.109	473.000, 0.100	473.000, 0.101	473.000, 0.230	473.000, 0.229	473.000, 0.228
474.000, 0.160	474.000, 0.125	474.000, 0.109	474.000, 0.100	474.000, 0.101	474.000, 0.230	474.000, 0.229	474.000, 0.228
475.000, 0.160	475.000, 0.125	475.000, 0.109	475.000, 0.100	475.000, 0.101	475.000, 0.231	475.000, 0.230	475.000, 0.229
476.000, 0.160	476.000, 0.126	476.000, 0.109	476.000, 0.100	476.000, 0.101	476.000, 0.232	476.000, 0.230	476.000, 0.230
477.000, 0.161	477.000, 0.126	477.000, 0.109	477.000, 0.100	477.000, 0.101	477.000, 0.232	477.000, 0.231	477.000, 0.231
478.000, 0.161	478.000, 0.126	478.000, 0.109	478.000, 0.100	478.000, 0.101	478.000, 0.233	478.000, 0.232	478.000, 0.231
479.000, 0.161	479.000, 0.126	479.000, 0.109	479.000, 0.100	479.000, 0.101	479.000, 0.234	479.000, 0.232	479.000, 0.231
480.000, 0.161	480.000, 0.126	480.000, 0.109	480.000, 0.100	480.000, 0.101	480.000, 0.235	480.000, 0.233	480.000, 0.232
481.000, 0.162	481.000, 0.127	481.000, 0.110	481.000, 0.100	481.000, 0.102	481.000, 0.235	481.000, 0.233	481.000, 0.233
482.000, 0.162	482.000, 0.127	482.000, 0.109	482.000, 0.100	482.000, 0.102	482.000, 0.235	482.000, 0.234	482.000, 0.233
483.000, 0.162	483.000, 0.127	483.000, 0.110	483.000, 0.100	483.000, 0.101	483.000, 0.236	483.000, 0.235	483.000, 0.234
484.000, 0.163	484.000, 0.127	484.000, 0.110	484.000, 0.100	484.000, 0.101	484.000, 0.238	484.000, 0.236	484.000, 0.235
485.000, 0.163	485.000, 0.128	485.000, 0.110	485.000, 0.101	485.000, 0.102	485.000, 0.239	485.000, 0.237	485.000, 0.236
486.000, 0.163	486.000, 0.128	486.000, 0.111	486.000, 0.101	486.000, 0.102	486.000, 0.239	486.000, 0.237	486.000, 0.237
487.000, 0.164	487.000, 0.128	487.000, 0.111	487.000, 0.101	487.000, 0.103	487.000, 0.240	487.000, 0.238	487.000, 0.237
488.000, 0.165	488.000, 0.128	488.000, 0.111	488.000, 0.101	488.000, 0.102	488.000, 0.241	488.000, 0.239	488.000, 0.239
489.000, 0.165	489.000, 0.129	489.000, 0.111	489.000, 0.101	489.000, 0.102	489.000, 0.242	489.000, 0.240	489.000, 0.240
490.000, 0.166	490.000, 0.129	490.000, 0.111	490.000, 0.101	490.000, 0.103	490.000, 0.243	490.000, 0.241	490.000, 0.241
491.000, 0.167	491.000, 0.130	491.000, 0.112	491.000, 0.102	491.000, 0.103	491.000, 0.244	491.000, 0.242	491.000, 0.241
492.000, 0.167	492.000, 0.130	492.000, 0.112	492.000, 0.102	492.000, 0.103	492.000, 0.245	492.000, 0.243	492.000, 0.242
493.000, 0.168	493.000, 0.131	493.000, 0.112	493.000, 0.102	493.000, 0.103	493.000, 0.246	493.000, 0.244	493.000, 0.243
494.000, 0.168	494.000, 0.131	494.000, 0.112	494.000, 0.102	494.000, 0.104	494.000, 0.247	494.000, 0.244	494.000, 0.244
495.000, 0.169	495.000, 0.131	495.000, 0.113	495.000, 0.102	495.000, 0.104	495.000, 0.248	495.000, 0.245	495.000, 0.245
496.000, 0.170	496.000, 0.132	496.000, 0.113	496.000, 0.103	496.000, 0.104	496.000, 0.250	496.000, 0.246	496.000, 0.246
497.000, 0.170	497.000, 0.132	497.000, 0.114	497.000, 0.103	497.000, 0.104	497.000, 0.251	497.000, 0.247	497.000, 0.247
498.000, 0.171	498.000, 0.132	498.000, 0.114	498.000, 0.103	498.000, 0.105	498.000, 0.252	498.000, 0.248	498.000, 0.248
499.000, 0.172	499.000, 0.133	499.000, 0.114	499.000, 0.103	499.000, 0.105	499.000, 0.253	499.000, 0.249	499.000, 0.249
500.000, 0.172	500.000, 0.133	500.000, 0.115	500.000, 0.104	500.000, 0.105	500.000, 0.254	500.000, 0.249	500.000, 0.250
501.000, 0.173	501.000, 0.134	501.000, 0.115	501.000, 0.104	501.000, 0.106	501.000, 0.255	501.000, 0.251	501.000, 0.251
502.000, 0.174	502.000, 0.134	502.000, 0.115	502.000, 0.104	502.000, 0.106	502.000, 0.257	502.000, 0.252	502.000, 0.252
503.000, 0.175	503.000, 0.134	503.000, 0.115	503.000, 0.105	503.000, 0.106	503.000, 0.258	503.000, 0.253	503.000, 0.253
504.000, 0.175	504.000, 0.135	504.000, 0.116	504.000, 0.105	504.000, 0.106	504.000, 0.259	504.000, 0.253	504.000, 0.254
505.000, 0.176	505.000, 0.135	505.000, 0.116	505.000, 0.105	505.000, 0.106	505.000, 0.260	505.000, 0.254	505.000, 0.255
506.000, 0.177	506.000, 0.136	506.000, 0.117	506.000, 0.105	506.000, 0.107	506.000, 0.262	506.000, 0.255	506.000, 0.256
507.000, 0.177	507.000, 0.136	507.000, 0.117	507.000, 0.106	507.000, 0.107	507.000, 0.263	507.000, 0.257	507.000, 0.258
508.000, 0.178	508.000, 0.136	508.000, 0.117	508.000, 0.106	508.000, 0.107	508.000, 0.264	508.000, 0.258	508.000, 0.258
509.000, 0.179	509.000, 0.137	509.000, 0.118	509.000, 0.106	509.000, 0.108	509.000, 0.265	509.000, 0.258	509.000, 0.259
510.000, 0.180	510.000, 0.138	510.000, 0.119	510.000, 0.107	510.000, 0.108	510.000, 0.267	510.000, 0.259	510.000, 0.260
511.000, 0.181	511.000, 0.138	511.000, 0.119	511.000, 0.107	511.000, 0.109	511.000, 0.268	511.000, 0.260	511.000, 0.261
512.000, 0.181	512.000, 0.138	512.000, 0.119	512.000, 0.108	512.000, 0.109	512.000, 0.269	512.000, 0.261	512.000, 0.262
513.000, 0.182	513.000, 0.139	513.000, 0.120	513.000, 0.107	513.000, 0.109	513.000, 0.271	513.000, 0.262	513.000, 0.264
514.000, 0.183	514.000, 0.139	514.000, 0.120	514.000, 0.108	514.000, 0.110	514.000, 0.272	514.000, 0.263	514.000, 0.265
515.000, 0.184	515.000, 0.140	515.000, 0.120	515.000, 0.108	515.000, 0.110	515.000, 0.274	515.000, 0.264	515.000, 0.265
516.000, 0.184	516.000, 0.140	516.000, 0.121	516.000, 0.109	516.000, 0.110	516.000, 0.275	516.000, 0.265	516.000, 0.267
517.000, 0.185	517.000, 0.141	517.000, 0.122	517.000, 0.109	517.000, 0.111	517.000, 0.277	517.000, 0.266	517.000, 0.268
518.000, 0.186	518.000, 0.141	518.000, 0.122	518.000, 0.110	518.000, 0.111	518.000, 0.279	518.000, 0.267	518.000, 0.269
519.000, 0.187	519.000, 0.142	519.000, 0.123	519.000, 0.110	519.000, 0.112	519.000, 0.280	519.000, 0.268	519.000, 0.270
520.000, 0.188	520.000, 0.143	520.000, 0.123	520.000, 0.111	520.000, 0.112	520.000, 0.281	520.000, 0.269	520.000, 0.271
521.000, 0.189	521.000, 0.143	521.000, 0.124	521.000, 0.111	521.000, 0.113	521.000, 0.283	521.000, 0.271	521.000, 0.273
522.000, 0.190	522.000, 0.144	522.000, 0.125	522.000, 0.112	522.000, 0.113	522.000, 0.285	522.000, 0.272	522.000, 0.274
523.000, 0.190	523.000, 0.144	523.000, 0.125	523.000, 0.112	523.000, 0.114	523.000, 0.287	523.000, 0.273	523.000, 0.275
524.000, 0.191	524.000, 0.144	524.000, 0.126	524.000, 0.112	524.000, 0.114	524.000, 0.288	524.000, 0.274	524.000, 0.276
525.000, 0.192	525.000, 0.145	525.000, 0.126	525.000, 0.113	525.000, 0.115	525.000, 0.290	525.000, 0.275	525.000, 0.277
526.000, 0.193	526.000, 0.146	526.000, 0.127	526.000, 0.113	526.000, 0.115	526.000, 0.291	526.000, 0.276	526.000, 0.278
527.000, 0.194	527.000, 0.146	527.000, 0.127	527.000, 0.114	527.000, 0.116	527.000, 0.293	527.000, 0.277	527.000, 0.280
528.000, 0.195	528.000, 0.147	528.000, 0.128	528.000, 0.114	528.000, 0.116	528.000, 0.294	528.000, 0.278	528.000, 0.281
529.000, 0.196	529.000, 0.147	529.000, 0.129	529.000, 0.115	529.000, 0.117	529.000, 0.296	529.000, 0.279	529.000, 0.281
530.000, 0.197	530.000, 0.148	530.000, 0.129	530.000, 0.115	530.000, 0.117	530.000, 0.297	530.000, 0.280	530.000, 0.283
531.000, 0.198	531.000, 0.148	531.000, 0.130	531.000, 0.116	531.000, 0.117	531.000, 0.299	531.000, 0.281	531.000, 0.284
532.000, 0.199	532.000, 0.149	532.000, 0.130	532.000, 0.116	532.000, 0.118	532.000, 0.300	532.000, 0.282	532.000, 0.285
533.000, 0.200	533.000, 0.149	533.000, 0.131	533.000, 0.117	533.000, 0.118	533.000, 0.301	533.000, 0.283	533.000, 0.286
534.000, 0.201	534.000, 0.150	534.000, 0.132	534.000, 0.117	534.000, 0.119	534.000, 0.303	534.000, 0.284	534.000, 0.287
535.000, 0.202	535.000, 0.151	535.000, 0.132	535.000, 0.118	535.000, 0.120	535.000, 0.304	535.000, 0.285	535.000, 0.289
536.000, 0.203	536.000, 0.151	536.000, 0.133	536.000, 0.118	536.000, 0.120	536.000, 0.306	536.000, 0.286	536.000, 0.290
537.000, 0.204	537.000, 0.151	537.000, 0.133	537.000, 0.118	537.000, 0.120	537.000, 0.307	537.000, 0.287	537.000, 0.291
538.000, 0.205	538.000, 0.152	538.000, 0.134	538.000, 0.119	538.000, 0.121	538.000, 0.308	538.000, 0.289	538.000, 0.292
539.000, 0.206	539.000, 0.153	539.000, 0.135	539.000, 0.120	539.000, 0.121	539.000, 0.310	539.000, 0.290	539.000, 0.293
540.000, 0.207	540.000, 0.153	540.000, 0.135	540.000, 0.120	540.000, 0.122	540.000, 0.311	540.000, 0.291	540.000, 0.294
541.000, 0.208	541.000, 0.154	541.000, 0.136	541.000, 0.120	541.000, 0.122	541.000, 0.312	541.000, 0.292	541.000, 0.296
542.000, 0.208	542.000, 0.154	542.000, 0.137	542.000, 0.121	542.000, 0.123	542.000, 0.314	542.000, 0.293	542.000, 0.297
543.000, 0.209	543.000, 0.155	543.000, 0.137	543.000, 0.121	543.000, 0.123	543.000, 0.315	543.000, 0.294	543.000, 0.298
544.000, 0.210	544.000, 0.155	544.000, 0.138	544.000, 0.122	544.000, 0.124	544.000, 0.316	544.000, 0.295	544.000, 0.299
545.000, 0.211	545.000, 0.156	545.000, 0.138	545.000, 0.122	545.000, 0.124	545.000, 0.318	545.000, 0.296	545.000, 0.300
546.000, 0.212	546.000, 0.157	546.000, 0.139	546.000, 0.123	546.000, 0.125	546.000, 0.319	546.000, 0.297	546.000, 0.302
547.000, 0.213	547.000, 0.157	547.000, 0.140	547.000, 0.123	547.000, 0.126	547.000, 0.320	547.000, 0.298	547.000, 0.303
548.000, 0.214	548.000, 0.158	548.000, 0.141	548.000, 0.124	548.000, 0.126	548.000, 0.322	548.000, 0.299	548.000, 0.304
549.000, 0.215	549.000, 0.158	549.000, 0.141	549.000, 0.124	549.000, 0.127	549.000, 0.323	549.000, 0.301	549.000, 0.305
550.000, 0.216	550.000, 0.159	550.000, 0.142	550.000, 0.125	550.000, 0.127	550.000, 0.324	550.000, 0.302	550.000, 0.307
551.000, 0.217	551.000, 0.159	551.000, 0.142	551.000, 0.125	551.000, 0.127	551.000, 0.325	551.000, 0.303	551.000, 0.308
552.000, 0.218	552.000, 0.160	552.000, 0.143	552.000, 0.126	552.000, 0.128	552.000, 0.327	552.000, 0.304	552.000, 0.309
553.000, 0.219	553.000, 0.161	553.000, 0.143	553.000, 0.126	553.000, 0.129	553.000, 0.328	553.000, 0.305	553.000, 0.310
554.000, 0.220	554.000, 0.161	554.000, 0.144	554.000, 0.127	554.000, 0.129	554.000, 0.329	554.000, 0.306	554.000, 0.312
555.000, 0.221	555.000, 0.162	555.000, 0.145	555.000, 0.127	555.000, 0.129	555.000, 0.331	555.000, 0.308	555.000, 0.313
556.000, 0.222	556.000, 0.162	556.000, 0.145	556.000, 0.128	556.000, 0.130	556.000, 0.332	556.000, 0.309	556.000, 0.315
557.000, 0.223	557.000, 0.163	557.000, 0.146	557.000, 0.128	557.000, 0.131	557.000, 0.333	557.000, 0.310	557.000, 0.316
558.000, 0.224	558.000, 0.164	558.000, 0.147	558.000, 0.129	558.000, 0.131	558.000, 0.334	558.000, 0.311	558.000, 0.317
559.000, 0.225	559.000, 0.164	559.000, 0.147	559.000, 0.129	559.000, 0.131	559.000, 0.336	559.000, 0.313	559.000, 0.318
560.000, 0.225	560.000, 0.165	560.000, 0.148	560.000, 0.130	560.000, 0.132	560.000, 0.337	560.000, 0.314	560.000, 0.320
561.000, 0.226	561.000, 0.165	561.000, 0.148	561.000, 0.130	561.000, 0.132	561.000, 0.338	561.000, 0.315	561.000, 0.321
562.000, 0.227	562.000, 0.166	562.000, 0.149	562.000, 0.130	562.000, 0.132	562.000, 0.339	562.000, 0.316	562.000, 0.322
563.000, 0.228	563.000, 0.166	563.000, 0.149	563.000, 0.131	563.000, 0.133	563.000, 0.340	563.000, 0.317	563.000, 0.323
564.000, 0.229	564.000, 0.167	564.000, 0.150	564.000, 0.131	564.000, 0.133	564.000, 0.341	564.000, 0.318	564.000, 0.325
565.000, 0.230	565.000, 0.167	565.000, 0.150	565.000, 0.131	565.000, 0.133	565.000, 0.342	565.000, 0.319	565.000, 0.326
566.000, 0.230	566.000, 0.167	566.000, 0.150	566.000, 0.131	566.000, 0.133	566.000, 0.343	566.000, 0.320	566.000, 0.327
567.000, 0.231	567.000, 0.168	567.000, 0.151	567.000, 0.132	567.000, 0.134	567.000, 0.344	567.000, 0.321	567.000, 0.328
568.000, 0.232	568.000, 0.168	568.000, 0.151	568.000, 0.132	568.000, 0.134	568.000, 0.345	568.000, 0.322	568.000, 0.329
569.000, 0.232	569.000, 0.168	569.000, 0.151	569.000, 0.131	569.000, 0.134	569.000, 0.346	569.000, 0.323	569.000, 0.330
570.000, 0.233	570.000, 0.169	570.000, 0.151	570.000, 0.132	570.000, 0.134	570.000, 0.347	570.000, 0.324	570.000, 0.331
571.000, 0.233	571.000, 0.169	571.000, 0.152	571.000, 0.132	571.000, 0.135	571.000, 0.347	571.000, 0.325	571.000, 0.332
572.000, 0.234	572.000, 0.169	572.000, 0.152	572.000, 0.132	572.000, 0.135	572.000, 0.348	572.000, 0.326	572.000, 0.333
573.000, 0.234	573.000, 0.170	573.000, 0.152	573.000, 0.132	573.000, 0.135	573.000, 0.349	573.000, 0.327	573.000, 0.334
574.000, 0.235	574.000, 0.170	574.000, 0.152	574.000, 0.132	574.000, 0.135	574.000, 0.350	574.000, 0.328	574.000, 0.335
575.000, 0.235	575.000, 0.170	575.000, 0.152	575.000, 0.133	575.000, 0.135	575.000, 0.350	575.000, 0.329	575.000, 0.336
576.000, 0.236	576.000, 0.171	576.000, 0.152	576.000, 0.133	576.000, 0.135	576.000, 0.351	576.000, 0.329	576.000, 0.337
577.000, 0.236	577.000, 0.171	577.000, 0.152	577.000, 0.132	577.000, 0.135	577.000, 0.352	577.000, 0.330	577.000, 0.338
578.000, 0.237	578.000, 0.171	578.000, 0.153	578.000, 0.133	578.000, 0.135	578.000, 0.353	578.000, 0.331	578.000, 0.338
579.000, 0.237	579.000, 0.171	579.000, 0.153	579.000, 0.133	579.000, 0.135	579.000, 0.353	579.000, 0.331	579.000, 0.339
580.000, 0.237	580.000, 0.171	580.000, 0.153	580.000, 0.133	580.000, 0.135	580.000, 0.354	580.000, 0.332	580.000, 0.340
581.000, 0.238	581.000, 0.172	581.000, 0.153	581.000, 0.133	581.000, 0.136	581.000, 0.354	581.000, 0.332	581.000, 0.340
582.000, 0.238	582.000, 0.172	582.000, 0.153	582.000, 0.133	582.000, 0.136	582.000, 0.355	582.000, 0.333	582.000, 0.341
583.000, 0.238	583.000, 0.172	583.000, 0.153	583.000, 0.133	583.000, 0.135	583.000, 0.355	583.000, 0.333	583.000, 0.342
584.000, 0.239	584.000, 0.172	584.000, 0.153	584.000, 0.133	584.000, 0.135	584.000, 0.356	584.000, 0.334	584.000, 0.342
585.000, 0.239	585.000, 0.172	585.000, 0.154	585.000, 0.133	585.000, 0.135	585.000, 0.357	585.000, 0.335	585.000, 0.343
586.000, 0.239	586.000, 0.173	586.000, 0.154	586.000, 0.133	586.000, 0.136	586.000, 0.358	586.000, 0.335	586.000, 0.343
587.000, 0.240	587.000, 0.173	587.000, 0.154	587.000, 0.133	587.000, 0.136	587.000, 0.358	587.000, 0.336	587.000, 0.344
588.000, 0.240	588.000, 0.173	588.000, 0.154	588.000, 0.133	588.000, 0.136	588.000, 0.358	588.000, 0.336	588.000, 0.344
589.000, 0.241	589.000, 0.173	589.000, 0.153	589.000, 0.133	589.000, 0.136	589.000, 0.359	589.000, 0.337	589.000, 0.345
590.000, 0.241	590.000, 0.173	590.000, 0.153	590.000, 0.133	590.000, 0.136	590.000, 0.359	590.000, 0.337	590.000, 0.345
591.000, 0.241	591.000, 0.173	591.000, 0.153	591.000, 0.133	591.000, 0.136	591.000, 0.360	591.000, 0.337	591.000, 0.344
592.000, 0.242	592.000, 0.173	592.000, 0.153	592.000, 0.133	592.000, 0.136	592.000, 0.360	592.000, 0.338	592.000, 0.345
593.000, 0.242	593.000, 0.173	593.000, 0.153	593.000, 0.133	593.000, 0.136	593.000, 0.361	593.000, 0.339	593.000, 0.346
594.000, 0.242	594.000, 0.174	594.000, 0.153	594.000, 0.133	594.000, 0.136	594.000, 0.362	594.000, 0.339	594.000, 0.347
595.000, 0.242	595.000, 0.174	595.000, 0.153	595.000, 0.133	595.000, 0.135	595.000, 0.363	595.000, 0.340	595.000, 0.347
596.000, 0.242	596.000, 0.174	596.000, 0.153	596.000, 0.132	596.000, 0.135	596.000, 0.363	596.000, 0.340	596.000, 0.348
597.000, 0.242	597.000, 0.174	597.000, 0.154	597.000, 0.133	597.000, 0.135	597.000, 0.363	597.000, 0.340	597.000, 0.348
598.000, 0.241	598.000, 0.174	598.000, 0.154	598.000, 0.133	598.000, 0.135	598.000, 0.363	598.000, 0.340	598.000, 0.348
599.000, 0.241	599.000, 0.174	599.000, 0.154	599.000, 0.133	599.000, 0.135	599.000, 0.363	599.000, 0.340	599.000, 0.349
600.000, 0.241	600.000, 0.174	600.000, 0.154	600.000, 0.133	600.000, 0.135	600.000, 0.364	600.000, 0.341	600.000, 0.349
601.000, 0.241	601.000, 0.174	601.000, 0.154	601.000, 0.133	601.000, 0.135	601.000, 0.365	601.000, 0.341	601.000, 0.350
602.000, 0.241	602.000, 0.174	602.000, 0.154	602.000, 0.133	602.000, 0.135	602.000, 0.365	602.000, 0.341	602.000, 0.350
603.000, 0.241	603.000, 0.174	603.000, 0.154	603.000, 0.133	603.000, 0.136	603.000, 0.366	603.000, 0.341	603.000, 0.350
604.000, 0.242	604.000, 0.174	604.000, 0.154	604.000, 0.133	604.000, 0.135	604.000, 0.366	604.000, 0.341	604.000, 0.351
605.000, 0.242	605.000, 0.174	605.000, 0.153	605.000, 0.132	605.000, 0.135	605.000, 0.367	605.000, 0.342	605.000, 0.351
606.000, 0.242	606.000, 0.174	606.000, 0.153	606.000, 0.132	606.000, 0.134	606.000, 0.367	606.000, 0.342	606.000, 0.352
607.000, 0.242	607.000, 0.174	607.000, 0.154	607.000, 0.132	607.000, 0.135	607.000, 0.368	607.000, 0.342	607.000, 0.352
608.000, 0.243	608.000, 0.174	608.000, 0.153	608.000, 0.132	608.000, 0.135	608.000, 0.368	608.000, 0.342	608.000, 0.352
609.000, 0.243	609.000, 0.174	609.000, 0.153	609.000, 0.132	609.000, 0.135	609.000, 0.368	609.000, 0.343	609.000, 0.352
610.000, 0.243	610.000, 0.175	610.000, 0.154	610.000, 0.132	610.000, 0.135	610.000, 0.369	610.000, 0.343	610.000, 0.352
611.000, 0.243	611.000, 0.175	611.000, 0.154	611.000, 0.132	611.000, 0.135	611.000, 0.369	611.000, 0.344	611.000, 0.352
612.000, 0.243	612.000, 0.175	612.000, 0.153	612.000, 0.132	612.000, 0.134	612.000, 0.370	612.000, 0.344	612.000, 0.353
613.000, 0.243	613.000, 0.175	613.000, 0.153	613.000, 0.132	613.000, 0.135	613.000, 0.369	613.000, 0.344	613.000, 0.353
614.000, 0.243	614.000, 0.175	614.000, 0.153	614.000, 0.132	614.000, 0.134	614.000, 0.370	614.000, 0.343	614.000, 0.353
615.000, 0.243	615.000, 0.175	615.000, 0.153	615.000, 0.132	615.000, 0.134	615.000, 0.370	615.000, 0.343	615.000, 0.353
616.000, 0.244	616.000, 0.175	616.000, 0.153	616.000, 0.132	616.000, 0.134	616.000, 0.370	616.000, 0.344	616.000, 0.353
617.000, 0.244	617.000, 0.174	617.000, 0.152	617.000, 0.131	617.000, 0.134	617.000, 0.370	617.000, 0.344	617.000, 0.353
618.000, 0.244	618.000, 0.174	618.000, 0.152	618.000, 0.131	618.000, 0.134	618.000, 0.371	618.000, 0.344	618.000, 0.353
619.000, 0.243	619.000, 0.175	619.000, 0.153	619.000, 0.131	619.000, 0.134	619.000, 0.372	619.000, 0.345	619.000, 0.354
620.000, 0.243	620.000, 0.175	620.000, 0.152	620.000, 0.131	620.000, 0.133	620.000, 0.372	620.000, 0.345	620.000, 0.355
621.000, 0.243	621.000, 0.174	621.000, 0.152	621.000, 0.130	621.000, 0.133	621.000, 0.373	621.000, 0.345	621.000, 0.354
622.000, 0.243	622.000, 0.174	622.000, 0.152	622.000, 0.130	622.000, 0.133	622.000, 0.373	622.000, 0.346	622.000, 0.355
623.000, 0.243	623.000, 0.175	623.000, 0.152	623.000, 0.130	623.000, 0.133	623.000, 0.374	623.000, 0.346	623.000, 0.355
624.000, 0.244	624.000, 0.174	624.000, 0.152	624.000, 0.130	624.000, 0.133	624.000, 0.374	624.000, 0.345	624.000, 0.355
625.000, 0.244	625.000, 0.174	625.000, 0.152	625.000, 0.130	625.000, 0.133	625.000, 0.375	625.000, 0.346	625.000, 0.355
626.000, 0.244	626.000, 0.174	626.000, 0.152	626.000, 0.130	626.000, 0.133	626.000, 0.375	626.000, 0.346	626.000, 0.355
627.000, 0.244	627.000, 0.175	627.000, 0.152	627.000, 0.130	627.000, 0.133	627.000, 0.375	627.000, 0.346	627.000, 0.355
628.000, 0.244	628.000, 0.175	628.000, 0.151	628.000, 0.130	628.000, 0.132	628.000, 0.376	628.000, 0.347	628.000, 0.355
629.000, 0.244	629.000, 0.175	629.000, 0.151	629.000, 0.130	629.000, 0.132	629.000, 0.377	629.000, 0.347	629.000, 0.356
630.000, 0.244	630.000, 0.175	630.000, 0.151	630.000, 0.129	630.000, 0.132	630.000, 0.378	630.000, 0.347	630.000, 0.356
631.000, 0.244	631.000, 0.175	631.000, 0.151	631.000, 0.129	631.000, 0.132	631.000, 0.377	631.000, 0.347	631.000, 0.356
632.000, 0.244	632.000, 0.175	632.000, 0.151	632.000, 0.129	632.000, 0.132	632.000, 0.377	632.000, 0.348	632.000, 0.357
633.000, 0.244	633.000, 0.175	633.000, 0.151	633.000, 0.129	633.000, 0.132	633.000, 0.378	633.000, 0.348	633.000, 0.357
634.000, 0.244	634.000, 0.175	634.000, 0.151	634.000, 0.129	634.000, 0.132	634.000, 0.378	634.000, 0.348	634.000, 0.357
635.000, 0.244	635.000, 0.175	635.000, 0.151	635.000, 0.129	635.000, 0.132	635.000, 0.378	635.000, 0.348	635.000, 0.357
636.000, 0.244	636.000, 0.175	636.000, 0.151	636.000, 0.129	636.000, 0.132	636.000, 0.379	636.000, 0.348	636.000, 0.357
637.000, 0.245	637.000, 0.175	637.000, 0.151	637.000, 0.129	637.000, 0.131	637.000, 0.380	637.000, 0.349	637.000, 0.358
638.000, 0.245	638.000, 0.175	638.000, 0.151	638.000, 0.129	638.000, 0.132	638.000, 0.380	638.000, 0.348	638.000, 0.358
639.000, 0.245	639.000, 0.175	639.000, 0.151	639.000, 0.130	639.000, 0.132	639.000, 0.380	639.000, 0.348	639.000, 0.358
640.000, 0.245	640.000, 0.176	640.000, 0.151	640.000, 0.129	640.000, 0.132	640.000, 0.380	640.000, 0.348	640.000, 0.358
641.000, 0.245	641.000, 0.176	641.000, 0.151	641.000, 0.129	641.000, 0.132	641.000, 0.380	641.000, 0.348	641.000, 0.358
642.000, 0.245	642.000, 0.176	642.000, 0.151	642.000, 0.129	642.000, 0.132	642.000, 0.380	642.000, 0.349	642.000, 0.358
643.000, 0.245	643.000, 0.176	643.000, 0.151	643.000, 0.129	643.000, 0.132	643.000, 0.381	643.000, 0.349	643.000, 0.359
644.000, 0.245	644.000, 0.176	644.000, 0.151	644.000, 0.129	644.000, 0.132	644.000, 0.381	644.000, 0.349	644.000, 0.359
645.000, 0.245	645.000, 0.176	645.000, 0.151	645.000, 0.129	645.000, 0.131	645.000, 0.381	645.000, 0.348	645.000, 0.359
646.000, 0.245	646.000, 0.176	646.000, 0.150	646.000, 0.129	646.000, 0.131	646.000, 0.381	646.000, 0.348	646.000, 0.359
647.000, 0.245	647.000, 0.176	647.000, 0.150	647.000, 0.128	647.000, 0.131	647.000, 0.381	647.000, 0.349	647.000, 0.359
648.000, 0.245	648.000, 0.175	648.000, 0.150	648.000, 0.128	648.000, 0.131	648.000, 0.381	648.000, 0.349	648.000, 0.359
649.000, 0.245	649.000, 0.176	649.000, 0.150	649.000, 0.128	649.000, 0.130	649.000, 0.381	649.000, 0.348	649.000, 0.358
650.000, 0.245	650.000, 0.176	650.000, 0.150	650.000, 0.128	650.000, 0.130	650.000, 0.381	650.000, 0.348	650.000, 0.357
651.000, 0.245	651.000, 0.175	651.000, 0.150	651.000, 0.128	651.000, 0.130	651.000, 0.382	651.000, 0.349	651.000, 0.359
652.000, 0.245	652.000, 0.176	652.000, 0.150	652.000, 0.128	652.000, 0.131	652.000, 0.382	652.000, 0.349	652.000, 0.359
653.000, 0.245	653.000, 0.176	653.000, 0.150	653.000, 0.128	653.000, 0.131	653.000, 0.382	653.000, 0.349	653.000, 0.359
654.000, 0.244	654.000, 0.177	654.000, 0.150	654.000, 0.128	654.000, 0.131	654.000, 0.383	654.000, 0.350	654.000, 0.360
655.000, 0.244	655.000, 0.177	655.000, 0.150	655.000, 0.128	655.000, 0.130	655.000, 0.383	655.000, 0.350	655.000, 0.360
656.000, 0.244	656.000, 0.177	656.000, 0.149	656.000, 0.127	656.000, 0.130	656.000, 0.382	656.000, 0.350	656.000, 0.359
657.000, 0.244	657.000, 0.176	657.000, 0.150	657.000, 0.128	657.000, 0.131	657.000, 0.383	657.000, 0.350	657.000, 0.360
658.000, 0.244	658.000, 0.176	658.000, 0.149	658.000, 0.127	658.000, 0.130	658.000, 0.383	658.000, 0.349	658.000, 0.360
659.000, 0.244	659.000, 0.175	659.000, 0.148	659.000, 0.126	659.000, 0.129	659.000, 0.383	659.000, 0.348	659.000, 0.360
660.000, 0.245	660.000, 0.175	660.000, 0.149	660.000, 0.126	660.000, 0.129	660.000, 0.383	660.000, 0.349	660.000, 0.360
661.000, 0.245	661.000, 0.175	661.000, 0.149	661.000, 0.127	661.000, 0.129	661.000, 0.383	661.000, 0.349	661.000, 0.360
662.000, 0.245	662.000, 0.175	662.000, 0.149	662.000, 0.127	662.000, 0.129	662.000, 0.383	662.000, 0.349	662.000, 0.360
663.000, 0.245	663.000, 0.175	663.000, 0.149	663.000, 0.126	663.000, 0.129	663.000, 0.383	663.000, 0.349	663.000, 0.360
664.000, 0.245	664.000, 0.175	664.000, 0.149	664.000, 0.126	664.000, 0.129	664.000, 0.383	664.000, 0.349	664.000, 0.360
665.000, 0.245	665.000, 0.175	665.000, 0.148	665.000, 0.126	665.000, 0.128	665.000, 0.383	665.000, 0.349	665.000, 0.360
666.000, 0.245	666.000, 0.174	666.000, 0.148	666.000, 0.125	666.000, 0.128	666.000, 0.383	666.000, 0.348	666.000, 0.359
667.000, 0.245	667.000, 0.174	667.000, 0.148	667.000, 0.126	667.000, 0.128	667.000, 0.382	667.000, 0.349	667.000, 0.359
668.000, 0.245	668.000, 0.174	668.000, 0.147	668.000, 0.125	668.000, 0.127	668.000, 0.383	668.000, 0.349	668.000, 0.360
669.000, 0.245	669.000, 0.174	669.000, 0.147	669.000, 0.124	669.000, 0.127	669.000, 0.384	669.000, 0.350	669.000, 0.361
670.000, 0.245	670.000, 0.174	670.000, 0.148	670.000, 0.125	670.000, 0.127	670.000, 0.385	670.000, 0.349	670.000, 0.360
671.000, 0.245	671.000, 0.174	671.000, 0.147	671.000, 0.125	671.000, 0.128	671.000, 0.385	671.000, 0.349	671.000, 0.360
672.000, 0.245	672.000, 0.174	672.000, 0.147	672.000, 0.125	672.000, 0.128	672.000, 0.385	672.000, 0.349	672.000, 0.360
673.000, 0.245	673.000, 0.174	673.000, 0.147	673.000, 0.124	673.000, 0.127	673.000, 0.385	673.000, 0.349	673.000, 0.360
674.000, 0.245	674.000, 0.174	674.000, 0.148	674.000, 0.124	674.000, 0.127	674.000, 0.385	674.000, 0.349	674.000, 0.360
675.000, 0.245	675.000, 0.174	675.000, 0.148	675.000, 0.125	675.000, 0.128	675.000, 0.385	675.000, 0.349	675.000, 0.360
676.000, 0.245	676.000, 0.174	676.000, 0.147	676.000, 0.125	676.000, 0.127	676.000, 0.387	676.000, 0.349	676.000, 0.360
677.000, 0.245	677.000, 0.174	677.000, 0.147	677.000, 0.125	677.000, 0.127	677.000, 0.387	677.000, 0.349	677.000, 0.361
678.000, 0.246	678.000, 0.174	678.000, 0.148	678.000, 0.125	678.000, 0.127	678.000, 0.387	678.000, 0.350	678.000, 0.361
679.000, 0.246	679.000, 0.175	679.000, 0.148	679.000, 0.125	679.000, 0.127	679.000, 0.388	679.000, 0.350	679.000, 0.361
680.000, 0.246	680.000, 0.175	680.000, 0.148	680.000, 0.125	680.000, 0.128	680.000, 0.389	680.000, 0.350	680.000, 0.362
681.000, 0.246	681.000, 0.175	681.000, 0.148	681.000, 0.125	681.000, 0.128	681.000, 0.389	681.000, 0.350	681.000, 0.362
682.000, 0.246	682.000, 0.175	682.000, 0.148	682.000, 0.126	682.000, 0.128	682.000, 0.390	682.000, 0.351	682.000, 0.362
683.000, 0.247	683.000, 0.175	683.000, 0.148	683.000, 0.126	683.000, 0.128	683.000, 0.391	683.000, 0.352	683.000, 0.362
684.000, 0.247	684.000, 0.176	684.000, 0.149	684.000, 0.126	684.000, 0.128	684.000, 0.393	684.000, 0.353	684.000, 0.363
685.000, 0.248	685.000, 0.176	685.000, 0.149	685.000, 0.126	685.000, 0.129	685.000, 0.395	685.000, 0.354	685.000, 0.364
686.000, 0.248	686.000, 0.177	686.000, 0.150	686.000, 0.127	686.000, 0.129	686.000, 0.397	686.000, 0.354	686.000, 0.365
687.000, 0.249	687.000, 0.178	687.000, 0.150	687.000, 0.127	687.000, 0.130	687.000, 0.399	687.000, 0.355	687.000, 0.366
688.000, 0.250	688.000, 0.179	688.000, 0.151	688.000, 0.128	688.000, 0.131	688.000, 0.402	688.000, 0.356	688.000, 0.368
689.000, 0.251	689.000, 0.179	689.000, 0.152	689.000, 0.128	689.000, 0.131	689.000, 0.405	689.000, 0.358	689.000, 0.369
690.000, 0.252	690.000, 0.180	690.000, 0.153	690.000, 0.129	690.000, 0.132	690.000, 0.406	690.000, 0.359	690.000, 0.370
691.000, 0.253	691.000, 0.181	691.000, 0.154	691.000, 0.131	691.000, 0.134	691.000, 0.408	691.000, 0.360	691.000, 0.370
692.000, 0.254	692.000, 0.182	692.000, 0.155	692.000, 0.132	692.000, 0.135	692.000, 0.410	692.000, 0.361	692.000, 0.371
693.000, 0.255	693.000, 0.183	693.000, 0.156	693.000, 0.133	693.000, 0.136	693.000, 0.411	693.000, 0.362	693.000, 0.372
694.000, 0.256	694.000, 0.184	694.000, 0.157	694.000, 0.134	694.000, 0.137	694.000, 0.413	694.000, 0.363	694.000, 0.373
695.000, 0.257	695.000, 0.186	695.000, 0.158	695.000, 0.135	695.000, 0.138	695.000, 0.416	695.000, 0.364	695.000, 0.374
696.000, 0.258	696.000, 0.187	696.000, 0.160	696.000, 0.137	696.000, 0.140	696.000, 0.418	696.000, 0.365	696.000, 0.374
697.000, 0.259	697.000, 0.187	697.000, 0.161	697.000, 0.138	697.000, 0.141	697.000, 0.419	697.000, 0.367	697.000, 0.374
698.000, 0.260	698.000, 0.188	698.000, 0.162	698.000, 0.140	698.000, 0.142	698.000, 0.421	698.000, 0.367	698.000, 0.375
699.000, 0.261	699.000, 0.189	699.000, 0.163	699.000, 0.141	699.000, 0.143	699.000, 0.423	699.000, 0.368	699.000, 0.376
700.000, 0.262	700.000, 0.190	700.000, 0.164	700.000, 0.142	700.000, 0.144	700.000, 0.425	700.000, 0.369	700.000, 0.377
701.000, 0.263	701.000, 0.191	701.000, 0.166	701.000, 0.143	701.000, 0.146	701.000, 0.426	701.000, 0.370	701.000, 0.378
702.000, 0.264	702.000, 0.191	702.000, 0.167	702.000, 0.144	702.000, 0.147	702.000, 0.427	702.000, 0.370	702.000, 0.378
703.000, 0.265	703.000, 0.192	703.000, 0.168	703.000, 0.146	703.000, 0.148	703.000, 0.429	703.000, 0.371	703.000, 0.379
704.000, 0.266	704.000, 0.193	704.000, 0.169	704.000, 0.147	704.000, 0.149	704.000, 0.429	704.000, 0.372	704.000, 0.379
705.000, 0.266	705.000, 0.195	705.000, 0.171	705.000, 0.149	705.000, 0.151	705.000, 0.430	705.000, 0.372	705.000, 0.379
706.000, 0.267	706.000, 0.195	706.000, 0.172	706.000, 0.150	706.000, 0.152	706.000, 0.431	706.000, 0.373	706.000, 0.380
707.000, 0.268	707.000, 0.195	707.000, 0.173	707.000, 0.151	707.000, 0.154	707.000, 0.432	707.000, 0.373	707.000, 0.380
708.000, 0.269	708.000, 0.196	708.000, 0.174	708.000, 0.152	708.000, 0.155	708.000, 0.432	708.000, 0.373	708.000, 0.380
709.000, 0.270	709.000, 0.197	709.000, 0.175	709.000, 0.153	709.000, 0.156	709.000, 0.433	709.000, 0.373	709.000, 0.380
710.000, 0.271	710.000, 0.198	710.000, 0.176	710.000, 0.154	710.000, 0.157	710.000, 0.433	710.000, 0.373	710.000, 0.380
711.000, 0.271	711.000, 0.198	711.000, 0.177	711.000, 0.156	711.000, 0.158	711.000, 0.433	711.000, 0.373	711.000, 0.380
712.000, 0.272	712.000, 0.199	712.000, 0.178	712.000, 0.157	712.000, 0.160	712.000, 0.434	712.000, 0.374	712.000, 0.380
713.000, 0.273	713.000, 0.199	713.000, 0.179	713.000, 0.158	713.000, 0.161	713.000, 0.435	713.000, 0.374	713.000, 0.380
714.000, 0.273	714.000, 0.200	714.000, 0.181	714.000, 0.159	714.000, 0.162	714.000, 0.435	714.000, 0.374	714.000, 0.380
715.000, 0.274	715.000, 0.200	715.000, 0.182	715.000, 0.160	715.000, 0.163	715.000, 0.435	715.000, 0.373	715.000, 0.380
716.000, 0.274	716.000, 0.201	716.000, 0.183	716.000, 0.162	716.000, 0.164	716.000, 0.435	716.000, 0.373	716.000, 0.379
717.000, 0.275	717.000, 0.202	717.000, 0.184	717.000, 0.163	717.000, 0.166	717.000, 0.435	717.000, 0.373	717.000, 0.379
718.000, 0.275	718.000, 0.203	718.000, 0.185	718.000, 0.164	718.000, 0.167	718.000, 0.435	718.000, 0.372	718.000, 0.378
719.000, 0.275	719.000, 0.203	719.000, 0.186	719.000, 0.165	719.000, 0.168	719.000, 0.434	719.000, 0.372	719.000, 0.378
720.000, 0.276	720.000, 0.204	720.000, 0.188	720.000, 0.166	720.000, 0.169	720.000, 0.434	720.000, 0.372	720.000, 0.377
721.000, 0.277	721.000, 0.204	721.000, 0.189	721.000, 0.167	721.000, 0.170	721.000, 0.433	721.000, 0.372	721.000, 0.377
722.000, 0.278	722.000, 0.205	722.000, 0.190	722.000, 0.169	722.000, 0.172	722.000, 0.433	722.000, 0.372	722.000, 0.377
723.000, 0.279	723.000, 0.205	723.000, 0.191	723.000, 0.170	723.000, 0.173	723.000, 0.433	723.000, 0.371	723.000, 0.376
724.000, 0.279	724.000, 0.206	724.000, 0.193	724.000, 0.172	724.000, 0.175	724.000, 0.432	724.000, 0.371	724.000, 0.376
725.000, 0.280	725.000, 0.207	725.000, 0.194	725.000, 0.173	725.000, 0.176	725.000, 0.432	725.000, 0.371	725.000, 0.376
726.000, 0.281	726.000, 0.207	726.000, 0.195	726.000, 0.174	726.000, 0.177	726.000, 0.431	726.000, 0.371	726.000, 0.375
727.000, 0.281	727.000, 0.208	727.000, 0.197	727.000, 0.176	727.000, 0.178	727.000, 0.431	727.000, 0.370	727.000, 0.375
728.000, 0.282	728.000, 0.209	728.000, 0.198	728.000, 0.177	728.000, 0.180	728.000, 0.431	728.000, 0.370	728.000, 0.375
729.000, 0.283	729.000, 0.209	729.000, 0.199	729.000, 0.178	729.000, 0.181	729.000, 0.430	729.000, 0.370	729.000, 0.375
730.000, 0.283	730.000, 0.209	730.000, 0.200	730.000, 0.179	730.000, 0.182	730.000, 0.429	730.000, 0.370	730.000, 0.374
731.000, 0.283	731.000, 0.210	731.000, 0.201	731.000, 0.180	731.000, 0.183	731.000, 0.429	731.000, 0.370	731.000, 0.374
732.000, 0.284	732.000, 0.211	732.000, 0.202	732.000, 0.181	732.000, 0.185	732.000, 0.430	732.000, 0.370	732.000, 0.375
733.000, 0.285	733.000, 0.211	733.000, 0.203	733.000, 0.183	733.000, 0.186	733.000, 0.429	733.000, 0.370	733.000, 0.374
734.000, 0.286	734.000, 0.212	734.000, 0.204	734.000, 0.184	734.000, 0.187	734.000, 0.429	734.000, 0.370	734.000, 0.374
735.000, 0.286	735.000, 0.212	735.000, 0.205	735.000, 0.185	735.000, 0.188	735.000, 0.429	735.000, 0.370	735.000, 0.374
736.000, 0.287	736.000, 0.213	736.000, 0.206	736.000, 0.186	736.000, 0.189	736.000, 0.428	736.000, 0.370	736.000, 0.374
737.000, 0.287	737.000, 0.213	737.000, 0.207	737.000, 0.187	737.000, 0.190	737.000, 0.428	737.000, 0.369	737.000, 0.374
738.000, 0.288	738.000, 0.213	738.000, 0.207	738.000, 0.188	738.000, 0.191	738.000, 0.427	738.000, 0.369	738.000, 0.374
739.000, 0.288	739.000, 0.214	739.000, 0.208	739.000, 0.189	739.000, 0.192	739.000, 0.427	739.000, 0.370	739.000, 0.374
740.000, 0.289	740.000, 0.215	740.000, 0.209	740.000, 0.189	740.000, 0.192	740.000, 0.428	740.000, 0.370	740.000, 0.374
741.000, 0.289	741.000, 0.215	741.000, 0.210	741.000, 0.190	741.000, 0.193	741.000, 0.427	741.000, 0.370	741.000, 0.374
742.000, 0.290	742.000, 0.216	742.000, 0.211	742.000, 0.191	742.000, 0.194	742.000, 0.428	742.000, 0.370	742.000, 0.374
743.000, 0.291	743.000, 0.217	743.000, 0.212	743.000, 0.192	743.000, 0.196	743.000, 0.428	743.000, 0.370	743.000, 0.375
744.000, 0.291	744.000, 0.217	744.000, 0.213	744.000, 0.193	744.000, 0.196	744.000, 0.428	744.000, 0.370	744.000, 0.375
745.000, 0.291	745.000, 0.217	745.000, 0.213	745.000, 0.193	745.000, 0.196	745.000, 0.427	745.000, 0.370	745.000, 0.375
746.000, 0.292	746.000, 0.217	746.000, 0.214	746.000, 0.194	746.000, 0.197	746.000, 0.427	746.000, 0.370	746.000, 0.374
747.000, 0.293	747.000, 0.218	747.000, 0.215	747.000, 0.195	747.000, 0.198	747.000, 0.428	747.000, 0.370	747.000, 0.375
748.000, 0.293	748.000, 0.219	748.000, 0.215	748.000, 0.196	748.000, 0.199	748.000, 0.428	748.000, 0.371	748.000, 0.375
749.000, 0.293	749.000, 0.218	749.000, 0.216	749.000, 0.196	749.000, 0.199	749.000, 0.428	749.000, 0.371	749.000, 0.375
750.000, 0.294	750.000, 0.219	750.000, 0.216	750.000, 0.197	750.000, 0.200	750.000, 0.428	750.000, 0.371	750.000, 0.375
751.000, 0.294	751.000, 0.220	751.000, 0.217	751.000, 0.198	751.000, 0.200	751.000, 0.428	751.000, 0.371	751.000, 0.376
752.000, 0.295	752.000, 0.220	752.000, 0.217	752.000, 0.198	752.000, 0.201	752.000, 0.428	752.000, 0.372	752.000, 0.376
753.000, 0.295	753.000, 0.220	753.000, 0.217	753.000, 0.198	753.000, 0.201	753.000, 0.429	753.000, 0.372	753.000, 0.376
754.000, 0.295	754.000, 0.220	754.000, 0.218	754.000, 0.199	754.000, 0.202	754.000, 0.429	754.000, 0.372	754.000, 0.376
755.000, 0.296	755.000, 0.221	755.000, 0.218	755.000, 0.199	755.000, 0.202	755.000, 0.429	755.000, 0.372	755.000, 0.376
756.000, 0.296	756.000, 0.221	756.000, 0.218	756.000, 0.199	756.000, 0.203	756.000, 0.429	756.000, 0.372	756.000, 0.376
757.000, 0.296	757.000, 0.221	757.000, 0.218	757.000, 0.199	757.000, 0.203	757.000, 0.430	757.000, 0.372	757.000, 0.376
758.000, 0.296	758.000, 0.221	758.000, 0.219	758.000, 0.200	758.000, 0.203	758.000, 0.430	758.000, 0.372	758.000, 0.376
759.000, 0.297	759.000, 0.221	759.000, 0.219	759.000, 0.200	759.000, 0.203	759.000, 0.429	759.000, 0.371	759.000, 0.375
760.000, 0.297	760.000, 0.222	760.000, 0.219	760.000, 0.200	760.000, 0.203	760.000, 0.430	760.000, 0.371	760.000, 0.375
761.000, 0.297	761.000, 0.222	761.000, 0.219	761.000, 0.200	761.000, 0.203	761.000, 0.430	761.000, 0.372	761.000, 0.376
762.000, 0.297	762.000, 0.222	762.000, 0.219	762.000, 0.199	762.000, 0.204	762.000, 0.430	762.000, 0.372	762.000, 0.376
763.000, 0.297	763.000, 0.223	763.000, 0.220	763.000, 0.200	763.000, 0.204	763.000, 0.430	763.000, 0.372	763.000, 0.376
764.000, 0.298	764.000, 0.223	764.000, 0.221	764.000, 0.201	764.000, 0.205	764.000, 0.430	764.000, 0.373	764.000, 0.377
765.000, 0.299	765.000, 0.223	765.000, 0.221	765.000, 0.202	765.000, 0.205	765.000, 0.431	765.000, 0.374	765.000, 0.378
766.000, 0.299	766.000, 0.224	766.000, 0.222	766.000, 0.203	766.000, 0.206	766.000, 0.432	766.000, 0.374	766.000, 0.378
767.000, 0.300	767.000, 0.225	767.000, 0.223	767.000, 0.204	767.000, 0.207	767.000, 0.432	767.000, 0.374	767.000, 0.378
768.000, 0.300	768.000, 0.225	768.000, 0.223	768.000, 0.204	768.000, 0.207	768.000, 0.433	768.000, 0.375	768.000, 0.379
769.000, 0.300	769.000, 0.226	769.000, 0.223	769.000, 0.204	769.000, 0.207	769.000, 0.433	769.000, 0.375	769.000, 0.379
770.000, 0.300	770.000, 0.226	770.000, 0.224	770.000, 0.205	770.000, 0.208	770.000, 0.433	770.000, 0.375	770.000, 0.379
771.000, 0.301	771.000, 0.227	771.000, 0.224	771.000, 0.205	771.000, 0.208	771.000, 0.434	771.000, 0.376	771.000, 0.380
772.000, 0.302	772.000, 0.227	772.000, 0.224	772.000, 0.206	772.000, 0.208	772.000, 0.434	772.000, 0.376	772.000, 0.380
773.000, 0.301	773.000, 0.227	773.000, 0.224	773.000, 0.206	773.000, 0.209	773.000, 0.435	773.000, 0.376	773.000, 0.380
774.000, 0.302	774.000, 0.227	774.000, 0.225	774.000, 0.206	774.000, 0.209	774.000, 0.435	774.000, 0.376	774.000, 0.380
775.000, 0.302	775.000, 0.228	775.000, 0.225	775.000, 0.206	775.000, 0.209	775.000, 0.435	775.000, 0.377	775.000, 0.380
776.000, 0.303	776.000, 0.229	776.000, 0.226	776.000, 0.207	776.000, 0.210	776.000, 0.436	776.000, 0.377	776.000, 0.381
777.000, 0.303	777.000, 0.229	777.000, 0.226	777.000, 0.207	777.000, 0.210	777.000, 0.436	777.000, 0.377	777.000, 0.381
778.000, 0.303	778.000, 0.229	778.000, 0.225	778.000, 0.207	778.000, 0.210	778.000, 0.437	778.000, 0.377	778.000, 0.381
779.000, 0.303	779.000, 0.229	779.000, 0.226	779.000, 0.208	779.000, 0.211	779.000, 0.437	779.000, 0.377	779.000, 0.381
780.000, 0.304	780.000, 0.230	780.000, 0.226	780.000, 0.208	780.000, 0.211	780.000, 0.437	780.000, 0.378	780.000, 0.382
781.000, 0.304	781.000, 0.230	781.000, 0.227	781.000, 0.208	781.000, 0.211	781.000, 0.438	781.000, 0.379	781.000, 0.382
782.000, 0.304	782.000, 0.230	782.000, 0.227	782.000, 0.208	782.000, 0.212	782.000, 0.438	782.000, 0.379	782.000, 0.382
783.000, 0.305	783.000, 0.231	783.000, 0.227	783.000, 0.209	783.000, 0.212	783.000, 0.438	783.000, 0.378	783.000, 0.382
784.000, 0.305	784.000, 0.231	784.000, 0.228	784.000, 0.209	784.000, 0.212	784.000, 0.438	784.000, 0.379	784.000, 0.382
785.000, 0.305	785.000, 0.231	785.000, 0.227	785.000, 0.209	785.000, 0.212	785.000, 0.439	785.000, 0.379	785.000, 0.383
786.000, 0.305	786.000, 0.231	786.000, 0.227	786.000, 0.209	786.000, 0.212	786.000, 0.440	786.000, 0.379	786.000, 0.383
787.000, 0.305	787.000, 0.232	787.000, 0.228	787.000, 0.209	787.000, 0.213	787.000, 0.440	787.000, 0.379	787.000, 0.383
788.000, 0.306	788.000, 0.232	788.000, 0.228	788.000, 0.210	788.000, 0.213	788.000, 0.440	788.000, 0.379	788.000, 0.383
789.000, 0.306	789.000, 0.233	789.000, 0.229	789.000, 0.210	789.000, 0.214	789.000, 0.440	789.000, 0.380	789.000, 0.383
790.000, 0.306	790.000, 0.233	790.000, 0.229	790.000, 0.211	790.000, 0.214	790.000, 0.440	790.000, 0.380	790.000, 0.384
791.000, 0.306	791.000, 0.233	791.000, 0.229	791.000, 0.211	791.000, 0.214	791.000, 0.441	791.000, 0.380	791.000, 0.384
792.000, 0.307	792.000, 0.233	792.000, 0.229	792.000, 0.210	792.000, 0.214	792.000, 0.441	792.000, 0.381	792.000, 0.384
793.000, 0.307	793.000, 0.233	793.000, 0.229	793.000, 0.211	793.000, 0.214	793.000, 0.442	793.000, 0.381	793.000, 0.385
794.000, 0.307	794.000, 0.234	794.000, 0.229	794.000, 0.212	794.000, 0.214	794.000, 0.442	794.000, 0.381	794.000, 0.385
795.000, 0.307	795.000, 0.234	795.000, 0.229	795.000, 0.212	795.000, 0.215	795.000, 0.442	795.000, 0.381	795.000, 0.384
796.000, 0.308	796.000, 0.235	796.000, 0.230	796.000, 0.212	796.000, 0.215	796.000, 0.443	796.000, 0.381	796.000, 0.385
797.000, 0.308	797.000, 0.236	797.000, 0.230	797.000, 0.213	797.000, 0.215	797.000, 0.443	797.000, 0.381	797.000, 0.385
798.000, 0.308	798.000, 0.235	798.000, 0.230	798.000, 0.213	798.000, 0.216	798.000, 0.443	798.000, 0.381	798.000, 0.385
799.000, 0.308	799.000, 0.236	799.000, 0.230	799.000, 0.213	799.000, 0.216	799.000, 0.443	799.000, 0.382	799.000, 0.385
800.000, 0.308	800.000, 0.236	800.000, 0.231	800.000, 0.214	800.000, 0.216	800.000, 0.444	800.000, 0.382	800.000, 0.386
801.000, 0.308	801.000, 0.236	801.000, 0.231	801.000, 0.214	801.000, 0.217	801.000, 0.444	801.000, 0.383	801.000, 0.386
802.000, 0.309	802.000, 0.236	802.000, 0.231	802.000, 0.214	802.000, 0.217	802.000, 0.445	802.000, 0.383	802.000, 0.386
803.000, 0.309	803.000, 0.236	803.000, 0.231	803.000, 0.214	803.000, 0.217	803.000, 0.445	803.000, 0.383	803.000, 0.386
804.000, 0.309	804.000, 0.237	804.000, 0.232	804.000, 0.214	804.000, 0.217	804.000, 0.445	804.000, 0.383	804.000, 0.386
805.000, 0.310	805.000, 0.238	805.000, 0.232	805.000, 0.214	805.000, 0.218	805.000, 0.446	805.000, 0.383	805.000, 0.387
806.000, 0.310	806.000, 0.238	806.000, 0.232	806.000, 0.216	806.000, 0.218	806.000, 0.446	806.000, 0.384	806.000, 0.387
807.000, 0.311	807.000, 0.239	807.000, 0.232	807.000, 0.216	807.000, 0.218	807.000, 0.447	807.000, 0.384	807.000, 0.387
808.000, 0.311	808.000, 0.239	808.000, 0.232	808.000, 0.216	808.000, 0.219	808.000, 0.447	808.000, 0.384	808.000, 0.387
809.000, 0.311	809.000, 0.239	809.000, 0.233	809.000, 0.216	809.000, 0.219	809.000, 0.447	809.000, 0.385	809.000, 0.388
810.000, 0.311	810.000, 0.240	810.000, 0.233	810.000, 0.216	810.000, 0.219	810.000, 0.447	810.000, 0.385	810.000, 0.388
811.000, 0.312	811.000, 0.240	811.000, 0.233	811.000, 0.216	811.000, 0.219	811.000, 0.448	811.000, 0.385	811.000, 0.388
812.000, 0.312	812.000, 0.240	812.000, 0.233	812.000, 0.217	812.000, 0.219	812.000, 0.448	812.000, 0.385	812.000, 0.388
813.000, 0.312	813.000, 0.241	813.000, 0.233	813.000, 0.217	813.000, 0.220	813.000, 0.448	813.000, 0.385	813.000, 0.388
814.000, 0.313	814.000, 0.240	814.000, 0.233	814.000, 0.217	814.000, 0.220	814.000, 0.449	814.000, 0.386	814.000, 0.388
815.000, 0.312	815.000, 0.241	815.000, 0.233	815.000, 0.216	815.000, 0.220	815.000, 0.449	815.000, 0.386	815.000, 0.389
816.000, 0.312	816.000, 0.242	816.000, 0.234	816.000, 0.217	816.000, 0.220	816.000, 0.449	816.000, 0.386	816.000, 0.389
817.000, 0.312	817.000, 0.242	817.000, 0.235	817.000, 0.218	817.000, 0.221	817.000, 0.450	817.000, 0.387	817.000, 0.389
818.000, 0.313	818.000, 0.242	818.000, 0.235	818.000, 0.219	818.000, 0.221	818.000, 0.450	818.000, 0.387	818.000, 0.390
819.000, 0.314	819.000, 0.242	819.000, 0.235	819.000, 0.219	819.000, 0.221	819.000, 0.450	819.000, 0.387	819.000, 0.389
820.000, 0.314	820.000, 0.243	820.000, 0.235	820.000, 0.219	820.000, 0.221	820.000, 0.451	820.000, 0.387	820.000, 0.390
821.000, 0.313	821.000, 0.244	821.000, 0.235	821.000, 0.219	821.000, 0.221	821.000, 0.451	821.000, 0.387	821.000, 0.390
822.000, 0.314	822.000, 0.244	822.000, 0.235	822.000, 0.220	822.000, 0.222	822.000, 0.451	822.000, 0.387	822.000, 0.390
823.000, 0.314	823.000, 0.244	823.000, 0.235	823.000, 0.220	823.000, 0.222	823.000, 0.452	823.000, 0.388	823.000, 0.390
824.000, 0.315	824.000, 0.245	824.000, 0.236	824.000, 0.220	824.000, 0.222	824.000, 0.452	824.000, 0.388	824.000, 0.391
825.000, 0.315	825.000, 0.246	825.000, 0.236	825.000, 0.220	825.000, 0.223	825.000, 0.453	825.000, 0.388	825.000, 0.391
826.000, 0.315	826.000, 0.246	826.000, 0.236	826.000, 0.221	826.000, 0.223	826.000, 0.453	826.000, 0.389	826.000, 0.391
827.000, 0.316	827.000, 0.246	827.000, 0.237	827.000, 0.221	827.000, 0.224	827.000, 0.453	827.000, 0.389	827.000, 0.392
828.000, 0.315	828.000, 0.246	828.000, 0.237	828.000, 0.221	828.000, 0.224	828.000, 0.453	828.000, 0.389	828.000, 0.392
829.000, 0.316	829.000, 0.246	829.000, 0.237	829.000, 0.221	829.000, 0.224	829.000, 0.454	829.000, 0.389	829.000, 0.392
830.000, 0.316	830.000, 0.247	830.000, 0.236	830.000, 0.222	830.000, 0.224	830.000, 0.454	830.000, 0.389	830.000, 0.391
831.000, 0.316	831.000, 0.248	831.000, 0.237	831.000, 0.222	831.000, 0.225	831.000, 0.454	831.000, 0.389	831.000, 0.392
832.000, 0.316	832.000, 0.248	832.000, 0.238	832.000, 0.223	832.000, 0.226	832.000, 0.455	832.000, 0.390	832.000, 0.392
833.000, 0.317	833.000, 0.249	833.000, 0.239	833.000, 0.223	833.000, 0.226	833.000, 0.455	833.000, 0.390	833.000, 0.393
834.000, 0.318	834.000, 0.249	834.000, 0.238	834.000, 0.223	834.000, 0.226	834.000, 0.455	834.000, 0.390	834.000, 0.393
835.000, 0.318	835.000, 0.248	835.000, 0.238	835.000, 0.223	835.000, 0.226	835.000, 0.456	835.000, 0.391	835.000, 0.393
836.000, 0.318	836.000, 0.248	836.000, 0.238	836.000, 0.223	836.000, 0.226	836.000, 0.456	836.000, 0.391	836.000, 0.394
837.000, 0.318	837.000, 0.249	837.000, 0.238	837.000, 0.224	837.000, 0.226	837.000, 0.457	837.000, 0.392	837.000, 0.394
838.000, 0.318	838.000, 0.249	838.000, 0.238	838.000, 0.225	838.000, 0.226	838.000, 0.457	838.000, 0.392	838.000, 0.394
839.000, 0.319	839.000, 0.250	839.000, 0.239	839.000, 0.225	839.000, 0.226	839.000, 0.457	839.000, 0.392	839.000, 0.394
840.000, 0.319	840.000, 0.251	840.000, 0.240	840.000, 0.225	840.000, 0.228	840.000, 0.457	840.000, 0.392	840.000, 0.394
841.000, 0.320	841.000, 0.252	841.000, 0.240	841.000, 0.225	841.000, 0.228	841.000, 0.457	841.000, 0.392	841.000, 0.395
842.000, 0.320	842.000, 0.251	842.000, 0.239	842.000, 0.225	842.000, 0.228	842.000, 0.458	842.000, 0.393	842.000, 0.395
843.000, 0.320	843.000, 0.250	843.000, 0.239	843.000, 0.225	843.000, 0.227	843.000, 0.458	843.000, 0.393	843.000, 0.395
844.000, 0.321	844.000, 0.250	844.000, 0.239	844.000, 0.225	844.000, 0.228	844.000, 0.459	844.000, 0.393	844.000, 0.396
845.000, 0.321	845.000, 0.251	845.000, 0.240	845.000, 0.226	845.000, 0.228	845.000, 0.459	845.000, 0.393	845.000, 0.396
846.000, 0.320	846.000, 0.253	846.000, 0.240	846.000, 0.226	846.000, 0.229	846.000, 0.459	846.000, 0.393	846.000, 0.396
847.000, 0.321	847.000, 0.253	847.000, 0.241	847.000, 0.227	847.000, 0.229	847.000, 0.459	847.000, 0.394	847.000, 0.396
848.000, 0.321	848.000, 0.253	848.000, 0.241	848.000, 0.227	848.000, 0.229	848.000, 0.460	848.000, 0.394	848.000, 0.396
849.000, 0.321	849.000, 0.253	849.000, 0.241	849.000, 0.227	849.000, 0.230	849.000, 0.460	849.000, 0.393	849.000, 0.396
850.000, 0.322	850.000, 0.254	850.000, 0.241	850.000, 0.228	850.000, 0.230	850.000, 0.461	850.000, 0.393	850.000, 0.396
851.000, 0.322	851.000, 0.254	851.000, 0.242	851.000, 0.228	851.000, 0.230	851.000, 0.461	851.000, 0.394	851.000, 0.396
852.000, 0.322	852.000, 0.255	852.000, 0.243	852.000, 0.229	852.000, 0.231	852.000, 0.461	852.000, 0.395	852.000, 0.396
853.000, 0.322	853.000, 0.255	853.000, 0.243	853.000, 0.229	853.000, 0.231	853.000, 0.461	853.000, 0.395	853.000, 0.397
854.000, 0.322	854.000, 0.255	854.000, 0.243	854.000, 0.229	854.000, 0.232	854.000, 0.461	854.000, 0.395	854.000, 0.397
855.000, 0.322	855.000, 0.256	855.000, 0.243	855.000, 0.230	855.000, 0.232	855.000, 0.462	855.000, 0.395	855.000, 0.397
856.000, 0.323	856.000, 0.256	856.000, 0.243	856.000, 0.230	856.000, 0.232	856.000, 0.462	856.000, 0.395	856.000, 0.397
857.000, 0.324	857.000, 0.256	857.000, 0.242	857.000, 0.229	857.000, 0.232	857.000, 0.462	857.000, 0.395	857.000, 0.397
858.000, 0.324	858.000, 0.256	858.000, 0.243	858.000, 0.230	858.000, 0.232	858.000, 0.463	858.000, 0.396	858.000, 0.398
859.000, 0.324	859.000, 0.257	859.000, 0.244	859.000, 0.230	859.000, 0.232	859.000, 0.463	859.000, 0.396	859.000, 0.398
860.000, 0.323	860.000, 0.258	860.000, 0.244	860.000, 0.231	860.000, 0.233	860.000, 0.462	860.000, 0.396	860.000, 0.397
861.000, 0.324	861.000, 0.258	861.000, 0.244	861.000, 0.231	861.000, 0.233	861.000, 0.463	861.000, 0.396	861.000, 0.398
862.000, 0.325	862.000, 0.258	862.000, 0.243	862.000, 0.231	862.000, 0.233	862.000, 0.464	862.000, 0.397	862.000, 0.398
863.000, 0.324	863.000, 0.259	863.000, 0.244	863.000, 0.231	863.000, 0.233	863.000, 0.465	863.000, 0.397	863.000, 0.398
864.000, 0.324	864.000, 0.259	864.000, 0.244	864.000, 0.231	864.000, 0.234	864.000, 0.464	864.000, 0.397	864.000, 0.398
865.000, 0.325	865.000, 0.258	865.000, 0.245	865.000, 0.231	865.000, 0.234	865.000, 0.464	865.000, 0.397	865.000, 0.399
866.000, 0.325	866.000, 0.259	866.000, 0.245	866.000, 0.232	866.000, 0.234	866.000, 0.465	866.000, 0.398	866.000, 0.400
867.000, 0.325	867.000, 0.260	867.000, 0.245	867.000, 0.232	867.000, 0.234	867.000, 0.465	867.000, 0.398	867.000, 0.400
868.000, 0.326	868.000, 0.259	868.000, 0.245	868.000, 0.232	868.000, 0.233	868.000, 0.465	868.000, 0.397	868.000, 0.399
869.000, 0.326	869.000, 0.259	869.000, 0.245	869.000, 0.232	869.000, 0.234	869.000, 0.465	869.000, 0.397	869.000, 0.399
870.000, 0.326	870.000, 0.260	870.000, 0.246	870.000, 0.233	870.000, 0.234	870.000, 0.466	870.000, 0.398	870.000, 0.400
871.000, 0.326	871.000, 0.261	871.000, 0.245	871.000, 0.232	871.000, 0.234	871.000, 0.466	871.000, 0.398	871.000, 0.400
872.000, 0.327	872.000, 0.261	872.000, 0.245	872.000, 0.233	872.000, 0.236	872.000, 0.466	872.000, 0.398	872.000, 0.400
873.000, 0.327	873.000, 0.262	873.000, 0.246	873.000, 0.234	873.000, 0.237	873.000, 0.467	873.000, 0.397	873.000, 0.399
874.000, 0.328	874.000, 0.262	874.000, 0.247	874.000, 0.234	874.000, 0.236	874.000, 0.466	874.000, 0.398	874.000, 0.400
875.000, 0.328	875.000, 0.262	875.000, 0.246	875.000, 0.233	875.000, 0.236	875.000, 0.467	875.000, 0.398	875.000, 0.400
876.000, 0.327	876.000, 0.261	876.000, 0.245	876.000, 0.233	876.000, 0.235	876.000, 0.468	876.000, 0.399	876.000, 0.401
877.000, 0.328	877.000, 0.261	877.000, 0.246	877.000, 0.233	877.000, 0.235	877.000, 0.467	877.000, 0.399	877.000, 0.401
878.000, 0.329	878.000, 0.262	878.000, 0.247	878.000, 0.234	878.000, 0.236	878.000, 0.467	878.000, 0.399	878.000, 0.401
879.000, 0.329	879.000, 0.263	879.000, 0.248	879.000, 0.234	879.000, 0.236	879.000, 0.468	879.000, 0.399	879.000, 0.401
880.000, 0.329	880.000, 0.264	880.000, 0.247	880.000, 0.235	880.000, 0.237	880.000, 0.469	880.000, 0.400	880.000, 0.402
881.000, 0.329	881.000, 0.264	881.000, 0.247	881.000, 0.235	881.000, 0.237	881.000, 0.469	881.000, 0.401	881.000, 0.403
882.000, 0.329	882.000, 0.263	882.000, 0.247	882.000, 0.235	882.000, 0.237	882.000, 0.470	882.000, 0.401	882.000, 0.403
883.000, 0.329	883.000, 0.264	883.000, 0.247	883.000, 0.236	883.000, 0.238	883.000, 0.470	883.000, 0.401	883.000, 0.403
884.000, 0.329	884.000, 0.266	884.000, 0.248	884.000, 0.237	884.000, 0.238	884.000, 0.470	884.000, 0.400	884.000, 0.403
885.000, 0.329	885.000, 0.266	885.000, 0.248	885.000, 0.237	885.000, 0.239	885.000, 0.470	885.000, 0.401	885.000, 0.403
886.000, 0.330	886.000, 0.265	886.000, 0.249	886.000, 0.237	886.000, 0.239	886.000, 0.470	886.000, 0.402	886.000, 0.403
887.000, 0.331	887.000, 0.266	887.000, 0.250	887.000, 0.238	887.000, 0.239	887.000, 0.471	887.000, 0.403	887.000, 0.404
888.000, 0.331	888.000, 0.266	888.000, 0.250	888.000, 0.238	888.000, 0.239	888.000, 0.472	888.000, 0.403	888.000, 0.405
889.000, 0.331	889.000, 0.266	889.000, 0.249	889.000, 0.237	889.000, 0.240	889.000, 0.473	889.000, 0.403	889.000, 0.406
890.000, 0.332	890.000, 0.266	890.000, 0.249	890.000, 0.238	890.000, 0.240	890.000, 0.472	890.000, 0.403	890.000, 0.405
891.000, 0.333	891.000, 0.267	891.000, 0.250	891.000, 0.239	891.000, 0.241	891.000, 0.472	891.000, 0.403	891.000, 0.405
892.000, 0.333	892.000, 0.268	892.000, 0.251	892.000, 0.240	892.000, 0.243	892.000, 0.473	892.000, 0.404	892.000, 0.405
893.000, 0.333	893.000, 0.270	893.000, 0.252	893.000, 0.241	893.000, 0.243	893.000, 0.473	893.000, 0.404	893.000, 0.405
894.000, 0.334	894.000, 0.269	894.000, 0.250	894.000, 0.241	894.000, 0.242	894.000, 0.474	894.000, 0.404	894.000, 0.406
895.000, 0.334	895.000, 0.268	895.000, 0.249	895.000, 0.240	895.000, 0.241	895.000, 0.475	895.000, 0.405	895.000, 0.406
896.000, 0.333	896.000, 0.269	896.000, 0.251	896.000, 0.240	896.000, 0.243	896.000, 0.476	896.000, 0.406	896.000, 0.408
897.000, 0.333	897.000, 0.271	897.000, 0.253	897.000, 0.241	897.000, 0.244	897.000, 0.476	897.000, 0.405	897.000, 0.408
898.000, 0.335	898.000, 0.272	898.000, 0.254	898.000, 0.243	898.000, 0.243	898.000, 0.475	898.000, 0.405	898.000, 0.407
899.000, 0.335	899.000, 0.272	899.000, 0.254	899.000, 0.241	899.000, 0.243	899.000, 0.477	899.000, 0.405	899.000, 0.407
900.000, 0.334	900.000, 0.271	900.000, 0.253	900.000, 0.240	900.000, 0.243	900.000, 0.478	900.000, 0.405	900.000, 0.408
901.000, 0.335	901.000, 0.272	901.000, 0.254	901.000, 0.242	901.000, 0.243	901.000, 0.478	901.000, 0.406	901.000, 0.409
902.000, 0.336	902.000, 0.272	902.000, 0.254	902.000, 0.242	902.000, 0.244	902.000, 0.478	902.000, 0.407	902.000, 0.409
903.000, 0.337	903.000, 0.273	903.000, 0.254	903.000, 0.241	903.000, 0.246	903.000, 0.478	903.000, 0.408	903.000, 0.410
904.000, 0.336	904.000, 0.272	904.000, 0.253	904.000, 0.240	904.000, 0.246	904.000, 0.478	904.000, 0.407	904.000, 0.410
905.000, 0.335	905.000, 0.272	905.000, 0.254	905.000, 0.241	905.000, 0.245	905.000, 0.478	905.000, 0.408	905.000, 0.410
906.000, 0.337	906.000, 0.273	906.000, 0.255	906.000, 0.243	906.000, 0.245	906.000, 0.477	906.000, 0.409	906.000, 0.410
907.000, 0.338	907.000, 0.273	907.000, 0.256	907.000, 0.244	907.000, 0.247	907.000, 0.478	907.000, 0.409	907.000, 0.409
908.000, 0.337	908.000, 0.273	908.000, 0.256	908.000, 0.243	908.000, 0.248	908.000, 0.479	908.000, 0.409	908.000, 0.410
909.000, 0.336	909.000, 0.274	909.000, 0.254	909.000, 0.243	909.000, 0.246	909.000, 0.481	909.000, 0.409	909.000, 0.411
910.000, 0.338	910.000, 0.274	910.000, 0.254	910.000, 0.244	910.000, 0.247	910.000, 0.482	910.000, 0.409	910.000, 0.412
911.000, 0.340	911.000, 0.274	911.000, 0.255	911.000, 0.246	911.000, 0.247	911.000, 0.482	911.000, 0.409	911.000, 0.412
912.000, 0.340	912.000, 0.276	912.000, 0.256	912.000, 0.245	912.000, 0.246	912.000, 0.481	912.000, 0.409	912.000, 0.412
913.000, 0.338	913.000, 0.276	913.000, 0.256	913.000, 0.245	913.000, 0.246	913.000, 0.481	913.000, 0.409	913.000, 0.412
914.000, 0.336	914.000, 0.276	914.000, 0.256	914.000, 0.246	914.000, 0.248	914.000, 0.483	914.000, 0.410	914.000, 0.412
915.000, 0.338	915.000, 0.275	915.000, 0.256	915.000, 0.246	915.000, 0.248	915.000, 0.484	915.000, 0.412	915.000, 0.413
916.000, 0.339	916.000, 0.275	916.000, 0.256	916.000, 0.246	916.000, 0.248	916.000, 0.485	916.000, 0.412	916.000, 0.414
917.000, 0.340	917.000, 0.278	917.000, 0.256	917.000, 0.245	917.000, 0.248	917.000, 0.485	917.000, 0.412	917.000, 0.414
918.000, 0.340	918.000, 0.278	918.000, 0.258	918.000, 0.245	918.000, 0.249	918.000, 0.483	918.000, 0.411	918.000, 0.413
919.000, 0.340	919.000, 0.276	919.000, 0.258	919.000, 0.245	919.000, 0.248	919.000, 0.482	919.000, 0.412	919.000, 0.413
920.000, 0.340	920.000, 0.273	920.000, 0.256	920.000, 0.244	920.000, 0.248	920.000, 0.484	920.000, 0.413	920.000, 0.415
921.000, 0.341	921.000, 0.274	921.000, 0.255	921.000, 0.245	921.000, 0.247	921.000, 0.485	921.000, 0.414	921.000, 0.415
922.000, 0.342	922.000, 0.276	922.000, 0.255	922.000, 0.247	922.000, 0.248	922.000, 0.485	922.000, 0.414	922.000, 0.415
923.000, 0.341	923.000, 0.277	923.000, 0.257	923.000, 0.246	923.000, 0.248	923.000, 0.485	923.000, 0.413	923.000, 0.415
924.000, 0.340	924.000, 0.279	924.000, 0.258	924.000, 0.247	924.000, 0.249	924.000, 0.485	924.000, 0.413	924.000, 0.416
925.000, 0.340	925.000, 0.281	925.000, 0.259	925.000, 0.248	925.000, 0.251	925.000, 0.487	925.000, 0.414	925.000, 0.416
926.000, 0.342	926.000, 0.279	926.000, 0.257	926.000, 0.246	926.000, 0.251	926.000, 0.487	926.000, 0.413	926.000, 0.416
927.000, 0.343	927.000, 0.278	927.000, 0.256	927.000, 0.246	927.000, 0.250	927.000, 0.487	927.000, 0.413	927.000, 0.417
928.000, 0.341	928.000, 0.280	928.000, 0.258	928.000, 0.248	928.000, 0.249	928.000, 0.487	928.000, 0.412	928.000, 0.417
929.000, 0.342	929.000, 0.282	929.000, 0.259	929.000, 0.250	929.000, 0.251	929.000, 0.487	929.000, 0.413	929.000, 0.415
930.000, 0.344	930.000, 0.282	930.000, 0.259	930.000, 0.250	930.000, 0.253	930.000, 0.488	930.000, 0.414	930.000, 0.414
931.000, 0.348	931.000, 0.280	931.000, 0.257	931.000, 0.250	931.000, 0.253	931.000, 0.490	931.000, 0.416	931.000, 0.417
932.000, 0.347	932.000, 0.277	932.000, 0.255	932.000, 0.250	932.000, 0.252	932.000, 0.492	932.000, 0.417	932.000, 0.419
933.000, 0.343	933.000, 0.276	933.000, 0.254	933.000, 0.250	933.000, 0.251	933.000, 0.493	933.000, 0.417	933.000, 0.421
934.000, 0.344	934.000, 0.285	934.000, 0.260	934.000, 0.250	934.000, 0.254	934.000, 0.489	934.000, 0.418	934.000, 0.419
935.000, 0.346	935.000, 0.287	935.000, 0.261	935.000, 0.247	935.000, 0.252	935.000, 0.486	935.000, 0.415	935.000, 0.416
936.000, 0.348	936.000, 0.279	936.000, 0.254	936.000, 0.243	936.000, 0.245	936.000, 0.485	936.000, 0.411	936.000, 0.412
937.000, 0.344	937.000, 0.278	937.000, 0.258	937.000, 0.248	937.000, 0.249	937.000, 0.487	937.000, 0.415	937.000, 0.412
938.000, 0.340	938.000, 0.282	938.000, 0.261	938.000, 0.254	938.000, 0.256	938.000, 0.489	938.000, 0.418	938.000, 0.414
939.000, 0.340	939.000, 0.286	939.000, 0.259	939.000, 0.254	939.000, 0.260	939.000, 0.492	939.000, 0.416	939.000, 0.418
940.000, 0.344	940.000, 0.283	940.000, 0.258	940.000, 0.249	940.000, 0.257	940.000, 0.493	940.000, 0.418	940.000, 0.420
941.000, 0.347	941.000, 0.281	941.000, 0.259	941.000, 0.245	941.000, 0.253	941.000, 0.493	941.000, 0.420	941.000, 0.420
942.000, 0.344	942.000, 0.288	942.000, 0.262	942.000, 0.248	942.000, 0.255	942.000, 0.495	942.000, 0.420	942.000, 0.419
943.000, 0.341	943.000, 0.289	943.000, 0.264	943.000, 0.249	943.000, 0.254	943.000, 0.495	943.000, 0.420	943.000, 0.420
944.000, 0.340	944.000, 0.285	944.000, 0.263	944.000, 0.248	944.000, 0.248	944.000, 0.492	944.000, 0.421	944.000, 0.422
945.000, 0.338	945.000, 0.280	945.000, 0.254	945.000, 0.246	945.000, 0.245	945.000, 0.493	945.000, 0.420	945.000, 0.421
946.000, 0.340	946.000, 0.278	946.000, 0.253	946.000, 0.247	946.000, 0.247	946.000, 0.495	946.000, 0.421	946.000, 0.422
947.000, 0.344	947.000, 0.280	947.000, 0.263	947.000, 0.251	947.000, 0.255	947.000, 0.497	947.000, 0.422	947.000, 0.424
948.000, 0.347	948.000, 0.286	948.000, 0.265	948.000, 0.253	948.000, 0.255	948.000, 0.494	948.000, 0.421	948.000, 0.422
949.000, 0.347	949.000, 0.290	949.000, 0.264	949.000, 0.253	949.000, 0.254	949.000, 0.493	949.000, 0.419	949.000, 0.420
950.000, 0.346	950.000, 0.288	950.000, 0.263	950.000, 0.251	950.000, 0.254	950.000, 0.498	950.000, 0.419	950.000, 0.422
951.000, 0.350	951.000, 0.285	951.000, 0.263	951.000, 0.249	951.000, 0.255	951.000, 0.503	951.000, 0.423	951.000, 0.424
952.000, 0.354	952.000, 0.281	952.000, 0.263	952.000, 0.247	952.000, 0.255	952.000, 0.505	952.000, 0.428	952.000, 0.424
953.000, 0.348	953.000, 0.281	953.000, 0.264	953.000, 0.243	953.000, 0.251	953.000, 0.500	953.000, 0.426	953.000, 0.422
954.000, 0.347	954.000, 0.281	954.000, 0.262	954.000, 0.242	954.000, 0.250	954.000, 0.498	954.000, 0.423	954.000, 0.421
955.000, 0.351	955.000, 0.282	955.000, 0.260	955.000, 0.245	955.000, 0.251	955.000, 0.498	955.000, 0.423	955.000, 0.423
956.000, 0.349	956.000, 0.282	956.000, 0.261	956.000, 0.248	956.000, 0.251	956.000, 0.498	956.000, 0.424	956.000, 0.423
957.000, 0.347	957.000, 0.283	957.000, 0.263	957.000, 0.250	957.000, 0.252	957.000, 0.496	957.000, 0.424	957.000, 0.423
958.000, 0.349	958.000, 0.283	958.000, 0.265	958.000, 0.252	958.000, 0.253	958.000, 0.490	958.000, 0.423	958.000, 0.424
959.000, 0.348	959.000, 0.283	959.000, 0.262	959.000, 0.247	959.000, 0.250	959.000, 0.493	959.000, 0.423	959.000, 0.423
960.000, 0.346	960.000, 0.284	960.000, 0.260	960.000, 0.243	960.000, 0.249	960.000, 0.497	960.000, 0.424	960.000, 0.421
961.000, 0.347	961.000, 0.287	961.000, 0.264	961.000, 0.250	961.000, 0.257	961.000, 0.496	961.000, 0.421	961.000, 0.419
962.000, 0.349	962.000, 0.287	962.000, 0.264	962.000, 0.254	962.000, 0.259	962.000, 0.497	962.000, 0.422	962.000, 0.422
963.000, 0.350	963.000, 0.285	963.000, 0.260	963.000, 0.251	963.000, 0.255	963.000, 0.501	963.000, 0.425	963.000, 0.427
964.000, 0.350	964.000, 0.282	964.000, 0.258	964.000, 0.248	964.000, 0.249	964.000, 0.501	964.000, 0.426	964.000, 0.425
965.000, 0.349	965.000, 0.282	965.000, 0.258	965.000, 0.246	965.000, 0.246	965.000, 0.500	965.000, 0.423	965.000, 0.423
966.000, 0.346	966.000, 0.285	966.000, 0.260	966.000, 0.247	966.000, 0.249	966.000, 0.497	966.000, 0.419	966.000, 0.423
967.000, 0.346	967.000, 0.281	967.000, 0.263	967.000, 0.249	967.000, 0.249	967.000, 0.496	967.000, 0.418	967.000, 0.423
968.000, 0.346	968.000, 0.279	968.000, 0.264	968.000, 0.251	968.000, 0.251	968.000, 0.495	968.000, 0.420	968.000, 0.424
969.000, 0.343	969.000, 0.286	969.000, 0.261	969.000, 0.252	969.000, 0.256	969.000, 0.497	969.000, 0.422	969.000, 0.425
970.000, 0.345	970.000, 0.286	970.000, 0.261	970.000, 0.252	970.000, 0.254	970.000, 0.501	970.000, 0.424	970.000, 0.428
971.000, 0.350	971.000, 0.282	971.000, 0.262	971.000, 0.251	971.000, 0.249	971.000, 0.504	971.000, 0.425	971.000, 0.429
972.000, 0.355	972.000, 0.284	972.000, 0.264	972.000, 0.251	972.000, 0.252	972.000, 0.499	972.000, 0.421	972.000, 0.423
973.000, 0.354	973.000, 0.284	973.000, 0.262	973.000, 0.250	973.000, 0.252	973.000, 0.497	973.000, 0.420	973.000, 0.421
974.000, 0.350	974.000, 0.283	974.000, 0.258	974.000, 0.250	974.000, 0.248	974.000, 0.499	974.000, 0.423	974.000, 0.425
975.000, 0.349	975.000, 0.279	975.000, 0.258	975.000, 0.248	975.000, 0.252	975.000, 0.503	975.000, 0.426	975.000, 0.428
976.000, 0.351	976.000, 0.280	976.000, 0.263	976.000, 0.249	976.000, 0.256	976.000, 0.506	976.000, 0.427	976.000, 0.430
977.000, 0.351	977.000, 0.286	977.000, 0.271	977.000, 0.253	977.000, 0.258	977.000, 0.506	977.000, 0.427	977.000, 0.430
978.000, 0.354	978.000, 0.291	978.000, 0.269	978.000, 0.252	978.000, 0.258	978.000, 0.505	978.000, 0.427	978.000, 0.429
979.000, 0.356	979.000, 0.291	979.000, 0.264	979.000, 0.248	979.000, 0.257	979.000, 0.503	979.000, 0.426	979.000, 0.428
980.000, 0.354	980.000, 0.289	980.000, 0.264	980.000, 0.246	980.000, 0.255	980.000, 0.501	980.000, 0.425	980.000, 0.429
981.000, 0.355	981.000, 0.287	981.000, 0.264	981.000, 0.250	981.000, 0.257	981.000, 0.501	981.000, 0.427	981.000, 0.430
982.000, 0.357	982.000, 0.287	982.000, 0.264	982.000, 0.257	982.000, 0.261	982.000, 0.502	982.000, 0.429	982.000, 0.430
983.000, 0.352	983.000, 0.287	983.000, 0.264	983.000, 0.252	983.000, 0.256	983.000, 0.503	983.000, 0.428	983.000, 0.428
984.000, 0.350	984.000, 0.291	984.000, 0.266	984.000, 0.250	984.000, 0.254	984.000, 0.505	984.000, 0.427	984.000, 0.428
985.000, 0.353	985.000, 0.297	985.000, 0.269	985.000, 0.254	985.000, 0.259	985.000, 0.506	985.000, 0.429	985.000, 0.430
986.000, 0.355	986.000, 0.294	986.000, 0.266	986.000, 0.254	986.000, 0.259	986.000, 0.504	986.000, 0.430	986.000, 0.429
987.000, 0.356	987.000, 0.288	987.000, 0.262	987.000, 0.252	987.000, 0.257	987.000, 0.501	987.000, 0.428	987.000, 0.427
988.000, 0.353	988.000, 0.286	988.000, 0.262	988.000, 0.252	988.000, 0.256	988.000, 0.500	988.000, 0.425	988.000, 0.428
989.000, 0.353	989.000, 0.287	989.000, 0.264	989.000, 0.253	989.000, 0.256	989.000, 0.500	989.000, 0.425	989.000, 0.428
990.000, 0.355	990.000, 0.290	990.000, 0.268	990.000, 0.255	990.000, 0.258	990.000, 0.502	990.000, 0.427	990.000, 0.429
991.000, 0.357	991.000, 0.292	991.000, 0.267	991.000, 0.254	991.000, 0.263	991.000, 0.504	991.000, 0.424	991.000, 0.432
992.000, 0.356	992.000, 0.287	992.000, 0.264	992.000, 0.252	992.000, 0.262	992.000, 0.506	992.000, 0.425	992.000, 0.435
993.000, 0.353	993.000, 0.278	993.000, 0.261	993.000, 0.250	993.000, 0.254	993.000, 0.508	993.000, 0.431	993.000, 0.436
994.000, 0.351	994.000, 0.283	994.000, 0.264	994.000, 0.252	994.000, 0.255	994.000, 0.502	994.000, 0.430	994.000, 0.432
995.000, 0.353	995.000, 0.289	995.000, 0.265	995.000, 0.252	995.000, 0.257	995.000, 0.498	995.000, 0.428	995.000, 0.430
996.000, 0.359	996.000, 0.288	996.000, 0.263	996.000, 0.251	996.000, 0.253	996.000, 0.500	996.000, 0.430	996.000, 0.434
997.000, 0.359	997.000, 0.292	997.000, 0.266	997.000, 0.256	997.000, 0.257	997.000, 0.501	997.000, 0.427	997.000, 0.433
998.000, 0.358	998.000, 0.293	998.000, 0.268	998.000, 0.262	998.000, 0.262	998.000, 0.501	998.000, 0.423	998.000, 0.429
999.000, 0.360	999.000, 0.287	999.000, 0.261	999.000, 0.256	999.000, 0.260	999.000, 0.504	999.000, 0.425	999.000, 0.431
1000.000, 0.363	1000.000, 0.284	1000.000, 0.259	1000.000, 0.248	1000.000, 0.252	1000.000, 0.505	1000.000, 0.425	1000.000, 0.430
1001.000, 0.363	1001.000, 0.284	1001.000, 0.262	1001.000, 0.241	1001.000, 0.244	1001.000, 0.506	1001.000, 0.426	1001.000, 0.428
1002.000, 0.355	1002.000, 0.283	1002.000, 0.259	1002.000, 0.242	1002.000, 0.252	1002.000, 0.510	1002.000, 0.431	1002.000, 0.433
1003.000, 0.350	1003.000, 0.288	1003.000, 0.259	1003.000, 0.244	1003.000, 0.260	1003.000, 0.512	1003.000, 0.434	1003.000, 0.435
1004.000, 0.352	1004.000, 0.297	1004.000, 0.264	1004.000, 0.247	1004.000, 0.260	1004.000, 0.511	1004.000, 0.433	1004.000, 0.433
1005.000, 0.354	1005.000, 0.297	1005.000, 0.269	1005.000, 0.252	1005.000, 0.257	1005.000, 0.512	1005.000, 0.431	1005.000, 0.436
1006.000, 0.359	1006.000, 0.293	1006.000, 0.270	1006.000, 0.257	1006.000, 0.255	1006.000, 0.512	1006.000, 0.429	1006.000, 0.438
1007.000, 0.365	1007.000, 0.290	1007.000, 0.265	1007.000, 0.259	1007.000, 0.257	1007.000, 0.510	1007.000, 0.429	1007.000, 0.432
1008.000, 0.359	1008.000, 0.289	1008.000, 0.261	1008.000, 0.258	1008.000, 0.254	1008.000, 0.506	1008.000, 0.429	1008.000, 0.429
1009.000, 0.347	1009.000, 0.290	1009.000, 0.262	1009.000, 0.255	1009.000, 0.251	1009.000, 0.505	1009.000, 0.429	1009.000, 0.430
1010.000, 0.343	1010.000, 0.297	1010.000, 0.269	1010.000, 0.257	1010.000, 0.263	1010.000, 0.512	1010.000, 0.430	1010.000, 0.433
1011.000, 0.347	1011.000, 0.299	1011.000, 0.276	1011.000, 0.257	1011.000, 0.269	1011.000, 0.512	1011.000, 0.430	1011.000, 0.434
1012.000, 0.357	1012.000, 0.294	1012.000, 0.278	1012.000, 0.255	1012.000, 0.265	1012.000, 0.504	1012.000, 0.429	1012.000, 0.432
1013.000, 0.366	1013.000, 0.287	1013.000, 0.270	1013.000, 0.254	1013.000, 0.263	1013.000, 0.502	1013.000, 0.435	1013.000, 0.436
1014.000, 0.366	1014.000, 0.286	1014.000, 0.266	1014.000, 0.259	1014.000, 0.268	1014.000, 0.502	1014.000, 0.436	1014.000, 0.436
1015.000, 0.356	1015.000, 0.294	1015.000, 0.273	1015.000, 0.270	1015.000, 0.278	1015.000, 0.502	1015.000, 0.430	1015.000, 0.429
1016.000, 0.358	1016.000, 0.301	1016.000, 0.279	1016.000, 0.263	1016.000, 0.276	1016.000, 0.508	1016.000, 0.433	1016.000, 0.431
1017.000, 0.367	1017.000, 0.305	1017.000, 0.280	1017.000, 0.255	1017.000, 0.269	1017.000, 0.510	1017.000, 0.435	1017.000, 0.436
1018.000, 0.370	1018.000, 0.305	1018.000, 0.272	1018.000, 0.265	1018.000, 0.267	1018.000, 0.499	1018.000, 0.425	1018.000, 0.435
1019.000, 0.368	1019.000, 0.307	1019.000, 0.267	1019.000, 0.270	1019.000, 0.270	1019.000, 0.496	1019.000, 0.425	1019.000, 0.432
1020.000, 0.363	1020.000, 0.309	1020.000, 0.268	1020.000, 0.266	1020.000, 0.274	1020.000, 0.500	1020.000, 0.434	1020.000, 0.430
1021.000, 0.370	1021.000, 0.306	1021.000, 0.276	1021.000, 0.260	1021.000, 0.271	1021.000, 0.502	1021.000, 0.434	1021.000, 0.436
1022.000, 0.370	1022.000, 0.304	1022.000, 0.279	1022.000, 0.259	1022.000, 0.269	1022.000, 0.506	1022.000, 0.433	1022.000, 0.439
1023.000, 0.361	1023.000, 0.306	1023.000, 0.275	1023.000, 0.264	1023.000, 0.271	1023.000, 0.510	1023.000, 0.434	1023.000, 0.438
1024.000, 0.356	1024.000, 0.302	1024.000, 0.272	1024.000, 0.267	1024.000, 0.269	1024.000, 0.506	1024.000, 0.432	1024.000, 0.434
1025.000, 0.354	1025.000, 0.302	1025.000, 0.273	1025.000, 0.269	1025.000, 0.267	1025.000, 0.504	1025.000, 0.432	1025.000, 0.436
1026.000, 0.357	1026.000, 0.309	1026.000, 0.278	1026.000, 0.267	1026.000, 0.267	1026.000, 0.513	1026.000, 0.438	1026.000, 0.448
1027.000, 0.364	1027.000, 0.294	1027.000, 0.277	1027.000, 0.245	1027.000, 0.261	1027.000, 0.515	1027.000, 0.440	1027.000, 0.448
1028.000, 0.373	1028.000, 0.275	1028.000, 0.273	1028.000, 0.223	1028.000, 0.258	1028.000, 0.513	1028.000, 0.439	1028.000, 0.442
1029.000, 0.375	1029.000, 0.284	1029.000, 0.277	1029.000, 0.245	1029.000, 0.270	1029.000, 0.516	1029.000, 0.444	1029.000, 0.445
1030.000, 0.374	1030.000, 0.294	1030.000, 0.276	1030.000, 0.258	1030.000, 0.268	1030.000, 0.520	1030.000, 0.446	1030.000, 0.447
1031.000, 0.367	1031.000, 0.298	1031.000, 0.271	1031.000, 0.252	1031.000, 0.254	1031.000, 0.521	1031.000, 0.445	1031.000, 0.446
1032.000, 0.353	1032.000, 0.307	1032.000, 0.267	1032.000, 0.248	1032.000, 0.266	1032.000, 0.518	1032.000, 0.445	1032.000, 0.443
1033.000, 0.354	1033.000, 0.313	1033.000, 0.270	1033.000, 0.252	1033.000, 0.277	1033.000, 0.517	1033.000, 0.446	1033.000, 0.444
1034.000, 0.378	1034.000, 0.313	1034.000, 0.279	1034.000, 0.264	1034.000, 0.277	1034.000, 0.520	1034.000, 0.446	1034.000, 0.450
1035.000, 0.374	1035.000, 0.313	1035.000, 0.276	1035.000, 0.267	1035.000, 0.280	1035.000, 0.512	1035.000, 0.435	1035.000, 0.439
1036.000, 0.360	1036.000, 0.308	1036.000, 0.270	1036.000, 0.264	1036.000, 0.283	1036.000, 0.503	1036.000, 0.426	1036.000, 0.428
1037.000, 0.360	1037.000, 0.295	1037.000, 0.268	1037.000, 0.259	1037.000, 0.282	1037.000, 0.508	1037.000, 0.435	1037.000, 0.440
1038.000, 0.360	1038.000, 0.305	1038.000, 0.275	1038.000, 0.268	1038.000, 0.283	1038.000, 0.517	1038.000, 0.448	1038.000, 0.448
1039.000, 0.357	1039.000, 0.327	1039.000, 0.286	1039.000, 0.280	1039.000, 0.281	1039.000, 0.524	1039.000, 0.454	1039.000, 0.448
1040.000, 0.344	1040.000, 0.316	1040.000, 0.294	1040.000, 0.269	1040.000, 0.261	1040.000, 0.517	1040.000, 0.431	1040.000, 0.442
1041.000, 0.344	1041.000, 0.307	1041.000, 0.283	1041.000, 0.260	1041.000, 0.249	1041.000, 0.513	1041.000, 0.421	1041.000, 0.437
1042.000, 0.362	1042.000, 0.308	1042.000, 0.257	1042.000, 0.259	1042.000, 0.251	1042.000, 0.515	1042.000, 0.437	1042.000, 0.435
1043.000, 0.375	1043.000, 0.292	1043.000, 0.259	1043.000, 0.245	1043.000, 0.257	1043.000, 0.518	1043.000, 0.448	1043.000, 0.439
1044.000, 0.381	1044.000, 0.289	1044.000, 0.273	1044.000, 0.246	1044.000, 0.270	1044.000, 0.522	1044.000, 0.457	1044.000, 0.449
1045.000, 0.382	1045.000, 0.315	1045.000, 0.282	1045.000, 0.274	1045.000, 0.291	1045.000, 0.526	1045.000, 0.464	1045.000, 0.463
1046.000, 0.380	1046.000, 0.312	1046.000, 0.276	1046.000, 0.258	1046.000, 0.280	1046.000, 0.525	1046.000, 0.452	1046.000, 0.446
1047.000, 0.377	1047.000, 0.291	1047.000, 0.265	1047.000, 0.228	1047.000, 0.256	1047.000, 0.524	1047.000, 0.436	1047.000, 0.422
1048.000, 0.375	1048.000, 0.287	1048.000, 0.267	1048.000, 0.253	1048.000, 0.257	1048.000, 0.530	1048.000, 0.442	1048.000, 0.443
1049.000, 0.376	1049.000, 0.301	1049.000, 0.283	1049.000, 0.275	1049.000, 0.278	1049.000, 0.537	1049.000, 0.449	1049.000, 0.457
1050.000, 0.378	1050.000, 0.320	1050.000, 0.301	1050.000, 0.277	1050.000, 0.300	1050.000, 0.538	1050.000, 0.450	1050.000, 0.453
1051.000, 0.376	1051.000, 0.307	1051.000, 0.283	1051.000, 0.248	1051.000, 0.277	1051.000, 0.521	1051.000, 0.437	1051.000, 0.442
1052.000, 0.371	1052.000, 0.294	1052.000, 0.264	1052.000, 0.236	1052.000, 0.261	1052.000, 0.503	1052.000, 0.426	1052.000, 0.432
1053.000, 0.368	1053.000, 0.297	1053.000, 0.262	1053.000, 0.260	1053.000, 0.278	1053.000, 0.495	1053.000, 0.424	1053.000, 0.428
1054.000, 0.392	1054.000, 0.295	1054.000, 0.275	1054.000, 0.265	1054.000, 0.291	1054.000, 0.498	1054.000, 0.418	1054.000, 0.435
1055.000, 0.413	1055.000, 0.293	1055.000, 0.284	1055.000, 0.256	1055.000, 0.288	1055.000, 0.509	1055.000, 0.422	1055.000, 0.444
1056.000, 0.400	1056.000, 0.299	1056.000, 0.269	1056.000, 0.244	1056.000, 0.255	1056.000, 0.521	1056.000, 0.451	1056.000, 0.448
1057.000, 0.387	1057.000, 0.299	1057.000, 0.264	1057.000, 0.232	1057.000, 0.251	1057.000, 0.538	1057.000, 0.471	1057.000, 0.463
1058.000, 0.379	1058.000, 0.299	1058.000, 0.274	1058.000, 0.232	1058.000, 0.271	1058.000, 0.549	1058.000, 0.473	1058.000, 0.478
1059.000, 0.375	1059.000, 0.318	1059.000, 0.295	1059.000, 0.264	1059.000, 0.281	1059.000, 0.524	1059.000, 0.459	1059.000, 0.458
1060.000, 0.379	1060.000, 0.328	1060.000, 0.299	1060.000, 0.277	1060.000, 0.279	1060.000, 0.510	1060.000, 0.436	1060.000, 0.438
1061.000, 0.387	1061.000, 0.322	1061.000, 0.282	1061.000, 0.262	1061.000, 0.267	1061.000, 0.516	1061.000, 0.413	1061.000, 0.427
1062.000, 0.387	1062.000, 0.309	1062.000, 0.276	1062.000, 0.254	1062.000, 0.264	1062.000, 0.509	1062.000, 0.420	1062.000, 0.418
1063.000, 0.380	1063.000, 0.307	1063.000, 0.273	1063.000, 0.249	1063.000, 0.268	1063.000, 0.507	1063.000, 0.436	1063.000, 0.421
1064.000, 0.376	1064.000, 0.326	1064.000, 0.262	1064.000, 0.247	1064.000, 0.274	1064.000, 0.521	1064.000, 0.440	1064.000, 0.444
1065.000, 0.396	1065.000, 0.320	1065.000, 0.256	1065.000, 0.228	1065.000, 0.259	1065.000, 0.530	1065.000, 0.447	1065.000, 0.445
1066.000, 0.409	1066.000, 0.301	1066.000, 0.257	1066.000, 0.215	1066.000, 0.249	1066.000, 0.528	1066.000, 0.450	1066.000, 0.436
1067.000, 0.370	1067.000, 0.298	1067.000, 0.270	1067.000, 0.244	1067.000, 0.286	1067.000, 0.514	1067.000, 0.436	1067.000, 0.441
1068.000, 0.363	1068.000, 0.292	1068.000, 0.264	1068.000, 0.256	1068.000, 0.292	1068.000, 0.511	1068.000, 0.435	1068.000, 0.444
1069.000, 0.391	1069.000, 0.280	1069.000, 0.249	1069.000, 0.250	1069.000, 0.267	1069.000, 0.525	1069.000, 0.452	1069.000, 0.444
1070.000, 0.397	1070.000, 0.276	1070.000, 0.281	1070.000, 0.263	1070.000, 0.265	1070.000, 0.560	1070.000, 0.478	1070.000, 0.455
1071.000, 0.412	1071.000, 0.290	1071.000, 0.310	1071.000, 0.269	1071.000, 0.276	1071.000, 0.571	1071.000, 0.494	1071.000, 0.467
1072.000, 0.436	1072.000, 0.322	1072.000, 0.310	1072.000, 0.260	1072.000, 0.291	1072.000, 0.540	1072.000, 0.486	1072.000, 0.473
1073.000, 0.408	1073.000, 0.330	1073.000, 0.283	1073.000, 0.264	1073.000, 0.299	1073.000, 0.512	1073.000, 0.462	1073.000, 0.460
1074.000, 0.382	1074.000, 0.316	1074.000, 0.252	1074.000, 0.255	1074.000, 0.292	1074.000, 0.505	1074.000, 0.437	1074.000, 0.446
1075.000, 0.408	1075.000, 0.291	1075.000, 0.244	1075.000, 0.213	1075.000, 0.269	1075.000, 0.533	1075.000, 0.426	1075.000, 0.447
