325.000, 0.009	325.000, 0.005	325.000, 0.006	325.000, 0.008	325.000, 0.011
326.000, 0.010	326.000, 0.006	326.000, 0.009	326.000, 0.009	326.000, 0.009
327.000, 0.011	327.000, 0.008	327.000, 0.012	327.000, 0.012	327.000, 0.010
328.000, 0.016	328.000, 0.012	328.000, 0.014	328.000, 0.015	328.000, 0.018
329.000, 0.017	329.000, 0.013	329.000, 0.015	329.000, 0.015	329.000, 0.018
330.000, 0.015	330.000, 0.011	330.000, 0.016	330.000, 0.013	330.000, 0.012
331.000, 0.015	331.000, 0.014	331.000, 0.014	331.000, 0.014	331.000, 0.012
332.000, 0.015	332.000, 0.012	332.000, 0.013	332.000, 0.014	332.000, 0.011
333.000, 0.014	333.000, 0.006	333.000, 0.011	333.000, 0.014	333.000, 0.009
334.000, 0.012	334.000, 0.007	334.000, 0.009	334.000, 0.011	334.000, 0.006
335.000, 0.011	335.000, 0.011	335.000, 0.010	335.000, 0.010	335.000, 0.006
336.000, 0.015	336.000, 0.013	336.000, 0.015	336.000, 0.015	336.000, 0.015
337.000, 0.017	337.000, 0.013	337.000, 0.016	337.000, 0.018	337.000, 0.019
338.000, 0.016	338.000, 0.013	338.000, 0.014	338.000, 0.018	338.000, 0.018
339.000, 0.016	339.000, 0.012	339.000, 0.015	339.000, 0.015	339.000, 0.014
340.000, 0.017	340.000, 0.013	340.000, 0.016	340.000, 0.015	340.000, 0.014
341.000, 0.017	341.000, 0.014	341.000, 0.017	341.000, 0.016	341.000, 0.016
342.000, 0.015	342.000, 0.012	342.000, 0.011	342.000, 0.011	342.000, 0.014
343.000, 0.013	343.000, 0.010	343.000, 0.008	343.000, 0.008	343.000, 0.012
344.000, 0.014	344.000, 0.012	344.000, 0.010	344.000, 0.010	344.000, 0.013
345.000, 0.014	345.000, 0.012	345.000, 0.012	345.000, 0.013	345.000, 0.014
346.000, 0.014	346.000, 0.012	346.000, 0.013	346.000, 0.015	346.000, 0.014
347.000, 0.014	347.000, 0.013	347.000, 0.014	347.000, 0.015	347.000, 0.014
348.000, 0.014	348.000, 0.014	348.000, 0.015	348.000, 0.015	348.000, 0.014
349.000, 0.015	349.000, 0.013	349.000, 0.015	349.000, 0.016	349.000, 0.015
350.000, 0.018	350.000, 0.014	350.000, 0.016	350.000, 0.016	350.000, 0.017
351.000, 0.019	351.000, 0.016	351.000, 0.016	351.000, 0.017	351.000, 0.017
352.000, 0.018	352.000, 0.018	352.000, 0.015	352.000, 0.017	352.000, 0.017
353.000, 0.018	353.000, 0.018	353.000, 0.016	353.000, 0.017	353.000, 0.016
354.000, 0.019	354.000, 0.017	354.000, 0.017	354.000, 0.018	354.000, 0.016
355.000, 0.018	355.000, 0.016	355.000, 0.017	355.000, 0.020	355.000, 0.017
356.000, 0.019	356.000, 0.017	356.000, 0.017	356.000, 0.020	356.000, 0.018
357.000, 0.019	357.000, 0.019	357.000, 0.018	357.000, 0.019	357.000, 0.018
358.000, 0.019	358.000, 0.017	358.000, 0.018	358.000, 0.018	358.000, 0.018
359.000, 0.019	359.000, 0.017	359.000, 0.018	359.000, 0.017	359.000, 0.018
360.000, 0.020	360.000, 0.019	360.000, 0.018	360.000, 0.018	360.000, 0.019
361.000, 0.018	361.000, 0.016	361.000, 0.017	361.000, 0.018	361.000, 0.018
362.000, 0.018	362.000, 0.016	362.000, 0.017	362.000, 0.018	362.000, 0.018
363.000, 0.019	363.000, 0.018	363.000, 0.019	363.000, 0.019	363.000, 0.019
364.000, 0.020	364.000, 0.019	364.000, 0.019	364.000, 0.019	364.000, 0.019
365.000, 0.021	365.000, 0.019	365.000, 0.018	365.000, 0.020	365.000, 0.019
366.000, 0.021	366.000, 0.019	366.000, 0.018	366.000, 0.019	366.000, 0.019
367.000, 0.021	367.000, 0.019	367.000, 0.019	367.000, 0.019	367.000, 0.020
368.000, 0.021	368.000, 0.019	368.000, 0.020	368.000, 0.020	368.000, 0.020
369.000, 0.020	369.000, 0.018	369.000, 0.017	369.000, 0.019	369.000, 0.019
370.000, 0.020	370.000, 0.018	370.000, 0.016	370.000, 0.019	370.000, 0.018
371.000, 0.020	371.000, 0.018	371.000, 0.018	371.000, 0.019	371.000, 0.019
372.000, 0.020	372.000, 0.018	372.000, 0.017	372.000, 0.019	372.000, 0.018
373.000, 0.020	373.000, 0.018	373.000, 0.017	373.000, 0.019	373.000, 0.018
374.000, 0.021	374.000, 0.018	374.000, 0.018	374.000, 0.019	374.000, 0.019
375.000, 0.021	375.000, 0.019	375.000, 0.020	375.000, 0.020	375.000, 0.020
376.000, 0.022	376.000, 0.020	376.000, 0.021	376.000, 0.021	376.000, 0.021
377.000, 0.021	377.000, 0.019	377.000, 0.019	377.000, 0.021	377.000, 0.020
378.000, 0.021	378.000, 0.020	378.000, 0.019	378.000, 0.020	378.000, 0.020
379.000, 0.022	379.000, 0.020	379.000, 0.020	379.000, 0.021	379.000, 0.021
380.000, 0.021	380.000, 0.020	380.000, 0.019	380.000, 0.020	380.000, 0.020
381.000, 0.021	381.000, 0.020	381.000, 0.019	381.000, 0.020	381.000, 0.019
382.000, 0.022	382.000, 0.021	382.000, 0.020	382.000, 0.021	382.000, 0.020
383.000, 0.023	383.000, 0.021	383.000, 0.020	383.000, 0.021	383.000, 0.021
384.000, 0.022	384.000, 0.021	384.000, 0.020	384.000, 0.022	384.000, 0.021
385.000, 0.022	385.000, 0.019	385.000, 0.020	385.000, 0.021	385.000, 0.020
386.000, 0.022	386.000, 0.020	386.000, 0.019	386.000, 0.021	386.000, 0.020
387.000, 0.022	387.000, 0.021	387.000, 0.020	387.000, 0.022	387.000, 0.021
388.000, 0.024	388.000, 0.022	388.000, 0.022	388.000, 0.023	388.000, 0.022
389.000, 0.025	389.000, 0.022	389.000, 0.023	389.000, 0.024	389.000, 0.022
390.000, 0.024	390.000, 0.022	390.000, 0.022	390.000, 0.023	390.000, 0.022
391.000, 0.024	391.000, 0.022	391.000, 0.022	391.000, 0.023	391.000, 0.023
392.000, 0.024	392.000, 0.022	392.000, 0.022	392.000, 0.022	392.000, 0.023
393.000, 0.024	393.000, 0.022	393.000, 0.022	393.000, 0.023	393.000, 0.023
394.000, 0.025	394.000, 0.023	394.000, 0.023	394.000, 0.025	394.000, 0.023
395.000, 0.026	395.000, 0.024	395.000, 0.024	395.000, 0.026	395.000, 0.024
396.000, 0.025	396.000, 0.023	396.000, 0.023	396.000, 0.024	396.000, 0.023
397.000, 0.025	397.000, 0.023	397.000, 0.022	397.000, 0.024	397.000, 0.023
398.000, 0.025	398.000, 0.023	398.000, 0.023	398.000, 0.025	398.000, 0.024
399.000, 0.026	399.000, 0.025	399.000, 0.024	399.000, 0.025	399.000, 0.025
400.000, 0.026	400.000, 0.025	400.000, 0.024	400.000, 0.025	400.000, 0.025
401.000, 0.026	401.000, 0.025	401.000, 0.024	401.000, 0.025	401.000, 0.025
402.000, 0.026	402.000, 0.025	402.000, 0.024	402.000, 0.025	402.000, 0.025
403.000, 0.026	403.000, 0.026	403.000, 0.024	403.000, 0.025	403.000, 0.024
404.000, 0.026	404.000, 0.025	404.000, 0.024	404.000, 0.025	404.000, 0.024
405.000, 0.027	405.000, 0.025	405.000, 0.024	405.000, 0.025	405.000, 0.025
406.000, 0.027	406.000, 0.026	406.000, 0.025	406.000, 0.025	406.000, 0.026
407.000, 0.028	407.000, 0.026	407.000, 0.026	407.000, 0.026	407.000, 0.026
408.000, 0.028	408.000, 0.027	408.000, 0.026	408.000, 0.027	408.000, 0.026
409.000, 0.028	409.000, 0.026	409.000, 0.025	409.000, 0.026	409.000, 0.026
410.000, 0.028	410.000, 0.026	410.000, 0.025	410.000, 0.026	410.000, 0.026
411.000, 0.028	411.000, 0.026	411.000, 0.025	411.000, 0.026	411.000, 0.026
412.000, 0.028	412.000, 0.026	412.000, 0.026	412.000, 0.027	412.000, 0.026
413.000, 0.028	413.000, 0.026	413.000, 0.026	413.000, 0.027	413.000, 0.026
414.000, 0.029	414.000, 0.027	414.000, 0.026	414.000, 0.027	414.000, 0.027
415.000, 0.030	415.000, 0.027	415.000, 0.027	415.000, 0.027	415.000, 0.027
416.000, 0.030	416.000, 0.028	416.000, 0.027	416.000, 0.028	416.000, 0.027
417.000, 0.030	417.000, 0.029	417.000, 0.027	417.000, 0.028	417.000, 0.028
418.000, 0.030	418.000, 0.028	418.000, 0.027	418.000, 0.029	418.000, 0.027
419.000, 0.030	419.000, 0.028	419.000, 0.027	419.000, 0.029	419.000, 0.028
420.000, 0.030	420.000, 0.029	420.000, 0.028	420.000, 0.028	420.000, 0.028
421.000, 0.031	421.000, 0.029	421.000, 0.028	421.000, 0.029	421.000, 0.028
422.000, 0.031	422.000, 0.029	422.000, 0.028	422.000, 0.029	422.000, 0.028
423.000, 0.031	423.000, 0.030	423.000, 0.028	423.000, 0.030	423.000, 0.028
424.000, 0.031	424.000, 0.030	424.000, 0.029	424.000, 0.030	424.000, 0.029
425.000, 0.032	425.000, 0.030	425.000, 0.029	425.000, 0.030	425.000, 0.029
426.000, 0.032	426.000, 0.030	426.000, 0.029	426.000, 0.030	426.000, 0.029
427.000, 0.032	427.000, 0.031	427.000, 0.029	427.000, 0.030	427.000, 0.029
428.000, 0.033	428.000, 0.031	428.000, 0.030	428.000, 0.031	428.000, 0.030
429.000, 0.033	429.000, 0.031	429.000, 0.030	429.000, 0.031	429.000, 0.031
430.000, 0.033	430.000, 0.031	430.000, 0.030	430.000, 0.031	430.000, 0.031
431.000, 0.033	431.000, 0.031	431.000, 0.030	431.000, 0.031	431.000, 0.030
432.000, 0.033	432.000, 0.032	432.000, 0.030	432.000, 0.031	432.000, 0.031
433.000, 0.034	433.000, 0.032	433.000, 0.031	433.000, 0.032	433.000, 0.031
434.000, 0.034	434.000, 0.032	434.000, 0.031	434.000, 0.032	434.000, 0.031
435.000, 0.035	435.000, 0.033	435.000, 0.031	435.000, 0.032	435.000, 0.032
436.000, 0.035	436.000, 0.033	436.000, 0.032	436.000, 0.033	436.000, 0.032
437.000, 0.035	437.000, 0.033	437.000, 0.032	437.000, 0.033	437.000, 0.032
438.000, 0.035	438.000, 0.033	438.000, 0.032	438.000, 0.033	438.000, 0.032
439.000, 0.035	439.000, 0.034	439.000, 0.032	439.000, 0.033	439.000, 0.032
440.000, 0.036	440.000, 0.034	440.000, 0.032	440.000, 0.033	440.000, 0.033
441.000, 0.036	441.000, 0.034	441.000, 0.032	441.000, 0.034	441.000, 0.033
442.000, 0.036	442.000, 0.034	442.000, 0.033	442.000, 0.034	442.000, 0.033
443.000, 0.036	443.000, 0.035	443.000, 0.033	443.000, 0.034	443.000, 0.033
444.000, 0.037	444.000, 0.035	444.000, 0.034	444.000, 0.035	444.000, 0.034
445.000, 0.037	445.000, 0.035	445.000, 0.034	445.000, 0.035	445.000, 0.034
446.000, 0.037	446.000, 0.035	446.000, 0.034	446.000, 0.035	446.000, 0.034
447.000, 0.037	447.000, 0.035	447.000, 0.034	447.000, 0.035	447.000, 0.034
448.000, 0.037	448.000, 0.036	448.000, 0.034	448.000, 0.035	448.000, 0.034
449.000, 0.038	449.000, 0.036	449.000, 0.035	449.000, 0.036	449.000, 0.035
450.000, 0.038	450.000, 0.036	450.000, 0.035	450.000, 0.036	450.000, 0.035
451.000, 0.039	451.000, 0.036	451.000, 0.035	451.000, 0.036	451.000, 0.035
452.000, 0.039	452.000, 0.037	452.000, 0.035	452.000, 0.036	452.000, 0.035
453.000, 0.039	453.000, 0.037	453.000, 0.035	453.000, 0.037	453.000, 0.036
454.000, 0.039	454.000, 0.037	454.000, 0.036	454.000, 0.037	454.000, 0.036
455.000, 0.039	455.000, 0.037	455.000, 0.036	455.000, 0.037	455.000, 0.036
456.000, 0.040	456.000, 0.038	456.000, 0.037	456.000, 0.037	456.000, 0.037
457.000, 0.040	457.000, 0.038	457.000, 0.037	457.000, 0.038	457.000, 0.037
458.000, 0.040	458.000, 0.038	458.000, 0.037	458.000, 0.038	458.000, 0.037
459.000, 0.040	459.000, 0.038	459.000, 0.037	459.000, 0.038	459.000, 0.037
460.000, 0.041	460.000, 0.039	460.000, 0.037	460.000, 0.039	460.000, 0.037
461.000, 0.041	461.000, 0.039	461.000, 0.038	461.000, 0.039	461.000, 0.038
462.000, 0.041	462.000, 0.039	462.000, 0.038	462.000, 0.039	462.000, 0.038
463.000, 0.041	463.000, 0.039	463.000, 0.038	463.000, 0.039	463.000, 0.038
464.000, 0.041	464.000, 0.039	464.000, 0.038	464.000, 0.039	464.000, 0.038
465.000, 0.042	465.000, 0.039	465.000, 0.038	465.000, 0.039	465.000, 0.038
466.000, 0.042	466.000, 0.040	466.000, 0.039	466.000, 0.040	466.000, 0.039
467.000, 0.043	467.000, 0.041	467.000, 0.039	467.000, 0.040	467.000, 0.039
468.000, 0.043	468.000, 0.041	468.000, 0.039	468.000, 0.041	468.000, 0.039
469.000, 0.043	469.000, 0.040	469.000, 0.039	469.000, 0.041	469.000, 0.039
470.000, 0.043	470.000, 0.041	470.000, 0.039	470.000, 0.041	470.000, 0.040
471.000, 0.044	471.000, 0.041	471.000, 0.040	471.000, 0.042	471.000, 0.040
472.000, 0.044	472.000, 0.041	472.000, 0.040	472.000, 0.042	472.000, 0.040
473.000, 0.044	473.000, 0.042	473.000, 0.040	473.000, 0.042	473.000, 0.040
474.000, 0.045	474.000, 0.042	474.000, 0.040	474.000, 0.042	474.000, 0.041
475.000, 0.045	475.000, 0.042	475.000, 0.041	475.000, 0.042	475.000, 0.041
476.000, 0.045	476.000, 0.042	476.000, 0.041	476.000, 0.043	476.000, 0.041
477.000, 0.045	477.000, 0.042	477.000, 0.041	477.000, 0.043	477.000, 0.041
478.000, 0.045	478.000, 0.043	478.000, 0.041	478.000, 0.043	478.000, 0.041
479.000, 0.046	479.000, 0.043	479.000, 0.042	479.000, 0.043	479.000, 0.042
480.000, 0.046	480.000, 0.043	480.000, 0.042	480.000, 0.044	480.000, 0.043
481.000, 0.046	481.000, 0.044	481.000, 0.043	481.000, 0.044	481.000, 0.043
482.000, 0.047	482.000, 0.044	482.000, 0.043	482.000, 0.044	482.000, 0.043
483.000, 0.047	483.000, 0.044	483.000, 0.043	483.000, 0.044	483.000, 0.043
484.000, 0.047	484.000, 0.044	484.000, 0.043	484.000, 0.045	484.000, 0.043
485.000, 0.047	485.000, 0.044	485.000, 0.043	485.000, 0.045	485.000, 0.043
486.000, 0.047	486.000, 0.045	486.000, 0.043	486.000, 0.045	486.000, 0.044
487.000, 0.048	487.000, 0.045	487.000, 0.043	487.000, 0.046	487.000, 0.044
488.000, 0.048	488.000, 0.045	488.000, 0.044	488.000, 0.046	488.000, 0.044
489.000, 0.048	489.000, 0.045	489.000, 0.044	489.000, 0.046	489.000, 0.044
490.000, 0.048	490.000, 0.046	490.000, 0.044	490.000, 0.046	490.000, 0.045
491.000, 0.049	491.000, 0.046	491.000, 0.045	491.000, 0.047	491.000, 0.045
492.000, 0.049	492.000, 0.046	492.000, 0.045	492.000, 0.047	492.000, 0.045
493.000, 0.050	493.000, 0.046	493.000, 0.046	493.000, 0.047	493.000, 0.046
494.000, 0.050	494.000, 0.047	494.000, 0.046	494.000, 0.048	494.000, 0.046
495.000, 0.050	495.000, 0.047	495.000, 0.046	495.000, 0.048	495.000, 0.046
496.000, 0.050	496.000, 0.047	496.000, 0.046	496.000, 0.048	496.000, 0.046
497.000, 0.051	497.000, 0.047	497.000, 0.046	497.000, 0.048	497.000, 0.047
498.000, 0.051	498.000, 0.048	498.000, 0.047	498.000, 0.049	498.000, 0.047
499.000, 0.051	499.000, 0.048	499.000, 0.047	499.000, 0.049	499.000, 0.047
500.000, 0.052	500.000, 0.048	500.000, 0.047	500.000, 0.049	500.000, 0.048
501.000, 0.052	501.000, 0.049	501.000, 0.047	501.000, 0.050	501.000, 0.048
502.000, 0.052	502.000, 0.049	502.000, 0.048	502.000, 0.050	502.000, 0.048
503.000, 0.053	503.000, 0.049	503.000, 0.048	503.000, 0.050	503.000, 0.049
504.000, 0.053	504.000, 0.050	504.000, 0.048	504.000, 0.051	504.000, 0.049
505.000, 0.054	505.000, 0.050	505.000, 0.049	505.000, 0.051	505.000, 0.050
506.000, 0.054	506.000, 0.050	506.000, 0.049	506.000, 0.052	506.000, 0.050
507.000, 0.054	507.000, 0.050	507.000, 0.049	507.000, 0.052	507.000, 0.050
508.000, 0.054	508.000, 0.051	508.000, 0.050	508.000, 0.052	508.000, 0.050
509.000, 0.055	509.000, 0.051	509.000, 0.050	509.000, 0.052	509.000, 0.051
510.000, 0.055	510.000, 0.051	510.000, 0.050	510.000, 0.053	510.000, 0.051
511.000, 0.055	511.000, 0.051	511.000, 0.051	511.000, 0.053	511.000, 0.051
512.000, 0.056	512.000, 0.052	512.000, 0.051	512.000, 0.053	512.000, 0.051
513.000, 0.056	513.000, 0.052	513.000, 0.051	513.000, 0.054	513.000, 0.052
514.000, 0.057	514.000, 0.053	514.000, 0.052	514.000, 0.054	514.000, 0.053
515.000, 0.057	515.000, 0.054	515.000, 0.052	515.000, 0.055	515.000, 0.053
516.000, 0.058	516.000, 0.054	516.000, 0.053	516.000, 0.055	516.000, 0.053
517.000, 0.058	517.000, 0.054	517.000, 0.053	517.000, 0.055	517.000, 0.053
518.000, 0.059	518.000, 0.055	518.000, 0.053	518.000, 0.056	518.000, 0.054
519.000, 0.059	519.000, 0.055	519.000, 0.054	519.000, 0.056	519.000, 0.054
520.000, 0.059	520.000, 0.055	520.000, 0.054	520.000, 0.057	520.000, 0.055
521.000, 0.060	521.000, 0.056	521.000, 0.054	521.000, 0.057	521.000, 0.055
522.000, 0.060	522.000, 0.056	522.000, 0.055	522.000, 0.057	522.000, 0.055
523.000, 0.060	523.000, 0.056	523.000, 0.055	523.000, 0.058	523.000, 0.056
524.000, 0.061	524.000, 0.057	524.000, 0.056	524.000, 0.058	524.000, 0.056
525.000, 0.062	525.000, 0.057	525.000, 0.056	525.000, 0.059	525.000, 0.057
526.000, 0.062	526.000, 0.058	526.000, 0.057	526.000, 0.059	526.000, 0.057
527.000, 0.062	527.000, 0.058	527.000, 0.057	527.000, 0.060	527.000, 0.058
528.000, 0.063	528.000, 0.059	528.000, 0.057	528.000, 0.060	528.000, 0.058
529.000, 0.063	529.000, 0.059	529.000, 0.058	529.000, 0.061	529.000, 0.058
530.000, 0.064	530.000, 0.059	530.000, 0.058	530.000, 0.061	530.000, 0.059
531.000, 0.064	531.000, 0.060	531.000, 0.058	531.000, 0.061	531.000, 0.059
532.000, 0.064	532.000, 0.060	532.000, 0.059	532.000, 0.061	532.000, 0.060
533.000, 0.065	533.000, 0.060	533.000, 0.059	533.000, 0.062	533.000, 0.060
534.000, 0.065	534.000, 0.060	534.000, 0.059	534.000, 0.062	534.000, 0.060
535.000, 0.065	535.000, 0.061	535.000, 0.060	535.000, 0.062	535.000, 0.060
536.000, 0.066	536.000, 0.062	536.000, 0.060	536.000, 0.063	536.000, 0.061
537.000, 0.066	537.000, 0.062	537.000, 0.060	537.000, 0.063	537.000, 0.061
538.000, 0.067	538.000, 0.062	538.000, 0.061	538.000, 0.064	538.000, 0.061
539.000, 0.067	539.000, 0.062	539.000, 0.061	539.000, 0.064	539.000, 0.062
540.000, 0.067	540.000, 0.062	540.000, 0.061	540.000, 0.064	540.000, 0.062
541.000, 0.068	541.000, 0.063	541.000, 0.062	541.000, 0.065	541.000, 0.063
542.000, 0.068	542.000, 0.064	542.000, 0.062	542.000, 0.065	542.000, 0.063
543.000, 0.069	543.000, 0.064	543.000, 0.062	543.000, 0.066	543.000, 0.063
544.000, 0.069	544.000, 0.064	544.000, 0.063	544.000, 0.066	544.000, 0.064
545.000, 0.069	545.000, 0.064	545.000, 0.063	545.000, 0.066	545.000, 0.064
546.000, 0.069	546.000, 0.064	546.000, 0.063	546.000, 0.066	546.000, 0.064
547.000, 0.070	547.000, 0.065	547.000, 0.064	547.000, 0.067	547.000, 0.065
548.000, 0.070	548.000, 0.065	548.000, 0.064	548.000, 0.067	548.000, 0.065
549.000, 0.070	549.000, 0.065	549.000, 0.064	549.000, 0.067	549.000, 0.065
550.000, 0.071	550.000, 0.066	550.000, 0.064	550.000, 0.068	550.000, 0.066
551.000, 0.071	551.000, 0.066	551.000, 0.065	551.000, 0.068	551.000, 0.066
552.000, 0.071	552.000, 0.066	552.000, 0.065	552.000, 0.069	552.000, 0.067
553.000, 0.072	553.000, 0.067	553.000, 0.066	553.000, 0.069	553.000, 0.067
554.000, 0.072	554.000, 0.067	554.000, 0.066	554.000, 0.069	554.000, 0.067
555.000, 0.073	555.000, 0.067	555.000, 0.066	555.000, 0.070	555.000, 0.067
556.000, 0.073	556.000, 0.068	556.000, 0.067	556.000, 0.070	556.000, 0.068
557.000, 0.073	557.000, 0.068	557.000, 0.067	557.000, 0.070	557.000, 0.068
558.000, 0.073	558.000, 0.068	558.000, 0.067	558.000, 0.070	558.000, 0.068
559.000, 0.074	559.000, 0.068	559.000, 0.067	559.000, 0.071	559.000, 0.069
560.000, 0.074	560.000, 0.068	560.000, 0.067	560.000, 0.071	560.000, 0.069
561.000, 0.074	561.000, 0.069	561.000, 0.068	561.000, 0.071	561.000, 0.069
562.000, 0.075	562.000, 0.069	562.000, 0.068	562.000, 0.072	562.000, 0.070
563.000, 0.075	563.000, 0.069	563.000, 0.069	563.000, 0.072	563.000, 0.070
564.000, 0.075	564.000, 0.070	564.000, 0.069	564.000, 0.073	564.000, 0.070
565.000, 0.075	565.000, 0.070	565.000, 0.069	565.000, 0.073	565.000, 0.071
566.000, 0.075	566.000, 0.070	566.000, 0.069	566.000, 0.073	566.000, 0.071
567.000, 0.076	567.000, 0.070	567.000, 0.070	567.000, 0.073	567.000, 0.071
568.000, 0.076	568.000, 0.071	568.000, 0.070	568.000, 0.074	568.000, 0.071
569.000, 0.076	569.000, 0.071	569.000, 0.070	569.000, 0.074	569.000, 0.071
570.000, 0.077	570.000, 0.071	570.000, 0.071	570.000, 0.074	570.000, 0.072
571.000, 0.077	571.000, 0.071	571.000, 0.071	571.000, 0.075	571.000, 0.072
572.000, 0.077	572.000, 0.072	572.000, 0.071	572.000, 0.075	572.000, 0.072
573.000, 0.078	573.000, 0.072	573.000, 0.071	573.000, 0.075	573.000, 0.073
574.000, 0.078	574.000, 0.072	574.000, 0.072	574.000, 0.076	574.000, 0.073
575.000, 0.078	575.000, 0.072	575.000, 0.072	575.000, 0.076	575.000, 0.073
576.000, 0.078	576.000, 0.072	576.000, 0.072	576.000, 0.076	576.000, 0.073
577.000, 0.079	577.000, 0.073	577.000, 0.072	577.000, 0.077	577.000, 0.074
578.000, 0.079	578.000, 0.073	578.000, 0.073	578.000, 0.077	578.000, 0.074
579.000, 0.079	579.000, 0.073	579.000, 0.073	579.000, 0.077	579.000, 0.074
580.000, 0.079	580.000, 0.073	580.000, 0.073	580.000, 0.078	580.000, 0.075
581.000, 0.080	581.000, 0.073	581.000, 0.073	581.000, 0.078	581.000, 0.075
582.000, 0.080	582.000, 0.073	582.000, 0.073	582.000, 0.078	582.000, 0.075
583.000, 0.080	583.000, 0.074	583.000, 0.074	583.000, 0.078	583.000, 0.075
584.000, 0.080	584.000, 0.074	584.000, 0.074	584.000, 0.079	584.000, 0.076
585.000, 0.080	585.000, 0.074	585.000, 0.074	585.000, 0.079	585.000, 0.076
586.000, 0.080	586.000, 0.074	586.000, 0.074	586.000, 0.079	586.000, 0.076
587.000, 0.080	587.000, 0.074	587.000, 0.074	587.000, 0.079	587.000, 0.076
588.000, 0.081	588.000, 0.075	588.000, 0.074	588.000, 0.079	588.000, 0.077
589.000, 0.081	589.000, 0.075	589.000, 0.075	589.000, 0.079	589.000, 0.077
590.000, 0.082	590.000, 0.075	590.000, 0.075	590.000, 0.079	590.000, 0.077
591.000, 0.082	591.000, 0.075	591.000, 0.075	591.000, 0.079	591.000, 0.077
592.000, 0.082	592.000, 0.076	592.000, 0.075	592.000, 0.079	592.000, 0.078
593.000, 0.082	593.000, 0.076	593.000, 0.075	593.000, 0.079	593.000, 0.078
594.000, 0.082	594.000, 0.076	594.000, 0.075	594.000, 0.079	594.000, 0.078
595.000, 0.083	595.000, 0.076	595.000, 0.076	595.000, 0.080	595.000, 0.078
596.000, 0.083	596.000, 0.077	596.000, 0.076	596.000, 0.080	596.000, 0.079
597.000, 0.083	597.000, 0.077	597.000, 0.076	597.000, 0.081	597.000, 0.079
598.000, 0.084	598.000, 0.077	598.000, 0.077	598.000, 0.081	598.000, 0.079
599.000, 0.084	599.000, 0.077	599.000, 0.077	599.000, 0.082	599.000, 0.079
600.000, 0.084	600.000, 0.077	600.000, 0.078	600.000, 0.082	600.000, 0.079
601.000, 0.084	601.000, 0.078	601.000, 0.078	601.000, 0.083	601.000, 0.080
602.000, 0.085	602.000, 0.078	602.000, 0.079	602.000, 0.084	602.000, 0.081
603.000, 0.085	603.000, 0.078	603.000, 0.079	603.000, 0.084	603.000, 0.081
604.000, 0.085	604.000, 0.078	604.000, 0.079	604.000, 0.085	604.000, 0.081
605.000, 0.085	605.000, 0.078	605.000, 0.079	605.000, 0.085	605.000, 0.081
606.000, 0.086	606.000, 0.079	606.000, 0.080	606.000, 0.085	606.000, 0.082
607.000, 0.086	607.000, 0.080	607.000, 0.080	607.000, 0.086	607.000, 0.082
608.000, 0.087	608.000, 0.079	608.000, 0.080	608.000, 0.085	608.000, 0.082
609.000, 0.087	609.000, 0.080	609.000, 0.081	609.000, 0.086	609.000, 0.083
610.000, 0.087	610.000, 0.080	610.000, 0.081	610.000, 0.086	610.000, 0.083
611.000, 0.088	611.000, 0.080	611.000, 0.081	611.000, 0.087	611.000, 0.083
612.000, 0.088	612.000, 0.081	612.000, 0.081	612.000, 0.087	612.000, 0.084
613.000, 0.088	613.000, 0.081	613.000, 0.081	613.000, 0.087	613.000, 0.084
614.000, 0.088	614.000, 0.081	614.000, 0.082	614.000, 0.087	614.000, 0.084
615.000, 0.089	615.000, 0.081	615.000, 0.082	615.000, 0.088	615.000, 0.085
616.000, 0.089	616.000, 0.082	616.000, 0.082	616.000, 0.088	616.000, 0.085
617.000, 0.090	617.000, 0.082	617.000, 0.083	617.000, 0.088	617.000, 0.085
618.000, 0.090	618.000, 0.082	618.000, 0.083	618.000, 0.088	618.000, 0.086
619.000, 0.090	619.000, 0.082	619.000, 0.083	619.000, 0.089	619.000, 0.086
620.000, 0.090	620.000, 0.083	620.000, 0.084	620.000, 0.089	620.000, 0.086
621.000, 0.091	621.000, 0.083	621.000, 0.084	621.000, 0.090	621.000, 0.087
622.000, 0.091	622.000, 0.083	622.000, 0.084	622.000, 0.090	622.000, 0.087
623.000, 0.091	623.000, 0.083	623.000, 0.084	623.000, 0.090	623.000, 0.087
624.000, 0.091	624.000, 0.084	624.000, 0.085	624.000, 0.090	624.000, 0.087
625.000, 0.092	625.000, 0.084	625.000, 0.085	625.000, 0.090	625.000, 0.088
626.000, 0.092	626.000, 0.084	626.000, 0.085	626.000, 0.091	626.000, 0.088
627.000, 0.092	627.000, 0.085	627.000, 0.086	627.000, 0.092	627.000, 0.089
628.000, 0.093	628.000, 0.085	628.000, 0.086	628.000, 0.092	628.000, 0.089
629.000, 0.093	629.000, 0.085	629.000, 0.086	629.000, 0.092	629.000, 0.089
630.000, 0.094	630.000, 0.085	630.000, 0.086	630.000, 0.092	630.000, 0.089
631.000, 0.094	631.000, 0.086	631.000, 0.087	631.000, 0.093	631.000, 0.090
632.000, 0.094	632.000, 0.086	632.000, 0.087	632.000, 0.093	632.000, 0.090
633.000, 0.095	633.000, 0.086	633.000, 0.087	633.000, 0.094	633.000, 0.091
634.000, 0.095	634.000, 0.087	634.000, 0.088	634.000, 0.094	634.000, 0.091
635.000, 0.095	635.000, 0.087	635.000, 0.088	635.000, 0.094	635.000, 0.091
636.000, 0.095	636.000, 0.087	636.000, 0.088	636.000, 0.094	636.000, 0.091
637.000, 0.095	637.000, 0.087	637.000, 0.088	637.000, 0.094	637.000, 0.091
638.000, 0.096	638.000, 0.087	638.000, 0.089	638.000, 0.094	638.000, 0.092
639.000, 0.096	639.000, 0.088	639.000, 0.089	639.000, 0.095	639.000, 0.092
640.000, 0.096	640.000, 0.088	640.000, 0.089	640.000, 0.095	640.000, 0.092
641.000, 0.097	641.000, 0.089	641.000, 0.090	641.000, 0.096	641.000, 0.093
642.000, 0.097	642.000, 0.089	642.000, 0.090	642.000, 0.096	642.000, 0.093
643.000, 0.097	643.000, 0.089	643.000, 0.090	643.000, 0.096	643.000, 0.093
644.000, 0.097	644.000, 0.089	644.000, 0.090	644.000, 0.096	644.000, 0.093
645.000, 0.097	645.000, 0.089	645.000, 0.090	645.000, 0.097	645.000, 0.094
646.000, 0.098	646.000, 0.089	646.000, 0.091	646.000, 0.097	646.000, 0.094
647.000, 0.098	647.000, 0.089	647.000, 0.091	647.000, 0.097	647.000, 0.094
648.000, 0.098	648.000, 0.089	648.000, 0.091	648.000, 0.097	648.000, 0.094
649.000, 0.099	649.000, 0.090	649.000, 0.091	649.000, 0.098	649.000, 0.095
650.000, 0.099	650.000, 0.090	650.000, 0.092	650.000, 0.098	650.000, 0.095
651.000, 0.099	651.000, 0.090	651.000, 0.092	651.000, 0.098	651.000, 0.095
652.000, 0.099	652.000, 0.091	652.000, 0.092	652.000, 0.099	652.000, 0.096
653.000, 0.100	653.000, 0.091	653.000, 0.092	653.000, 0.099	653.000, 0.096
654.000, 0.100	654.000, 0.091	654.000, 0.093	654.000, 0.099	654.000, 0.096
655.000, 0.100	655.000, 0.091	655.000, 0.093	655.000, 0.100	655.000, 0.097
656.000, 0.101	656.000, 0.092	656.000, 0.094	656.000, 0.101	656.000, 0.097
657.000, 0.101	657.000, 0.092	657.000, 0.094	657.000, 0.101	657.000, 0.098
658.000, 0.101	658.000, 0.092	658.000, 0.094	658.000, 0.101	658.000, 0.098
659.000, 0.101	659.000, 0.092	659.000, 0.094	659.000, 0.101	659.000, 0.098
660.000, 0.102	660.000, 0.093	660.000, 0.094	660.000, 0.101	660.000, 0.099
661.000, 0.102	661.000, 0.093	661.000, 0.095	661.000, 0.102	661.000, 0.099
662.000, 0.102	662.000, 0.093	662.000, 0.095	662.000, 0.102	662.000, 0.099
663.000, 0.102	663.000, 0.093	663.000, 0.095	663.000, 0.102	663.000, 0.099
664.000, 0.103	664.000, 0.093	664.000, 0.095	664.000, 0.102	664.000, 0.099
665.000, 0.103	665.000, 0.094	665.000, 0.096	665.000, 0.103	665.000, 0.100
666.000, 0.103	666.000, 0.094	666.000, 0.096	666.000, 0.103	666.000, 0.100
667.000, 0.103	667.000, 0.093	667.000, 0.095	667.000, 0.103	667.000, 0.099
668.000, 0.103	668.000, 0.094	668.000, 0.096	668.000, 0.103	668.000, 0.100
669.000, 0.104	669.000, 0.094	669.000, 0.096	669.000, 0.103	669.000, 0.100
670.000, 0.104	670.000, 0.094	670.000, 0.097	670.000, 0.104	670.000, 0.101
671.000, 0.105	671.000, 0.095	671.000, 0.097	671.000, 0.104	671.000, 0.101
672.000, 0.105	672.000, 0.095	672.000, 0.098	672.000, 0.105	672.000, 0.102
673.000, 0.105	673.000, 0.095	673.000, 0.098	673.000, 0.105	673.000, 0.102
674.000, 0.105	674.000, 0.095	674.000, 0.098	674.000, 0.105	674.000, 0.102
675.000, 0.106	675.000, 0.095	675.000, 0.098	675.000, 0.105	675.000, 0.102
676.000, 0.106	676.000, 0.096	676.000, 0.098	676.000, 0.106	676.000, 0.103
677.000, 0.106	677.000, 0.097	677.000, 0.099	677.000, 0.106	677.000, 0.103
678.000, 0.107	678.000, 0.097	678.000, 0.099	678.000, 0.107	678.000, 0.103
679.000, 0.107	679.000, 0.097	679.000, 0.099	679.000, 0.107	679.000, 0.104
680.000, 0.107	680.000, 0.098	680.000, 0.100	680.000, 0.107	680.000, 0.104
681.000, 0.108	681.000, 0.098	681.000, 0.101	681.000, 0.108	681.000, 0.105
682.000, 0.109	682.000, 0.098	682.000, 0.101	682.000, 0.108	682.000, 0.105
683.000, 0.109	683.000, 0.099	683.000, 0.101	683.000, 0.109	683.000, 0.106
684.000, 0.109	684.000, 0.099	684.000, 0.102	684.000, 0.109	684.000, 0.106
685.000, 0.110	685.000, 0.100	685.000, 0.102	685.000, 0.110	685.000, 0.106
686.000, 0.111	686.000, 0.101	686.000, 0.103	686.000, 0.110	686.000, 0.107
687.000, 0.112	687.000, 0.102	687.000, 0.104	687.000, 0.111	687.000, 0.108
688.000, 0.112	688.000, 0.102	688.000, 0.104	688.000, 0.112	688.000, 0.109
689.000, 0.113	689.000, 0.103	689.000, 0.105	689.000, 0.113	689.000, 0.110
690.000, 0.114	690.000, 0.104	690.000, 0.106	690.000, 0.114	690.000, 0.110
691.000, 0.115	691.000, 0.105	691.000, 0.107	691.000, 0.114	691.000, 0.111
692.000, 0.116	692.000, 0.106	692.000, 0.108	692.000, 0.116	692.000, 0.112
693.000, 0.117	693.000, 0.107	693.000, 0.109	693.000, 0.117	693.000, 0.113
694.000, 0.118	694.000, 0.108	694.000, 0.110	694.000, 0.118	694.000, 0.114
695.000, 0.119	695.000, 0.109	695.000, 0.111	695.000, 0.118	695.000, 0.115
696.000, 0.120	696.000, 0.110	696.000, 0.111	696.000, 0.119	696.000, 0.116
697.000, 0.121	697.000, 0.111	697.000, 0.112	697.000, 0.120	697.000, 0.116
698.000, 0.122	698.000, 0.112	698.000, 0.113	698.000, 0.121	698.000, 0.117
699.000, 0.123	699.000, 0.112	699.000, 0.114	699.000, 0.122	699.000, 0.118
700.000, 0.124	700.000, 0.114	700.000, 0.115	700.000, 0.122	700.000, 0.119
701.000, 0.125	701.000, 0.115	701.000, 0.116	701.000, 0.123	701.000, 0.120
702.000, 0.126	702.000, 0.116	702.000, 0.117	702.000, 0.124	702.000, 0.121
703.000, 0.127	703.000, 0.117	703.000, 0.118	703.000, 0.126	703.000, 0.122
704.000, 0.128	704.000, 0.118	704.000, 0.119	704.000, 0.127	704.000, 0.123
705.000, 0.130	705.000, 0.119	705.000, 0.120	705.000, 0.127	705.000, 0.124
706.000, 0.131	706.000, 0.120	706.000, 0.121	706.000, 0.128	706.000, 0.125
707.000, 0.132	707.000, 0.121	707.000, 0.122	707.000, 0.129	707.000, 0.126
708.000, 0.132	708.000, 0.122	708.000, 0.122	708.000, 0.129	708.000, 0.127
709.000, 0.134	709.000, 0.123	709.000, 0.123	709.000, 0.130	709.000, 0.127
710.000, 0.135	710.000, 0.123	710.000, 0.124	710.000, 0.131	710.000, 0.128
711.000, 0.135	711.000, 0.125	711.000, 0.125	711.000, 0.132	711.000, 0.129
712.000, 0.136	712.000, 0.126	712.000, 0.126	712.000, 0.133	712.000, 0.130
713.000, 0.137	713.000, 0.126	713.000, 0.127	713.000, 0.134	713.000, 0.130
714.000, 0.138	714.000, 0.127	714.000, 0.127	714.000, 0.134	714.000, 0.131
715.000, 0.138	715.000, 0.127	715.000, 0.128	715.000, 0.135	715.000, 0.131
716.000, 0.139	716.000, 0.128	716.000, 0.128	716.000, 0.135	716.000, 0.132
717.000, 0.140	717.000, 0.129	717.000, 0.129	717.000, 0.136	717.000, 0.133
718.000, 0.141	718.000, 0.130	718.000, 0.130	718.000, 0.137	718.000, 0.133
719.000, 0.142	719.000, 0.131	719.000, 0.131	719.000, 0.138	719.000, 0.134
720.000, 0.143	720.000, 0.132	720.000, 0.132	720.000, 0.139	720.000, 0.135
721.000, 0.144	721.000, 0.133	721.000, 0.133	721.000, 0.139	721.000, 0.136
722.000, 0.145	722.000, 0.134	722.000, 0.133	722.000, 0.140	722.000, 0.137
723.000, 0.146	723.000, 0.135	723.000, 0.134	723.000, 0.141	723.000, 0.137
724.000, 0.147	724.000, 0.136	724.000, 0.135	724.000, 0.142	724.000, 0.138
725.000, 0.148	725.000, 0.136	725.000, 0.136	725.000, 0.143	725.000, 0.139
726.000, 0.149	726.000, 0.137	726.000, 0.136	726.000, 0.143	726.000, 0.139
727.000, 0.150	727.000, 0.138	727.000, 0.137	727.000, 0.144	727.000, 0.141
728.000, 0.151	728.000, 0.139	728.000, 0.138	728.000, 0.145	728.000, 0.141
729.000, 0.151	729.000, 0.140	729.000, 0.139	729.000, 0.146	729.000, 0.142
730.000, 0.152	730.000, 0.141	730.000, 0.140	730.000, 0.146	730.000, 0.143
731.000, 0.153	731.000, 0.142	731.000, 0.140	731.000, 0.147	731.000, 0.144
732.000, 0.154	732.000, 0.143	732.000, 0.141	732.000, 0.148	732.000, 0.144
733.000, 0.155	733.000, 0.143	733.000, 0.142	733.000, 0.149	733.000, 0.145
734.000, 0.156	734.000, 0.144	734.000, 0.143	734.000, 0.150	734.000, 0.146
735.000, 0.157	735.000, 0.145	735.000, 0.143	735.000, 0.150	735.000, 0.147
736.000, 0.158	736.000, 0.146	736.000, 0.144	736.000, 0.151	736.000, 0.148
737.000, 0.159	737.000, 0.147	737.000, 0.145	737.000, 0.152	737.000, 0.148
738.000, 0.159	738.000, 0.147	738.000, 0.145	738.000, 0.152	738.000, 0.149
739.000, 0.160	739.000, 0.148	739.000, 0.146	739.000, 0.153	739.000, 0.150
740.000, 0.161	740.000, 0.149	740.000, 0.148	740.000, 0.154	740.000, 0.151
741.000, 0.161	741.000, 0.149	741.000, 0.148	741.000, 0.155	741.000, 0.151
742.000, 0.162	742.000, 0.150	742.000, 0.148	742.000, 0.155	742.000, 0.151
743.000, 0.162	743.000, 0.150	743.000, 0.148	743.000, 0.155	743.000, 0.152
744.000, 0.163	744.000, 0.151	744.000, 0.149	744.000, 0.156	744.000, 0.152
745.000, 0.164	745.000, 0.152	745.000, 0.150	745.000, 0.157	745.000, 0.153
746.000, 0.164	746.000, 0.152	746.000, 0.150	746.000, 0.157	746.000, 0.154
747.000, 0.165	747.000, 0.152	747.000, 0.151	747.000, 0.158	747.000, 0.154
748.000, 0.166	748.000, 0.153	748.000, 0.151	748.000, 0.158	748.000, 0.155
749.000, 0.166	749.000, 0.153	749.000, 0.152	749.000, 0.159	749.000, 0.155
750.000, 0.167	750.000, 0.154	750.000, 0.152	750.000, 0.160	750.000, 0.156
751.000, 0.168	751.000, 0.155	751.000, 0.153	751.000, 0.161	751.000, 0.157
752.000, 0.168	752.000, 0.155	752.000, 0.154	752.000, 0.161	752.000, 0.158
753.000, 0.169	753.000, 0.156	753.000, 0.154	753.000, 0.162	753.000, 0.158
754.000, 0.169	754.000, 0.156	754.000, 0.155	754.000, 0.162	754.000, 0.158
755.000, 0.169	755.000, 0.156	755.000, 0.155	755.000, 0.162	755.000, 0.158
756.000, 0.170	756.000, 0.157	756.000, 0.155	756.000, 0.163	756.000, 0.159
757.000, 0.170	757.000, 0.157	757.000, 0.155	757.000, 0.163	757.000, 0.159
758.000, 0.171	758.000, 0.158	758.000, 0.156	758.000, 0.163	758.000, 0.159
759.000, 0.171	759.000, 0.158	759.000, 0.157	759.000, 0.163	759.000, 0.159
760.000, 0.171	760.000, 0.159	760.000, 0.157	760.000, 0.163	760.000, 0.160
761.000, 0.171	761.000, 0.159	761.000, 0.157	761.000, 0.163	761.000, 0.160
762.000, 0.170	762.000, 0.158	762.000, 0.157	762.000, 0.164	762.000, 0.160
763.000, 0.171	763.000, 0.159	763.000, 0.158	763.000, 0.164	763.000, 0.161
764.000, 0.172	764.000, 0.160	764.000, 0.159	764.000, 0.165	764.000, 0.162
765.000, 0.174	765.000, 0.161	765.000, 0.160	765.000, 0.166	765.000, 0.163
766.000, 0.174	766.000, 0.161	766.000, 0.160	766.000, 0.167	766.000, 0.163
767.000, 0.175	767.000, 0.161	767.000, 0.160	767.000, 0.167	767.000, 0.164
768.000, 0.176	768.000, 0.162	768.000, 0.161	768.000, 0.168	768.000, 0.164
769.000, 0.176	769.000, 0.163	769.000, 0.161	769.000, 0.169	769.000, 0.165
770.000, 0.176	770.000, 0.163	770.000, 0.162	770.000, 0.169	770.000, 0.165
771.000, 0.177	771.000, 0.163	771.000, 0.162	771.000, 0.169	771.000, 0.165
772.000, 0.177	772.000, 0.164	772.000, 0.163	772.000, 0.170	772.000, 0.166
773.000, 0.178	773.000, 0.165	773.000, 0.163	773.000, 0.171	773.000, 0.167
774.000, 0.179	774.000, 0.166	774.000, 0.164	774.000, 0.172	774.000, 0.168
775.000, 0.179	775.000, 0.166	775.000, 0.165	775.000, 0.172	775.000, 0.169
776.000, 0.179	776.000, 0.165	776.000, 0.164	776.000, 0.172	776.000, 0.167
777.000, 0.179	777.000, 0.165	777.000, 0.164	777.000, 0.172	777.000, 0.168
778.000, 0.180	778.000, 0.166	778.000, 0.165	778.000, 0.173	778.000, 0.169
779.000, 0.180	779.000, 0.166	779.000, 0.166	779.000, 0.173	779.000, 0.169
780.000, 0.181	780.000, 0.167	780.000, 0.166	780.000, 0.174	780.000, 0.170
781.000, 0.182	781.000, 0.168	781.000, 0.167	781.000, 0.175	781.000, 0.171
782.000, 0.181	782.000, 0.168	782.000, 0.167	782.000, 0.175	782.000, 0.171
783.000, 0.182	783.000, 0.168	783.000, 0.167	783.000, 0.175	783.000, 0.171
784.000, 0.183	784.000, 0.169	784.000, 0.168	784.000, 0.176	784.000, 0.172
785.000, 0.183	785.000, 0.170	785.000, 0.168	785.000, 0.176	785.000, 0.172
786.000, 0.184	786.000, 0.170	786.000, 0.169	786.000, 0.176	786.000, 0.173
787.000, 0.184	787.000, 0.170	787.000, 0.169	787.000, 0.177	787.000, 0.173
788.000, 0.184	788.000, 0.170	788.000, 0.169	788.000, 0.177	788.000, 0.173
789.000, 0.184	789.000, 0.171	789.000, 0.170	789.000, 0.178	789.000, 0.173
790.000, 0.185	790.000, 0.171	790.000, 0.170	790.000, 0.178	790.000, 0.174
791.000, 0.185	791.000, 0.172	791.000, 0.171	791.000, 0.179	791.000, 0.174
792.000, 0.186	792.000, 0.172	792.000, 0.171	792.000, 0.179	792.000, 0.175
793.000, 0.187	793.000, 0.173	793.000, 0.172	793.000, 0.180	793.000, 0.176
794.000, 0.188	794.000, 0.173	794.000, 0.173	794.000, 0.181	794.000, 0.176
795.000, 0.187	795.000, 0.174	795.000, 0.173	795.000, 0.181	795.000, 0.176
796.000, 0.188	796.000, 0.175	796.000, 0.173	796.000, 0.181	796.000, 0.177
797.000, 0.189	797.000, 0.175	797.000, 0.173	797.000, 0.182	797.000, 0.177
798.000, 0.189	798.000, 0.175	798.000, 0.175	798.000, 0.183	798.000, 0.178
799.000, 0.190	799.000, 0.176	799.000, 0.175	799.000, 0.183	799.000, 0.179
800.000, 0.190	800.000, 0.176	800.000, 0.175	800.000, 0.183	800.000, 0.179
801.000, 0.191	801.000, 0.176	801.000, 0.175	801.000, 0.183	801.000, 0.179
802.000, 0.191	802.000, 0.176	802.000, 0.176	802.000, 0.184	802.000, 0.180
803.000, 0.191	803.000, 0.177	803.000, 0.177	803.000, 0.184	803.000, 0.181
804.000, 0.192	804.000, 0.177	804.000, 0.177	804.000, 0.184	804.000, 0.181
805.000, 0.193	805.000, 0.177	805.000, 0.178	805.000, 0.185	805.000, 0.181
806.000, 0.193	806.000, 0.178	806.000, 0.178	806.000, 0.186	806.000, 0.182
807.000, 0.194	807.000, 0.179	807.000, 0.178	807.000, 0.186	807.000, 0.182
808.000, 0.194	808.000, 0.180	808.000, 0.179	808.000, 0.187	808.000, 0.183
809.000, 0.194	809.000, 0.180	809.000, 0.179	809.000, 0.188	809.000, 0.183
810.000, 0.194	810.000, 0.180	810.000, 0.179	810.000, 0.188	810.000, 0.183
811.000, 0.195	811.000, 0.180	811.000, 0.180	811.000, 0.188	811.000, 0.184
812.000, 0.194	812.000, 0.180	812.000, 0.180	812.000, 0.188	812.000, 0.184
813.000, 0.194	813.000, 0.179	813.000, 0.180	813.000, 0.188	813.000, 0.183
814.000, 0.194	814.000, 0.180	814.000, 0.180	814.000, 0.188	814.000, 0.183
815.000, 0.195	815.000, 0.180	815.000, 0.179	815.000, 0.187	815.000, 0.183
816.000, 0.195	816.000, 0.179	816.000, 0.179	816.000, 0.188	816.000, 0.183
817.000, 0.196	817.000, 0.181	817.000, 0.181	817.000, 0.189	817.000, 0.184
818.000, 0.197	818.000, 0.181	818.000, 0.182	818.000, 0.189	818.000, 0.185
819.000, 0.197	819.000, 0.182	819.000, 0.182	819.000, 0.190	819.000, 0.186
820.000, 0.196	820.000, 0.182	820.000, 0.182	820.000, 0.190	820.000, 0.185
821.000, 0.196	821.000, 0.182	821.000, 0.182	821.000, 0.190	821.000, 0.186
822.000, 0.198	822.000, 0.183	822.000, 0.182	822.000, 0.191	822.000, 0.187
823.000, 0.199	823.000, 0.184	823.000, 0.183	823.000, 0.193	823.000, 0.188
824.000, 0.200	824.000, 0.185	824.000, 0.184	824.000, 0.193	824.000, 0.188
825.000, 0.200	825.000, 0.185	825.000, 0.185	825.000, 0.194	825.000, 0.189
826.000, 0.201	826.000, 0.186	826.000, 0.186	826.000, 0.194	826.000, 0.189
827.000, 0.202	827.000, 0.187	827.000, 0.187	827.000, 0.195	827.000, 0.190
828.000, 0.201	828.000, 0.186	828.000, 0.186	828.000, 0.194	828.000, 0.189
829.000, 0.201	829.000, 0.186	829.000, 0.186	829.000, 0.194	829.000, 0.189
830.000, 0.202	830.000, 0.186	830.000, 0.186	830.000, 0.195	830.000, 0.190
831.000, 0.202	831.000, 0.187	831.000, 0.187	831.000, 0.195	831.000, 0.191
832.000, 0.202	832.000, 0.188	832.000, 0.187	832.000, 0.196	832.000, 0.191
833.000, 0.203	833.000, 0.187	833.000, 0.186	833.000, 0.196	833.000, 0.190
834.000, 0.203	834.000, 0.187	834.000, 0.188	834.000, 0.197	834.000, 0.191
835.000, 0.204	835.000, 0.188	835.000, 0.189	835.000, 0.198	835.000, 0.193
836.000, 0.205	836.000, 0.189	836.000, 0.190	836.000, 0.198	836.000, 0.194
837.000, 0.206	837.000, 0.190	837.000, 0.190	837.000, 0.199	837.000, 0.194
838.000, 0.206	838.000, 0.191	838.000, 0.191	838.000, 0.199	838.000, 0.195
839.000, 0.206	839.000, 0.191	839.000, 0.192	839.000, 0.199	839.000, 0.195
840.000, 0.206	840.000, 0.191	840.000, 0.191	840.000, 0.200	840.000, 0.195
841.000, 0.206	841.000, 0.192	841.000, 0.191	841.000, 0.200	841.000, 0.194
842.000, 0.207	842.000, 0.193	842.000, 0.192	842.000, 0.200	842.000, 0.196
843.000, 0.208	843.000, 0.193	843.000, 0.193	843.000, 0.201	843.000, 0.197
844.000, 0.209	844.000, 0.193	844.000, 0.193	844.000, 0.202	844.000, 0.197
845.000, 0.209	845.000, 0.193	845.000, 0.193	845.000, 0.202	845.000, 0.197
846.000, 0.209	846.000, 0.193	846.000, 0.193	846.000, 0.202	846.000, 0.197
847.000, 0.208	847.000, 0.194	847.000, 0.193	847.000, 0.203	847.000, 0.197
848.000, 0.209	848.000, 0.195	848.000, 0.194	848.000, 0.204	848.000, 0.198
849.000, 0.211	849.000, 0.195	849.000, 0.196	849.000, 0.205	849.000, 0.200
850.000, 0.211	850.000, 0.195	850.000, 0.195	850.000, 0.204	850.000, 0.200
851.000, 0.210	851.000, 0.195	851.000, 0.195	851.000, 0.204	851.000, 0.200
852.000, 0.212	852.000, 0.196	852.000, 0.196	852.000, 0.205	852.000, 0.201
853.000, 0.213	853.000, 0.197	853.000, 0.197	853.000, 0.205	853.000, 0.201
854.000, 0.213	854.000, 0.198	854.000, 0.197	854.000, 0.205	854.000, 0.201
855.000, 0.213	855.000, 0.197	855.000, 0.198	855.000, 0.206	855.000, 0.201
856.000, 0.213	856.000, 0.197	856.000, 0.198	856.000, 0.207	856.000, 0.202
857.000, 0.214	857.000, 0.198	857.000, 0.197	857.000, 0.207	857.000, 0.202
858.000, 0.214	858.000, 0.199	858.000, 0.198	858.000, 0.207	858.000, 0.203
859.000, 0.214	859.000, 0.199	859.000, 0.198	859.000, 0.207	859.000, 0.203
860.000, 0.215	860.000, 0.199	860.000, 0.199	860.000, 0.208	860.000, 0.203
861.000, 0.215	861.000, 0.200	861.000, 0.200	861.000, 0.208	861.000, 0.203
862.000, 0.215	862.000, 0.200	862.000, 0.200	862.000, 0.208	862.000, 0.204
863.000, 0.215	863.000, 0.199	863.000, 0.200	863.000, 0.208	863.000, 0.204
864.000, 0.215	864.000, 0.199	864.000, 0.199	864.000, 0.208	864.000, 0.204
865.000, 0.216	865.000, 0.199	865.000, 0.199	865.000, 0.208	865.000, 0.204
866.000, 0.217	866.000, 0.202	866.000, 0.201	866.000, 0.209	866.000, 0.206
867.000, 0.217	867.000, 0.202	867.000, 0.202	867.000, 0.209	867.000, 0.206
868.000, 0.216	868.000, 0.200	868.000, 0.202	868.000, 0.209	868.000, 0.206
869.000, 0.218	869.000, 0.202	869.000, 0.203	869.000, 0.211	869.000, 0.207
870.000, 0.220	870.000, 0.203	870.000, 0.204	870.000, 0.212	870.000, 0.207
871.000, 0.220	871.000, 0.204	871.000, 0.205	871.000, 0.212	871.000, 0.207
872.000, 0.219	872.000, 0.204	872.000, 0.204	872.000, 0.212	872.000, 0.207
873.000, 0.220	873.000, 0.203	873.000, 0.204	873.000, 0.212	873.000, 0.207
874.000, 0.220	874.000, 0.203	874.000, 0.204	874.000, 0.212	874.000, 0.208
875.000, 0.221	875.000, 0.204	875.000, 0.205	875.000, 0.213	875.000, 0.208
876.000, 0.222	876.000, 0.204	876.000, 0.205	876.000, 0.214	876.000, 0.208
877.000, 0.221	877.000, 0.205	877.000, 0.205	877.000, 0.214	877.000, 0.208
878.000, 0.220	878.000, 0.205	878.000, 0.205	878.000, 0.214	878.000, 0.208
879.000, 0.221	879.000, 0.205	879.000, 0.205	879.000, 0.216	879.000, 0.209
880.000, 0.222	880.000, 0.206	880.000, 0.206	880.000, 0.215	880.000, 0.210
881.000, 0.222	881.000, 0.205	881.000, 0.206	881.000, 0.214	881.000, 0.211
882.000, 0.220	882.000, 0.204	882.000, 0.205	882.000, 0.214	882.000, 0.210
883.000, 0.220	883.000, 0.205	883.000, 0.206	883.000, 0.215	883.000, 0.211
884.000, 0.223	884.000, 0.206	884.000, 0.208	884.000, 0.216	884.000, 0.212
885.000, 0.223	885.000, 0.207	885.000, 0.208	885.000, 0.216	885.000, 0.211
886.000, 0.222	886.000, 0.207	886.000, 0.208	886.000, 0.216	886.000, 0.210
887.000, 0.222	887.000, 0.206	887.000, 0.207	887.000, 0.217	887.000, 0.210
888.000, 0.222	888.000, 0.206	888.000, 0.206	888.000, 0.216	888.000, 0.211
889.000, 0.223	889.000, 0.207	889.000, 0.207	889.000, 0.217	889.000, 0.213
890.000, 0.224	890.000, 0.208	890.000, 0.208	890.000, 0.217	890.000, 0.214
891.000, 0.225	891.000, 0.208	891.000, 0.209	891.000, 0.218	891.000, 0.214
892.000, 0.225	892.000, 0.207	892.000, 0.210	892.000, 0.219	892.000, 0.214
893.000, 0.225	893.000, 0.209	893.000, 0.209	893.000, 0.219	893.000, 0.213
894.000, 0.226	894.000, 0.210	894.000, 0.211	894.000, 0.219	894.000, 0.214
895.000, 0.227	895.000, 0.210	895.000, 0.213	895.000, 0.220	895.000, 0.216
896.000, 0.225	896.000, 0.207	896.000, 0.210	896.000, 0.220	896.000, 0.214
897.000, 0.224	897.000, 0.207	897.000, 0.209	897.000, 0.220	897.000, 0.212
898.000, 0.226	898.000, 0.209	898.000, 0.210	898.000, 0.220	898.000, 0.214
899.000, 0.226	899.000, 0.210	899.000, 0.209	899.000, 0.220	899.000, 0.213
900.000, 0.226	900.000, 0.210	900.000, 0.208	900.000, 0.219	900.000, 0.213
901.000, 0.229	901.000, 0.210	901.000, 0.211	901.000, 0.220	901.000, 0.215
902.000, 0.230	902.000, 0.210	902.000, 0.213	902.000, 0.221	902.000, 0.217
903.000, 0.229	903.000, 0.211	903.000, 0.212	903.000, 0.222	903.000, 0.218
904.000, 0.228	904.000, 0.211	904.000, 0.211	904.000, 0.221	904.000, 0.215
905.000, 0.228	905.000, 0.211	905.000, 0.211	905.000, 0.221	905.000, 0.215
906.000, 0.228	906.000, 0.210	906.000, 0.212	906.000, 0.221	906.000, 0.216
907.000, 0.226	907.000, 0.211	907.000, 0.212	907.000, 0.221	907.000, 0.215
908.000, 0.227	908.000, 0.212	908.000, 0.212	908.000, 0.223	908.000, 0.216
909.000, 0.229	909.000, 0.213	909.000, 0.215	909.000, 0.224	909.000, 0.218
910.000, 0.230	910.000, 0.214	910.000, 0.216	910.000, 0.225	910.000, 0.221
911.000, 0.229	911.000, 0.215	911.000, 0.217	911.000, 0.225	911.000, 0.221
912.000, 0.229	912.000, 0.214	912.000, 0.216	912.000, 0.225	912.000, 0.218
913.000, 0.231	913.000, 0.215	913.000, 0.217	913.000, 0.226	913.000, 0.218
914.000, 0.234	914.000, 0.217	914.000, 0.217	914.000, 0.226	914.000, 0.222
915.000, 0.234	915.000, 0.216	915.000, 0.217	915.000, 0.226	915.000, 0.222
916.000, 0.233	916.000, 0.216	916.000, 0.216	916.000, 0.226	916.000, 0.221
917.000, 0.231	917.000, 0.215	917.000, 0.215	917.000, 0.227	917.000, 0.219
918.000, 0.232	918.000, 0.214	918.000, 0.216	918.000, 0.227	918.000, 0.220
919.000, 0.232	919.000, 0.213	919.000, 0.217	919.000, 0.226	919.000, 0.221
920.000, 0.232	920.000, 0.214	920.000, 0.217	920.000, 0.227	920.000, 0.220
921.000, 0.233	921.000, 0.215	921.000, 0.216	921.000, 0.226	921.000, 0.220
922.000, 0.234	922.000, 0.217	922.000, 0.216	922.000, 0.225	922.000, 0.222
923.000, 0.235	923.000, 0.219	923.000, 0.217	923.000, 0.228	923.000, 0.223
924.000, 0.235	924.000, 0.219	924.000, 0.220	924.000, 0.230	924.000, 0.224
925.000, 0.236	925.000, 0.218	925.000, 0.224	925.000, 0.229	925.000, 0.223
926.000, 0.236	926.000, 0.219	926.000, 0.224	926.000, 0.228	926.000, 0.221
927.000, 0.236	927.000, 0.220	927.000, 0.222	927.000, 0.229	927.000, 0.222
928.000, 0.237	928.000, 0.218	928.000, 0.220	928.000, 0.232	928.000, 0.227
929.000, 0.234	929.000, 0.215	929.000, 0.218	929.000, 0.230	929.000, 0.225
930.000, 0.230	930.000, 0.212	930.000, 0.217	930.000, 0.225	930.000, 0.222
931.000, 0.232	931.000, 0.213	931.000, 0.218	931.000, 0.225	931.000, 0.222
932.000, 0.231	932.000, 0.211	932.000, 0.218	932.000, 0.222	932.000, 0.220
933.000, 0.227	933.000, 0.207	933.000, 0.217	933.000, 0.217	933.000, 0.214
934.000, 0.223	934.000, 0.203	934.000, 0.215	934.000, 0.218	934.000, 0.210
935.000, 0.220	935.000, 0.202	935.000, 0.207	935.000, 0.218	935.000, 0.208
936.000, 0.220	936.000, 0.204	936.000, 0.199	936.000, 0.217	936.000, 0.210
937.000, 0.226	937.000, 0.210	937.000, 0.211	937.000, 0.221	937.000, 0.213
938.000, 0.229	938.000, 0.214	938.000, 0.220	938.000, 0.224	938.000, 0.214
939.000, 0.224	939.000, 0.211	939.000, 0.211	939.000, 0.221	939.000, 0.212
940.000, 0.226	940.000, 0.210	940.000, 0.209	940.000, 0.222	940.000, 0.216
941.000, 0.229	941.000, 0.212	941.000, 0.213	941.000, 0.224	941.000, 0.222
942.000, 0.228	942.000, 0.215	942.000, 0.218	942.000, 0.221	942.000, 0.223
943.000, 0.227	943.000, 0.213	943.000, 0.217	943.000, 0.216	943.000, 0.219
944.000, 0.228	944.000, 0.207	944.000, 0.213	944.000, 0.212	944.000, 0.215
945.000, 0.232	945.000, 0.208	945.000, 0.211	945.000, 0.220	945.000, 0.220
946.000, 0.232	946.000, 0.211	946.000, 0.210	946.000, 0.225	946.000, 0.221
947.000, 0.226	947.000, 0.212	947.000, 0.211	947.000, 0.221	947.000, 0.216
948.000, 0.226	948.000, 0.214	948.000, 0.213	948.000, 0.220	948.000, 0.216
949.000, 0.228	949.000, 0.214	949.000, 0.215	949.000, 0.221	949.000, 0.217
950.000, 0.227	950.000, 0.213	950.000, 0.212	950.000, 0.221	950.000, 0.216
951.000, 0.226	951.000, 0.212	951.000, 0.213	951.000, 0.225	951.000, 0.216
952.000, 0.227	952.000, 0.214	952.000, 0.219	952.000, 0.230	952.000, 0.219
953.000, 0.237	953.000, 0.227	953.000, 0.225	953.000, 0.234	953.000, 0.229
954.000, 0.238	954.000, 0.226	954.000, 0.220	954.000, 0.229	954.000, 0.230
955.000, 0.229	955.000, 0.212	955.000, 0.208	955.000, 0.220	955.000, 0.224
956.000, 0.229	956.000, 0.211	956.000, 0.213	956.000, 0.223	956.000, 0.224
957.000, 0.233	957.000, 0.216	957.000, 0.222	957.000, 0.231	957.000, 0.224
958.000, 0.236	958.000, 0.222	958.000, 0.226	958.000, 0.237	958.000, 0.220
959.000, 0.240	959.000, 0.222	959.000, 0.228	959.000, 0.235	959.000, 0.222
960.000, 0.241	960.000, 0.220	960.000, 0.227	960.000, 0.231	960.000, 0.226
961.000, 0.237	961.000, 0.225	961.000, 0.224	961.000, 0.233	961.000, 0.229
962.000, 0.235	962.000, 0.223	962.000, 0.224	962.000, 0.231	962.000, 0.229
963.000, 0.236	963.000, 0.216	963.000, 0.226	963.000, 0.227	963.000, 0.229
964.000, 0.240	964.000, 0.220	964.000, 0.223	964.000, 0.234	964.000, 0.229
965.000, 0.243	965.000, 0.220	965.000, 0.222	965.000, 0.235	965.000, 0.229
966.000, 0.245	966.000, 0.216	966.000, 0.225	966.000, 0.228	966.000, 0.228
967.000, 0.243	967.000, 0.221	967.000, 0.225	967.000, 0.227	967.000, 0.228
968.000, 0.240	968.000, 0.226	968.000, 0.222	968.000, 0.229	968.000, 0.230
969.000, 0.241	969.000, 0.226	969.000, 0.220	969.000, 0.230	969.000, 0.237
970.000, 0.241	970.000, 0.223	970.000, 0.224	970.000, 0.235	970.000, 0.238
971.000, 0.242	971.000, 0.222	971.000, 0.230	971.000, 0.239	971.000, 0.234
972.000, 0.244	972.000, 0.227	972.000, 0.229	972.000, 0.237	972.000, 0.236
973.000, 0.245	973.000, 0.225	973.000, 0.226	973.000, 0.234	973.000, 0.233
974.000, 0.244	974.000, 0.215	974.000, 0.225	974.000, 0.234	974.000, 0.227
975.000, 0.243	975.000, 0.215	975.000, 0.225	975.000, 0.239	975.000, 0.226
976.000, 0.245	976.000, 0.223	976.000, 0.227	976.000, 0.242	976.000, 0.229
977.000, 0.247	977.000, 0.234	977.000, 0.232	977.000, 0.241	977.000, 0.233
978.000, 0.243	978.000, 0.234	978.000, 0.233	978.000, 0.241	978.000, 0.232
979.000, 0.241	979.000, 0.227	979.000, 0.233	979.000, 0.241	979.000, 0.231
980.000, 0.248	980.000, 0.222	980.000, 0.233	980.000, 0.240	980.000, 0.237
981.000, 0.250	981.000, 0.221	981.000, 0.236	981.000, 0.237	981.000, 0.236
982.000, 0.247	982.000, 0.223	982.000, 0.238	982.000, 0.232	982.000, 0.229
983.000, 0.242	983.000, 0.226	983.000, 0.230	983.000, 0.233	983.000, 0.226
984.000, 0.243	984.000, 0.227	984.000, 0.231	984.000, 0.240	984.000, 0.228
985.000, 0.251	985.000, 0.226	985.000, 0.241	985.000, 0.250	985.000, 0.236
986.000, 0.253	986.000, 0.229	986.000, 0.238	986.000, 0.246	986.000, 0.235
987.000, 0.249	987.000, 0.229	987.000, 0.231	987.000, 0.239	987.000, 0.230
988.000, 0.241	988.000, 0.222	988.000, 0.230	988.000, 0.237	988.000, 0.227
989.000, 0.242	989.000, 0.220	989.000, 0.230	989.000, 0.236	989.000, 0.228
990.000, 0.245	990.000, 0.221	990.000, 0.228	990.000, 0.234	990.000, 0.231
991.000, 0.241	991.000, 0.215	991.000, 0.222	991.000, 0.230	991.000, 0.230
992.000, 0.237	992.000, 0.213	992.000, 0.219	992.000, 0.229	992.000, 0.229
993.000, 0.237	993.000, 0.216	993.000, 0.221	993.000, 0.232	993.000, 0.227
994.000, 0.245	994.000, 0.225	994.000, 0.232	994.000, 0.233	994.000, 0.230
995.000, 0.252	995.000, 0.234	995.000, 0.240	995.000, 0.237	995.000, 0.233
996.000, 0.253	996.000, 0.237	996.000, 0.241	996.000, 0.248	996.000, 0.236
997.000, 0.257	997.000, 0.234	997.000, 0.237	997.000, 0.246	997.000, 0.239
998.000, 0.258	998.000, 0.227	998.000, 0.234	998.000, 0.242	998.000, 0.240
999.000, 0.246	999.000, 0.224	999.000, 0.233	999.000, 0.246	999.000, 0.239
1000.000, 0.241	1000.000, 0.226	1000.000, 0.230	1000.000, 0.242	1000.000, 0.239
1001.000, 0.243	1001.000, 0.230	1001.000, 0.225	1001.000, 0.232	1001.000, 0.237
1002.000, 0.245	1002.000, 0.222	1002.000, 0.229	1002.000, 0.238	1002.000, 0.230
1003.000, 0.246	1003.000, 0.222	1003.000, 0.235	1003.000, 0.246	1003.000, 0.229
1004.000, 0.247	1004.000, 0.233	1004.000, 0.240	1004.000, 0.251	1004.000, 0.235
1005.000, 0.254	1005.000, 0.234	1005.000, 0.234	1005.000, 0.248	1005.000, 0.244
1006.000, 0.259	1006.000, 0.234	1006.000, 0.230	1006.000, 0.249	1006.000, 0.248
1007.000, 0.255	1007.000, 0.242	1007.000, 0.235	1007.000, 0.259	1007.000, 0.243
1008.000, 0.250	1008.000, 0.235	1008.000, 0.234	1008.000, 0.246	1008.000, 0.235
1009.000, 0.248	1009.000, 0.219	1009.000, 0.229	1009.000, 0.226	1009.000, 0.230
1010.000, 0.254	1010.000, 0.217	1010.000, 0.232	1010.000, 0.233	1010.000, 0.234
1011.000, 0.251	1011.000, 0.218	1011.000, 0.225	1011.000, 0.240	1011.000, 0.233
1012.000, 0.240	1012.000, 0.221	1012.000, 0.212	1012.000, 0.237	1012.000, 0.225
1013.000, 0.238	1013.000, 0.222	1013.000, 0.216	1013.000, 0.232	1013.000, 0.219
1014.000, 0.243	1014.000, 0.227	1014.000, 0.228	1014.000, 0.238	1014.000, 0.225
1015.000, 0.251	1015.000, 0.236	1015.000, 0.238	1015.000, 0.255	1015.000, 0.244
1016.000, 0.247	1016.000, 0.232	1016.000, 0.237	1016.000, 0.241	1016.000, 0.235
1017.000, 0.243	1017.000, 0.224	1017.000, 0.229	1017.000, 0.220	1017.000, 0.220
1018.000, 0.253	1018.000, 0.226	1018.000, 0.226	1018.000, 0.226	1018.000, 0.231
1019.000, 0.249	1019.000, 0.222	1019.000, 0.227	1019.000, 0.227	1019.000, 0.237
1020.000, 0.236	1020.000, 0.218	1020.000, 0.229	1020.000, 0.225	1020.000, 0.234
1021.000, 0.237	1021.000, 0.238	1021.000, 0.226	1021.000, 0.244	1021.000, 0.230
1022.000, 0.251	1022.000, 0.251	1022.000, 0.227	1022.000, 0.252	1022.000, 0.228
1023.000, 0.271	1023.000, 0.246	1023.000, 0.234	1023.000, 0.241	1023.000, 0.230
1024.000, 0.258	1024.000, 0.225	1024.000, 0.233	1024.000, 0.234	1024.000, 0.228
1025.000, 0.242	1025.000, 0.212	1025.000, 0.231	1025.000, 0.230	1025.000, 0.226
1026.000, 0.244	1026.000, 0.224	1026.000, 0.233	1026.000, 0.231	1026.000, 0.227
1027.000, 0.244	1027.000, 0.225	1027.000, 0.233	1027.000, 0.240	1027.000, 0.234
1028.000, 0.241	1028.000, 0.218	1028.000, 0.234	1028.000, 0.248	1028.000, 0.243
1029.000, 0.240	1029.000, 0.226	1029.000, 0.241	1029.000, 0.232	1029.000, 0.248
1030.000, 0.250	1030.000, 0.228	1030.000, 0.249	1030.000, 0.231	1030.000, 0.250
1031.000, 0.265	1031.000, 0.223	1031.000, 0.253	1031.000, 0.247	1031.000, 0.250
1032.000, 0.271	1032.000, 0.233	1032.000, 0.256	1032.000, 0.251	1032.000, 0.245
1033.000, 0.263	1033.000, 0.233	1033.000, 0.252	1033.000, 0.248	1033.000, 0.242
1034.000, 0.246	1034.000, 0.217	1034.000, 0.243	1034.000, 0.244	1034.000, 0.242
1035.000, 0.260	1035.000, 0.229	1035.000, 0.235	1035.000, 0.252	1035.000, 0.235
1036.000, 0.270	1036.000, 0.239	1036.000, 0.227	1036.000, 0.258	1036.000, 0.228
1037.000, 0.238	1037.000, 0.213	1037.000, 0.216	1037.000, 0.241	1037.000, 0.228
1038.000, 0.237	1038.000, 0.200	1038.000, 0.222	1038.000, 0.225	1038.000, 0.229
1039.000, 0.259	1039.000, 0.207	1039.000, 0.238	1039.000, 0.221	1039.000, 0.228
1040.000, 0.256	1040.000, 0.225	1040.000, 0.243	1040.000, 0.241	1040.000, 0.224
1041.000, 0.237	1041.000, 0.234	1041.000, 0.237	1041.000, 0.238	1041.000, 0.214
1042.000, 0.214	1042.000, 0.227	1042.000, 0.223	1042.000, 0.206	1042.000, 0.204
1043.000, 0.228	1043.000, 0.222	1043.000, 0.211	1043.000, 0.211	1043.000, 0.217
1044.000, 0.247	1044.000, 0.219	1044.000, 0.214	1044.000, 0.224	1044.000, 0.222
1045.000, 0.242	1045.000, 0.214	1045.000, 0.235	1045.000, 0.221	1045.000, 0.196
1046.000, 0.242	1046.000, 0.193	1046.000, 0.229	1046.000, 0.236	1046.000, 0.189
1047.000, 0.247	1047.000, 0.181	1047.000, 0.214	1047.000, 0.260	1047.000, 0.203
1048.000, 0.249	1048.000, 0.218	1048.000, 0.226	1048.000, 0.272	1048.000, 0.235
1049.000, 0.252	1049.000, 0.222	1049.000, 0.236	1049.000, 0.258	1049.000, 0.232
1050.000, 0.250	1050.000, 0.188	1050.000, 0.240	1050.000, 0.224	1050.000, 0.197
1051.000, 0.234	1051.000, 0.196	1051.000, 0.249	1051.000, 0.206	1051.000, 0.191
1052.000, 0.225	1052.000, 0.202	1052.000, 0.248	1052.000, 0.210	1052.000, 0.196
1053.000, 0.230	1053.000, 0.191	1053.000, 0.233	1053.000, 0.232	1053.000, 0.198
1054.000, 0.224	1054.000, 0.192	1054.000, 0.206	1054.000, 0.234	1054.000, 0.190
1055.000, 0.231	1055.000, 0.207	1055.000, 0.198	1055.000, 0.237	1055.000, 0.195
1056.000, 0.274	1056.000, 0.231	1056.000, 0.239	1056.000, 0.261	1056.000, 0.238
1057.000, 0.249	1057.000, 0.212	1057.000, 0.259	1057.000, 0.231	1057.000, 0.225
1058.000, 0.185	1058.000, 0.172	1058.000, 0.248	1058.000, 0.180	1058.000, 0.182
1059.000, 0.208	1059.000, 0.196	1059.000, 0.211	1059.000, 0.238	1059.000, 0.216
1060.000, 0.258	1060.000, 0.234	1060.000, 0.213	1060.000, 0.270	1060.000, 0.245
1061.000, 0.294	1061.000, 0.252	1061.000, 0.251	1061.000, 0.245	1061.000, 0.240
1062.000, 0.238	1062.000, 0.177	1062.000, 0.219	1062.000, 0.202	1062.000, 0.183
1063.000, 0.177	1063.000, 0.131	1063.000, 0.192	1063.000, 0.186	1063.000, 0.151
1064.000, 0.194	1064.000, 0.209	1064.000, 0.231	1064.000, 0.230	1064.000, 0.206
1065.000, 0.214	1065.000, 0.219	1065.000, 0.220	1065.000, 0.261	1065.000, 0.216
1066.000, 0.213	1066.000, 0.182	1066.000, 0.178	1066.000, 0.250	1066.000, 0.197
1067.000, 0.164	1067.000, 0.160	1067.000, 0.150	1067.000, 0.162	1067.000, 0.194
1068.000, 0.171	1068.000, 0.206	1068.000, 0.211	1068.000, 0.186	1068.000, 0.214
1069.000, 0.227	1069.000, 0.273	1069.000, 0.297	1069.000, 0.287	1069.000, 0.232
1070.000, 0.239	1070.000, 0.224	1070.000, 0.234	1070.000, 0.258	1070.000, 0.186
1071.000, 0.238	1071.000, 0.203	1071.000, 0.167	1071.000, 0.217	1071.000, 0.159
1072.000, 0.239	1072.000, 0.258	1072.000, 0.161	1072.000, 0.211	1072.000, 0.188
1073.000, 0.270	1073.000, 0.233	1073.000, 0.184	1073.000, 0.227	1073.000, 0.228
1074.000, 0.286	1074.000, 0.198	1074.000, 0.211	1074.000, 0.237	1074.000, 0.236
1075.000, 0.248	1075.000, 0.233	1075.000, 0.218	1075.000, 0.214	1075.000, 0.187
