325.000, 0.012	325.000, 0.017	325.000, 0.000
326.000, 0.011	326.000, 0.018	326.000, 0.002
327.000, 0.009	327.000, 0.017	327.000, 0.005
328.000, 0.009	328.000, 0.014	328.000, 0.001
329.000, 0.005	329.000, 0.011	329.000, 0.000
330.000, 0.002	330.000, 0.009	330.000, 0.001
331.000, 0.010	331.000, 0.011	331.000, 0.008
332.000, 0.017	332.000, 0.015	332.000, 0.013
333.000, 0.021	333.000, 0.018	333.000, 0.014
334.000, 0.015	334.000, 0.016	334.000, 0.008
335.000, 0.007	335.000, 0.013	335.000, 0.003
336.000, 0.003	336.000, 0.013	336.000, 0.003
337.000, 0.009	337.000, 0.016	337.000, 0.008
338.000, 0.016	338.000, 0.018	338.000, 0.012
339.000, 0.008	339.000, 0.010	339.000, 0.004
340.000, 0.008	340.000, 0.010	340.000, 0.004
341.000, 0.017	341.000, 0.018	341.000, 0.011
342.000, 0.013	342.000, 0.015	342.000, 0.010
343.000, 0.010	343.000, 0.011	343.000, 0.007
344.000, 0.011	344.000, 0.011	344.000, 0.006
345.000, 0.012	345.000, 0.010	345.000, 0.007
346.000, 0.012	346.000, 0.010	346.000, 0.008
347.000, 0.013	347.000, 0.011	347.000, 0.008
348.000, 0.011	348.000, 0.011	348.000, 0.007
349.000, 0.009	349.000, 0.010	349.000, 0.006
350.000, 0.009	350.000, 0.011	350.000, 0.006
351.000, 0.011	351.000, 0.012	351.000, 0.008
352.000, 0.013	352.000, 0.013	352.000, 0.010
353.000, 0.014	353.000, 0.013	353.000, 0.010
354.000, 0.014	354.000, 0.014	354.000, 0.009
355.000, 0.013	355.000, 0.014	355.000, 0.007
356.000, 0.013	356.000, 0.013	356.000, 0.006
357.000, 0.013	357.000, 0.012	357.000, 0.006
358.000, 0.013	358.000, 0.012	358.000, 0.006
359.000, 0.011	359.000, 0.011	359.000, 0.007
360.000, 0.009	360.000, 0.010	360.000, 0.009
361.000, 0.011	361.000, 0.012	361.000, 0.009
362.000, 0.013	362.000, 0.014	362.000, 0.009
363.000, 0.015	363.000, 0.015	363.000, 0.011
364.000, 0.014	364.000, 0.014	364.000, 0.010
365.000, 0.012	365.000, 0.013	365.000, 0.009
366.000, 0.014	366.000, 0.015	366.000, 0.011
367.000, 0.014	367.000, 0.015	367.000, 0.011
368.000, 0.012	368.000, 0.012	368.000, 0.009
369.000, 0.013	369.000, 0.014	369.000, 0.010
370.000, 0.014	370.000, 0.016	370.000, 0.010
371.000, 0.014	371.000, 0.016	371.000, 0.010
372.000, 0.014	372.000, 0.015	372.000, 0.010
373.000, 0.014	373.000, 0.015	373.000, 0.011
374.000, 0.016	374.000, 0.017	374.000, 0.013
375.000, 0.016	375.000, 0.017	375.000, 0.012
376.000, 0.016	376.000, 0.017	376.000, 0.010
377.000, 0.017	377.000, 0.018	377.000, 0.011
378.000, 0.017	378.000, 0.017	378.000, 0.012
379.000, 0.016	379.000, 0.016	379.000, 0.012
380.000, 0.015	380.000, 0.015	380.000, 0.011
381.000, 0.014	381.000, 0.015	381.000, 0.011
382.000, 0.016	382.000, 0.015	382.000, 0.012
383.000, 0.016	383.000, 0.016	383.000, 0.011
384.000, 0.016	384.000, 0.016	384.000, 0.010
385.000, 0.017	385.000, 0.017	385.000, 0.012
386.000, 0.017	386.000, 0.018	386.000, 0.013
387.000, 0.017	387.000, 0.019	387.000, 0.013
388.000, 0.016	388.000, 0.019	388.000, 0.013
389.000, 0.017	389.000, 0.019	389.000, 0.013
390.000, 0.019	390.000, 0.020	390.000, 0.014
391.000, 0.019	391.000, 0.019	391.000, 0.014
392.000, 0.019	392.000, 0.019	392.000, 0.013
393.000, 0.021	393.000, 0.020	393.000, 0.015
394.000, 0.021	394.000, 0.022	394.000, 0.017
395.000, 0.020	395.000, 0.023	395.000, 0.018
396.000, 0.021	396.000, 0.022	396.000, 0.017
397.000, 0.021	397.000, 0.022	397.000, 0.016
398.000, 0.021	398.000, 0.022	398.000, 0.016
399.000, 0.021	399.000, 0.022	399.000, 0.016
400.000, 0.022	400.000, 0.022	400.000, 0.018
401.000, 0.024	401.000, 0.024	401.000, 0.018
402.000, 0.023	402.000, 0.024	402.000, 0.018
403.000, 0.023	403.000, 0.024	403.000, 0.018
404.000, 0.024	404.000, 0.024	404.000, 0.019
405.000, 0.024	405.000, 0.025	405.000, 0.019
406.000, 0.024	406.000, 0.025	406.000, 0.018
407.000, 0.025	407.000, 0.026	407.000, 0.019
408.000, 0.026	408.000, 0.027	408.000, 0.020
409.000, 0.026	409.000, 0.027	409.000, 0.021
410.000, 0.026	410.000, 0.027	410.000, 0.021
411.000, 0.026	411.000, 0.028	411.000, 0.021
412.000, 0.027	412.000, 0.028	412.000, 0.021
413.000, 0.028	413.000, 0.028	413.000, 0.021
414.000, 0.028	414.000, 0.029	414.000, 0.021
415.000, 0.028	415.000, 0.029	415.000, 0.022
416.000, 0.029	416.000, 0.029	416.000, 0.022
417.000, 0.029	417.000, 0.029	417.000, 0.023
418.000, 0.030	418.000, 0.030	418.000, 0.023
419.000, 0.030	419.000, 0.030	419.000, 0.023
420.000, 0.030	420.000, 0.030	420.000, 0.023
421.000, 0.030	421.000, 0.031	421.000, 0.023
422.000, 0.031	422.000, 0.031	422.000, 0.024
423.000, 0.031	423.000, 0.032	423.000, 0.024
424.000, 0.031	424.000, 0.032	424.000, 0.024
425.000, 0.031	425.000, 0.032	425.000, 0.024
426.000, 0.032	426.000, 0.032	426.000, 0.025
427.000, 0.032	427.000, 0.033	427.000, 0.025
428.000, 0.032	428.000, 0.033	428.000, 0.025
429.000, 0.032	429.000, 0.033	429.000, 0.025
430.000, 0.032	430.000, 0.033	430.000, 0.026
431.000, 0.033	431.000, 0.033	431.000, 0.026
432.000, 0.033	432.000, 0.034	432.000, 0.026
433.000, 0.034	433.000, 0.034	433.000, 0.027
434.000, 0.034	434.000, 0.034	434.000, 0.027
435.000, 0.034	435.000, 0.034	435.000, 0.027
436.000, 0.034	436.000, 0.034	436.000, 0.028
437.000, 0.034	437.000, 0.035	437.000, 0.027
438.000, 0.034	438.000, 0.035	438.000, 0.027
439.000, 0.034	439.000, 0.035	439.000, 0.027
440.000, 0.035	440.000, 0.036	440.000, 0.028
441.000, 0.035	441.000, 0.036	441.000, 0.029
442.000, 0.036	442.000, 0.036	442.000, 0.029
443.000, 0.035	443.000, 0.036	443.000, 0.029
444.000, 0.035	444.000, 0.036	444.000, 0.029
445.000, 0.036	445.000, 0.036	445.000, 0.029
446.000, 0.036	446.000, 0.037	446.000, 0.029
447.000, 0.036	447.000, 0.037	447.000, 0.029
448.000, 0.036	448.000, 0.037	448.000, 0.030
449.000, 0.037	449.000, 0.037	449.000, 0.030
450.000, 0.037	450.000, 0.037	450.000, 0.030
451.000, 0.037	451.000, 0.038	451.000, 0.030
452.000, 0.037	452.000, 0.038	452.000, 0.030
453.000, 0.037	453.000, 0.038	453.000, 0.030
454.000, 0.038	454.000, 0.038	454.000, 0.031
455.000, 0.038	455.000, 0.038	455.000, 0.031
456.000, 0.038	456.000, 0.039	456.000, 0.031
457.000, 0.038	457.000, 0.039	457.000, 0.031
458.000, 0.038	458.000, 0.039	458.000, 0.032
459.000, 0.039	459.000, 0.039	459.000, 0.032
460.000, 0.039	460.000, 0.040	460.000, 0.032
461.000, 0.039	461.000, 0.040	461.000, 0.032
462.000, 0.039	462.000, 0.040	462.000, 0.032
463.000, 0.039	463.000, 0.040	463.000, 0.033
464.000, 0.040	464.000, 0.040	464.000, 0.033
465.000, 0.040	465.000, 0.040	465.000, 0.033
466.000, 0.040	466.000, 0.040	466.000, 0.033
467.000, 0.040	467.000, 0.040	467.000, 0.033
468.000, 0.040	468.000, 0.041	468.000, 0.033
469.000, 0.040	469.000, 0.040	469.000, 0.033
470.000, 0.040	470.000, 0.040	470.000, 0.033
471.000, 0.040	471.000, 0.041	471.000, 0.033
472.000, 0.040	472.000, 0.041	472.000, 0.034
473.000, 0.041	473.000, 0.041	473.000, 0.034
474.000, 0.041	474.000, 0.041	474.000, 0.034
475.000, 0.041	475.000, 0.042	475.000, 0.034
476.000, 0.041	476.000, 0.042	476.000, 0.034
477.000, 0.041	477.000, 0.042	477.000, 0.034
478.000, 0.041	478.000, 0.042	478.000, 0.034
479.000, 0.041	479.000, 0.042	479.000, 0.035
480.000, 0.042	480.000, 0.042	480.000, 0.035
481.000, 0.042	481.000, 0.042	481.000, 0.035
482.000, 0.042	482.000, 0.042	482.000, 0.035
483.000, 0.042	483.000, 0.043	483.000, 0.035
484.000, 0.042	484.000, 0.043	484.000, 0.036
485.000, 0.042	485.000, 0.043	485.000, 0.036
486.000, 0.043	486.000, 0.043	486.000, 0.036
487.000, 0.043	487.000, 0.044	487.000, 0.036
488.000, 0.043	488.000, 0.044	488.000, 0.036
489.000, 0.043	489.000, 0.044	489.000, 0.037
490.000, 0.043	490.000, 0.044	490.000, 0.037
491.000, 0.043	491.000, 0.044	491.000, 0.037
492.000, 0.043	492.000, 0.044	492.000, 0.037
493.000, 0.044	493.000, 0.045	493.000, 0.037
494.000, 0.044	494.000, 0.045	494.000, 0.037
495.000, 0.045	495.000, 0.045	495.000, 0.038
496.000, 0.045	496.000, 0.045	496.000, 0.038
497.000, 0.045	497.000, 0.046	497.000, 0.038
498.000, 0.045	498.000, 0.046	498.000, 0.038
499.000, 0.046	499.000, 0.046	499.000, 0.039
500.000, 0.046	500.000, 0.047	500.000, 0.039
501.000, 0.046	501.000, 0.048	501.000, 0.039
502.000, 0.047	502.000, 0.048	502.000, 0.040
503.000, 0.048	503.000, 0.049	503.000, 0.040
504.000, 0.048	504.000, 0.050	504.000, 0.041
505.000, 0.049	505.000, 0.050	505.000, 0.041
506.000, 0.049	506.000, 0.051	506.000, 0.042
507.000, 0.050	507.000, 0.052	507.000, 0.042
508.000, 0.051	508.000, 0.052	508.000, 0.043
509.000, 0.052	509.000, 0.053	509.000, 0.043
510.000, 0.052	510.000, 0.054	510.000, 0.044
511.000, 0.053	511.000, 0.055	511.000, 0.045
512.000, 0.054	512.000, 0.056	512.000, 0.046
513.000, 0.055	513.000, 0.057	513.000, 0.046
514.000, 0.057	514.000, 0.058	514.000, 0.047
515.000, 0.058	515.000, 0.060	515.000, 0.048
516.000, 0.059	516.000, 0.061	516.000, 0.048
517.000, 0.060	517.000, 0.063	517.000, 0.049
518.000, 0.061	518.000, 0.064	518.000, 0.050
519.000, 0.063	519.000, 0.066	519.000, 0.052
520.000, 0.065	520.000, 0.068	520.000, 0.053
521.000, 0.066	521.000, 0.069	521.000, 0.054
522.000, 0.067	522.000, 0.071	522.000, 0.055
523.000, 0.069	523.000, 0.072	523.000, 0.056
524.000, 0.070	524.000, 0.074	524.000, 0.056
525.000, 0.071	525.000, 0.076	525.000, 0.057
526.000, 0.073	526.000, 0.077	526.000, 0.058
527.000, 0.074	527.000, 0.079	527.000, 0.059
528.000, 0.076	528.000, 0.080	528.000, 0.060
529.000, 0.077	529.000, 0.081	529.000, 0.061
530.000, 0.078	530.000, 0.083	530.000, 0.062
531.000, 0.079	531.000, 0.084	531.000, 0.063
532.000, 0.080	532.000, 0.085	532.000, 0.063
533.000, 0.081	533.000, 0.086	533.000, 0.064
534.000, 0.082	534.000, 0.087	534.000, 0.065
535.000, 0.083	535.000, 0.088	535.000, 0.065
536.000, 0.084	536.000, 0.089	536.000, 0.066
537.000, 0.085	537.000, 0.090	537.000, 0.067
538.000, 0.085	538.000, 0.091	538.000, 0.067
539.000, 0.086	539.000, 0.091	539.000, 0.068
540.000, 0.087	540.000, 0.092	540.000, 0.068
541.000, 0.087	541.000, 0.092	541.000, 0.069
542.000, 0.088	542.000, 0.093	542.000, 0.069
543.000, 0.088	543.000, 0.093	543.000, 0.069
544.000, 0.089	544.000, 0.094	544.000, 0.070
545.000, 0.089	545.000, 0.095	545.000, 0.070
546.000, 0.090	546.000, 0.095	546.000, 0.071
547.000, 0.091	547.000, 0.096	547.000, 0.071
548.000, 0.091	548.000, 0.096	548.000, 0.071
549.000, 0.091	549.000, 0.097	549.000, 0.072
550.000, 0.092	550.000, 0.097	550.000, 0.072
551.000, 0.092	551.000, 0.098	551.000, 0.072
552.000, 0.093	552.000, 0.098	552.000, 0.073
553.000, 0.093	553.000, 0.098	553.000, 0.073
554.000, 0.093	554.000, 0.098	554.000, 0.073
555.000, 0.093	555.000, 0.099	555.000, 0.073
556.000, 0.093	556.000, 0.098	556.000, 0.074
557.000, 0.093	557.000, 0.098	557.000, 0.073
558.000, 0.093	558.000, 0.098	558.000, 0.073
559.000, 0.093	559.000, 0.098	559.000, 0.073
560.000, 0.092	560.000, 0.098	560.000, 0.073
561.000, 0.092	561.000, 0.097	561.000, 0.073
562.000, 0.092	562.000, 0.097	562.000, 0.073
563.000, 0.091	563.000, 0.096	563.000, 0.073
564.000, 0.091	564.000, 0.096	564.000, 0.072
565.000, 0.090	565.000, 0.095	565.000, 0.072
566.000, 0.090	566.000, 0.094	566.000, 0.072
567.000, 0.089	567.000, 0.094	567.000, 0.071
568.000, 0.088	568.000, 0.093	568.000, 0.071
569.000, 0.087	569.000, 0.092	569.000, 0.071
570.000, 0.087	570.000, 0.091	570.000, 0.070
571.000, 0.086	571.000, 0.091	571.000, 0.070
572.000, 0.086	572.000, 0.090	572.000, 0.070
573.000, 0.085	573.000, 0.089	573.000, 0.069
574.000, 0.084	574.000, 0.088	574.000, 0.069
575.000, 0.083	575.000, 0.087	575.000, 0.068
576.000, 0.083	576.000, 0.087	576.000, 0.068
577.000, 0.082	577.000, 0.086	577.000, 0.067
578.000, 0.081	578.000, 0.085	578.000, 0.067
579.000, 0.081	579.000, 0.084	579.000, 0.067
580.000, 0.081	580.000, 0.084	580.000, 0.067
581.000, 0.081	581.000, 0.084	581.000, 0.067
582.000, 0.080	582.000, 0.083	582.000, 0.067
583.000, 0.080	583.000, 0.083	583.000, 0.067
584.000, 0.080	584.000, 0.083	584.000, 0.067
585.000, 0.079	585.000, 0.082	585.000, 0.066
586.000, 0.079	586.000, 0.082	586.000, 0.066
587.000, 0.079	587.000, 0.082	587.000, 0.066
588.000, 0.078	588.000, 0.081	588.000, 0.066
589.000, 0.078	589.000, 0.082	589.000, 0.067
590.000, 0.079	590.000, 0.082	590.000, 0.067
591.000, 0.078	591.000, 0.081	591.000, 0.066
592.000, 0.078	592.000, 0.080	592.000, 0.066
593.000, 0.078	593.000, 0.081	593.000, 0.067
594.000, 0.078	594.000, 0.081	594.000, 0.067
595.000, 0.078	595.000, 0.081	595.000, 0.067
596.000, 0.078	596.000, 0.080	596.000, 0.066
597.000, 0.078	597.000, 0.080	597.000, 0.066
598.000, 0.077	598.000, 0.080	598.000, 0.066
599.000, 0.077	599.000, 0.080	599.000, 0.066
600.000, 0.078	600.000, 0.080	600.000, 0.067
601.000, 0.078	601.000, 0.081	601.000, 0.067
602.000, 0.078	602.000, 0.081	602.000, 0.067
603.000, 0.078	603.000, 0.081	603.000, 0.067
604.000, 0.078	604.000, 0.081	604.000, 0.067
605.000, 0.078	605.000, 0.080	605.000, 0.067
606.000, 0.078	606.000, 0.080	606.000, 0.067
607.000, 0.078	607.000, 0.080	607.000, 0.067
608.000, 0.077	608.000, 0.080	608.000, 0.067
609.000, 0.077	609.000, 0.080	609.000, 0.067
610.000, 0.077	610.000, 0.080	610.000, 0.067
611.000, 0.077	611.000, 0.079	611.000, 0.067
612.000, 0.077	612.000, 0.079	612.000, 0.067
613.000, 0.077	613.000, 0.079	613.000, 0.066
614.000, 0.076	614.000, 0.078	614.000, 0.066
615.000, 0.076	615.000, 0.078	615.000, 0.067
616.000, 0.076	616.000, 0.078	616.000, 0.066
617.000, 0.076	617.000, 0.077	617.000, 0.066
618.000, 0.076	618.000, 0.077	618.000, 0.066
619.000, 0.075	619.000, 0.077	619.000, 0.066
620.000, 0.075	620.000, 0.077	620.000, 0.066
621.000, 0.075	621.000, 0.077	621.000, 0.066
622.000, 0.075	622.000, 0.077	622.000, 0.066
623.000, 0.075	623.000, 0.076	623.000, 0.066
624.000, 0.075	624.000, 0.076	624.000, 0.066
625.000, 0.075	625.000, 0.076	625.000, 0.066
626.000, 0.075	626.000, 0.076	626.000, 0.067
627.000, 0.075	627.000, 0.076	627.000, 0.067
628.000, 0.075	628.000, 0.077	628.000, 0.067
629.000, 0.076	629.000, 0.077	629.000, 0.067
630.000, 0.075	630.000, 0.077	630.000, 0.067
631.000, 0.075	631.000, 0.077	631.000, 0.067
632.000, 0.076	632.000, 0.077	632.000, 0.068
633.000, 0.076	633.000, 0.077	633.000, 0.068
634.000, 0.076	634.000, 0.077	634.000, 0.068
635.000, 0.076	635.000, 0.077	635.000, 0.068
636.000, 0.075	636.000, 0.076	636.000, 0.067
637.000, 0.075	637.000, 0.076	637.000, 0.067
638.000, 0.075	638.000, 0.076	638.000, 0.067
639.000, 0.075	639.000, 0.076	639.000, 0.068
640.000, 0.075	640.000, 0.076	640.000, 0.067
641.000, 0.075	641.000, 0.075	641.000, 0.067
642.000, 0.074	642.000, 0.075	642.000, 0.067
643.000, 0.073	643.000, 0.074	643.000, 0.067
644.000, 0.073	644.000, 0.074	644.000, 0.067
645.000, 0.073	645.000, 0.074	645.000, 0.067
646.000, 0.073	646.000, 0.074	646.000, 0.067
647.000, 0.073	647.000, 0.073	647.000, 0.066
648.000, 0.073	648.000, 0.073	648.000, 0.066
649.000, 0.072	649.000, 0.073	649.000, 0.066
650.000, 0.072	650.000, 0.072	650.000, 0.066
651.000, 0.072	651.000, 0.073	651.000, 0.066
652.000, 0.072	652.000, 0.073	652.000, 0.066
653.000, 0.072	653.000, 0.072	653.000, 0.066
654.000, 0.072	654.000, 0.072	654.000, 0.066
655.000, 0.072	655.000, 0.072	655.000, 0.066
656.000, 0.072	656.000, 0.072	656.000, 0.067
657.000, 0.072	657.000, 0.072	657.000, 0.066
658.000, 0.072	658.000, 0.072	658.000, 0.066
659.000, 0.071	659.000, 0.071	659.000, 0.066
660.000, 0.071	660.000, 0.071	660.000, 0.066
661.000, 0.071	661.000, 0.070	661.000, 0.066
662.000, 0.070	662.000, 0.070	662.000, 0.065
663.000, 0.070	663.000, 0.070	663.000, 0.065
664.000, 0.070	664.000, 0.070	664.000, 0.065
665.000, 0.070	665.000, 0.070	665.000, 0.065
666.000, 0.070	666.000, 0.069	666.000, 0.065
667.000, 0.069	667.000, 0.069	667.000, 0.065
668.000, 0.069	668.000, 0.069	668.000, 0.065
669.000, 0.069	669.000, 0.069	669.000, 0.065
670.000, 0.069	670.000, 0.069	670.000, 0.065
671.000, 0.070	671.000, 0.069	671.000, 0.066
672.000, 0.070	672.000, 0.070	672.000, 0.066
673.000, 0.070	673.000, 0.070	673.000, 0.066
674.000, 0.070	674.000, 0.070	674.000, 0.066
675.000, 0.071	675.000, 0.071	675.000, 0.067
676.000, 0.071	676.000, 0.071	676.000, 0.067
677.000, 0.071	677.000, 0.071	677.000, 0.067
678.000, 0.072	678.000, 0.071	678.000, 0.067
679.000, 0.072	679.000, 0.071	679.000, 0.067
680.000, 0.072	680.000, 0.072	680.000, 0.067
681.000, 0.072	681.000, 0.072	681.000, 0.068
682.000, 0.073	682.000, 0.072	682.000, 0.068
683.000, 0.073	683.000, 0.073	683.000, 0.069
684.000, 0.075	684.000, 0.075	684.000, 0.070
685.000, 0.076	685.000, 0.076	685.000, 0.070
686.000, 0.077	686.000, 0.077	686.000, 0.071
687.000, 0.078	687.000, 0.079	687.000, 0.072
688.000, 0.081	688.000, 0.081	688.000, 0.074
689.000, 0.083	689.000, 0.083	689.000, 0.076
690.000, 0.085	690.000, 0.086	690.000, 0.078
691.000, 0.087	691.000, 0.089	691.000, 0.080
692.000, 0.091	692.000, 0.092	692.000, 0.082
693.000, 0.094	693.000, 0.096	693.000, 0.084
694.000, 0.098	694.000, 0.100	694.000, 0.087
695.000, 0.102	695.000, 0.105	695.000, 0.090
696.000, 0.107	696.000, 0.110	696.000, 0.093
697.000, 0.112	697.000, 0.115	697.000, 0.096
698.000, 0.116	698.000, 0.120	698.000, 0.099
699.000, 0.121	699.000, 0.125	699.000, 0.103
700.000, 0.126	700.000, 0.131	700.000, 0.107
701.000, 0.132	701.000, 0.137	701.000, 0.111
702.000, 0.137	702.000, 0.143	702.000, 0.114
703.000, 0.142	703.000, 0.148	703.000, 0.118
704.000, 0.147	704.000, 0.153	704.000, 0.121
705.000, 0.152	705.000, 0.159	705.000, 0.125
706.000, 0.157	706.000, 0.164	706.000, 0.128
707.000, 0.162	707.000, 0.169	707.000, 0.132
708.000, 0.167	708.000, 0.175	708.000, 0.136
709.000, 0.172	709.000, 0.180	709.000, 0.140
710.000, 0.177	710.000, 0.186	710.000, 0.143
711.000, 0.182	711.000, 0.191	711.000, 0.147
712.000, 0.187	712.000, 0.196	712.000, 0.150
713.000, 0.192	713.000, 0.202	713.000, 0.154
714.000, 0.197	714.000, 0.207	714.000, 0.157
715.000, 0.202	715.000, 0.212	715.000, 0.161
716.000, 0.207	716.000, 0.218	716.000, 0.165
717.000, 0.213	717.000, 0.224	717.000, 0.169
718.000, 0.219	718.000, 0.231	718.000, 0.173
719.000, 0.225	719.000, 0.237	719.000, 0.178
720.000, 0.231	720.000, 0.244	720.000, 0.182
721.000, 0.237	721.000, 0.250	721.000, 0.187
722.000, 0.242	722.000, 0.255	722.000, 0.191
723.000, 0.248	723.000, 0.261	723.000, 0.194
724.000, 0.254	724.000, 0.267	724.000, 0.199
725.000, 0.260	725.000, 0.274	725.000, 0.203
726.000, 0.265	726.000, 0.280	726.000, 0.207
727.000, 0.271	727.000, 0.285	727.000, 0.211
728.000, 0.276	728.000, 0.291	728.000, 0.215
729.000, 0.281	729.000, 0.297	729.000, 0.219
730.000, 0.287	730.000, 0.303	730.000, 0.223
731.000, 0.292	731.000, 0.308	731.000, 0.227
732.000, 0.297	732.000, 0.313	732.000, 0.230
733.000, 0.302	733.000, 0.318	733.000, 0.234
734.000, 0.306	734.000, 0.322	734.000, 0.237
735.000, 0.310	735.000, 0.327	735.000, 0.240
736.000, 0.315	736.000, 0.332	736.000, 0.244
737.000, 0.319	737.000, 0.336	737.000, 0.247
738.000, 0.323	738.000, 0.340	738.000, 0.250
739.000, 0.327	739.000, 0.344	739.000, 0.253
740.000, 0.330	740.000, 0.347	740.000, 0.255
741.000, 0.333	741.000, 0.351	741.000, 0.257
742.000, 0.336	742.000, 0.354	742.000, 0.260
743.000, 0.339	743.000, 0.357	743.000, 0.262
744.000, 0.342	744.000, 0.360	744.000, 0.264
745.000, 0.345	745.000, 0.363	745.000, 0.266
746.000, 0.347	746.000, 0.365	746.000, 0.268
747.000, 0.349	747.000, 0.367	747.000, 0.269
748.000, 0.351	748.000, 0.369	748.000, 0.271
749.000, 0.353	749.000, 0.371	749.000, 0.272
750.000, 0.354	750.000, 0.372	750.000, 0.273
751.000, 0.356	751.000, 0.374	751.000, 0.275
752.000, 0.357	752.000, 0.375	752.000, 0.276
753.000, 0.359	753.000, 0.377	753.000, 0.278
754.000, 0.360	754.000, 0.378	754.000, 0.278
755.000, 0.361	755.000, 0.379	755.000, 0.279
756.000, 0.362	756.000, 0.380	756.000, 0.280
757.000, 0.363	757.000, 0.382	757.000, 0.280
758.000, 0.364	758.000, 0.383	758.000, 0.282
759.000, 0.366	759.000, 0.385	759.000, 0.284
760.000, 0.368	760.000, 0.386	760.000, 0.285
761.000, 0.368	761.000, 0.386	761.000, 0.286
762.000, 0.368	762.000, 0.385	762.000, 0.286
763.000, 0.369	763.000, 0.386	763.000, 0.287
764.000, 0.369	764.000, 0.387	764.000, 0.287
765.000, 0.369	765.000, 0.388	765.000, 0.287
766.000, 0.370	766.000, 0.389	766.000, 0.288
767.000, 0.371	767.000, 0.389	767.000, 0.288
768.000, 0.372	768.000, 0.389	768.000, 0.289
769.000, 0.372	769.000, 0.390	769.000, 0.290
770.000, 0.373	770.000, 0.391	770.000, 0.290
771.000, 0.373	771.000, 0.391	771.000, 0.290
772.000, 0.374	772.000, 0.392	772.000, 0.291
773.000, 0.375	773.000, 0.393	773.000, 0.292
774.000, 0.375	774.000, 0.394	774.000, 0.292
775.000, 0.376	775.000, 0.394	775.000, 0.292
776.000, 0.377	776.000, 0.394	776.000, 0.293
777.000, 0.377	777.000, 0.395	777.000, 0.294
778.000, 0.378	778.000, 0.396	778.000, 0.295
779.000, 0.378	779.000, 0.396	779.000, 0.295
780.000, 0.379	780.000, 0.397	780.000, 0.296
781.000, 0.379	781.000, 0.397	781.000, 0.296
782.000, 0.380	782.000, 0.397	782.000, 0.297
783.000, 0.380	783.000, 0.398	783.000, 0.297
784.000, 0.381	784.000, 0.399	784.000, 0.298
785.000, 0.381	785.000, 0.399	785.000, 0.298
786.000, 0.381	786.000, 0.399	786.000, 0.299
787.000, 0.382	787.000, 0.400	787.000, 0.299
788.000, 0.383	788.000, 0.400	788.000, 0.300
789.000, 0.383	789.000, 0.401	789.000, 0.300
790.000, 0.384	790.000, 0.401	790.000, 0.301
791.000, 0.384	791.000, 0.402	791.000, 0.301
792.000, 0.385	792.000, 0.403	792.000, 0.302
793.000, 0.386	793.000, 0.403	793.000, 0.302
794.000, 0.386	794.000, 0.403	794.000, 0.302
795.000, 0.386	795.000, 0.404	795.000, 0.303
796.000, 0.386	796.000, 0.404	796.000, 0.303
797.000, 0.387	797.000, 0.404	797.000, 0.304
798.000, 0.388	798.000, 0.405	798.000, 0.304
799.000, 0.389	799.000, 0.406	799.000, 0.305
800.000, 0.389	800.000, 0.407	800.000, 0.306
801.000, 0.390	801.000, 0.407	801.000, 0.306
802.000, 0.390	802.000, 0.408	802.000, 0.306
803.000, 0.390	803.000, 0.408	803.000, 0.306
804.000, 0.391	804.000, 0.409	804.000, 0.308
805.000, 0.392	805.000, 0.409	805.000, 0.309
806.000, 0.393	806.000, 0.410	806.000, 0.309
807.000, 0.393	807.000, 0.410	807.000, 0.309
808.000, 0.392	808.000, 0.410	808.000, 0.309
809.000, 0.393	809.000, 0.411	809.000, 0.309
810.000, 0.394	810.000, 0.412	810.000, 0.310
811.000, 0.394	811.000, 0.413	811.000, 0.310
812.000, 0.394	812.000, 0.412	812.000, 0.311
813.000, 0.394	813.000, 0.412	813.000, 0.311
814.000, 0.394	814.000, 0.412	814.000, 0.311
815.000, 0.395	815.000, 0.411	815.000, 0.311
816.000, 0.395	816.000, 0.412	816.000, 0.312
817.000, 0.396	817.000, 0.413	817.000, 0.313
818.000, 0.397	818.000, 0.414	818.000, 0.314
819.000, 0.398	819.000, 0.414	819.000, 0.314
820.000, 0.398	820.000, 0.415	820.000, 0.315
821.000, 0.397	821.000, 0.415	821.000, 0.314
822.000, 0.398	822.000, 0.415	822.000, 0.314
823.000, 0.399	823.000, 0.416	823.000, 0.315
824.000, 0.400	824.000, 0.417	824.000, 0.317
825.000, 0.400	825.000, 0.418	825.000, 0.317
826.000, 0.401	826.000, 0.418	826.000, 0.317
827.000, 0.402	827.000, 0.419	827.000, 0.318
828.000, 0.402	828.000, 0.420	828.000, 0.318
829.000, 0.402	829.000, 0.420	829.000, 0.319
830.000, 0.402	830.000, 0.419	830.000, 0.319
831.000, 0.403	831.000, 0.420	831.000, 0.319
832.000, 0.404	832.000, 0.421	832.000, 0.320
833.000, 0.405	833.000, 0.422	833.000, 0.321
834.000, 0.406	834.000, 0.423	834.000, 0.322
835.000, 0.407	835.000, 0.423	835.000, 0.322
836.000, 0.406	836.000, 0.424	836.000, 0.323
837.000, 0.407	837.000, 0.425	837.000, 0.324
838.000, 0.409	838.000, 0.425	838.000, 0.325
839.000, 0.409	839.000, 0.426	839.000, 0.325
840.000, 0.409	840.000, 0.426	840.000, 0.325
841.000, 0.409	841.000, 0.427	841.000, 0.325
842.000, 0.410	842.000, 0.427	842.000, 0.326
843.000, 0.411	843.000, 0.427	843.000, 0.327
844.000, 0.412	844.000, 0.428	844.000, 0.328
845.000, 0.412	845.000, 0.429	845.000, 0.328
846.000, 0.413	846.000, 0.431	846.000, 0.327
847.000, 0.413	847.000, 0.430	847.000, 0.328
848.000, 0.413	848.000, 0.430	848.000, 0.328
849.000, 0.414	849.000, 0.431	849.000, 0.329
850.000, 0.414	850.000, 0.431	850.000, 0.329
851.000, 0.414	851.000, 0.431	851.000, 0.329
852.000, 0.414	852.000, 0.431	852.000, 0.330
853.000, 0.415	853.000, 0.432	853.000, 0.330
854.000, 0.416	854.000, 0.433	854.000, 0.330
855.000, 0.416	855.000, 0.433	855.000, 0.331
856.000, 0.417	856.000, 0.434	856.000, 0.333
857.000, 0.418	857.000, 0.435	857.000, 0.333
858.000, 0.418	858.000, 0.435	858.000, 0.333
859.000, 0.418	859.000, 0.435	859.000, 0.334
860.000, 0.419	860.000, 0.436	860.000, 0.335
861.000, 0.419	861.000, 0.436	861.000, 0.335
862.000, 0.419	862.000, 0.436	862.000, 0.335
863.000, 0.420	863.000, 0.438	863.000, 0.336
864.000, 0.421	864.000, 0.438	864.000, 0.336
865.000, 0.422	865.000, 0.438	865.000, 0.336
866.000, 0.424	866.000, 0.439	866.000, 0.337
867.000, 0.424	867.000, 0.440	867.000, 0.338
868.000, 0.423	868.000, 0.441	868.000, 0.339
869.000, 0.423	869.000, 0.441	869.000, 0.339
870.000, 0.424	870.000, 0.441	870.000, 0.339
871.000, 0.424	871.000, 0.441	871.000, 0.340
872.000, 0.425	872.000, 0.442	872.000, 0.340
873.000, 0.425	873.000, 0.442	873.000, 0.340
874.000, 0.426	874.000, 0.443	874.000, 0.340
875.000, 0.426	875.000, 0.443	875.000, 0.340
876.000, 0.425	876.000, 0.443	876.000, 0.340
877.000, 0.426	877.000, 0.443	877.000, 0.342
878.000, 0.427	878.000, 0.443	878.000, 0.342
879.000, 0.427	879.000, 0.443	879.000, 0.342
880.000, 0.427	880.000, 0.444	880.000, 0.342
881.000, 0.428	881.000, 0.445	881.000, 0.343
882.000, 0.430	882.000, 0.445	882.000, 0.344
883.000, 0.430	883.000, 0.447	883.000, 0.343
884.000, 0.431	884.000, 0.447	884.000, 0.343
885.000, 0.430	885.000, 0.446	885.000, 0.345
886.000, 0.429	886.000, 0.446	886.000, 0.346
887.000, 0.428	887.000, 0.447	887.000, 0.345
888.000, 0.430	888.000, 0.447	888.000, 0.346
889.000, 0.431	889.000, 0.447	889.000, 0.346
890.000, 0.431	890.000, 0.447	890.000, 0.345
891.000, 0.430	891.000, 0.446	891.000, 0.344
892.000, 0.430	892.000, 0.448	892.000, 0.345
893.000, 0.432	893.000, 0.451	893.000, 0.347
894.000, 0.433	894.000, 0.451	894.000, 0.348
895.000, 0.433	895.000, 0.448	895.000, 0.346
896.000, 0.432	896.000, 0.448	896.000, 0.346
897.000, 0.433	897.000, 0.449	897.000, 0.346
898.000, 0.434	898.000, 0.450	898.000, 0.347
899.000, 0.432	899.000, 0.450	899.000, 0.348
900.000, 0.431	900.000, 0.450	900.000, 0.347
901.000, 0.432	901.000, 0.449	901.000, 0.346
902.000, 0.434	902.000, 0.451	902.000, 0.348
903.000, 0.436	903.000, 0.453	903.000, 0.352
904.000, 0.437	904.000, 0.454	904.000, 0.352
905.000, 0.436	905.000, 0.453	905.000, 0.351
906.000, 0.435	906.000, 0.450	906.000, 0.349
907.000, 0.433	907.000, 0.449	907.000, 0.348
908.000, 0.432	908.000, 0.449	908.000, 0.347
909.000, 0.433	909.000, 0.451	909.000, 0.349
910.000, 0.436	910.000, 0.453	910.000, 0.352
911.000, 0.440	911.000, 0.454	911.000, 0.354
912.000, 0.441	912.000, 0.453	912.000, 0.353
913.000, 0.439	913.000, 0.453	913.000, 0.354
914.000, 0.435	914.000, 0.453	914.000, 0.354
915.000, 0.437	915.000, 0.453	915.000, 0.353
916.000, 0.439	916.000, 0.454	916.000, 0.353
917.000, 0.442	917.000, 0.458	917.000, 0.357
918.000, 0.440	918.000, 0.457	918.000, 0.355
919.000, 0.438	919.000, 0.455	919.000, 0.353
920.000, 0.438	920.000, 0.455	920.000, 0.354
921.000, 0.439	921.000, 0.456	921.000, 0.355
922.000, 0.440	922.000, 0.457	922.000, 0.356
923.000, 0.442	923.000, 0.457	923.000, 0.357
924.000, 0.442	924.000, 0.459	924.000, 0.358
925.000, 0.442	925.000, 0.460	925.000, 0.358
926.000, 0.439	926.000, 0.458	926.000, 0.353
927.000, 0.438	927.000, 0.458	927.000, 0.351
928.000, 0.440	928.000, 0.460	928.000, 0.355
929.000, 0.437	929.000, 0.456	929.000, 0.353
930.000, 0.433	930.000, 0.451	930.000, 0.349
931.000, 0.435	931.000, 0.456	931.000, 0.348
932.000, 0.436	932.000, 0.460	932.000, 0.352
933.000, 0.434	933.000, 0.459	933.000, 0.355
934.000, 0.426	934.000, 0.452	934.000, 0.344
935.000, 0.429	935.000, 0.447	935.000, 0.343
936.000, 0.440	936.000, 0.448	936.000, 0.353
937.000, 0.433	937.000, 0.441	937.000, 0.346
938.000, 0.429	938.000, 0.442	938.000, 0.343
939.000, 0.440	939.000, 0.457	939.000, 0.354
940.000, 0.446	940.000, 0.459	940.000, 0.359
941.000, 0.444	941.000, 0.455	941.000, 0.358
942.000, 0.434	942.000, 0.458	942.000, 0.357
943.000, 0.431	943.000, 0.458	943.000, 0.358
944.000, 0.434	944.000, 0.452	944.000, 0.358
945.000, 0.427	945.000, 0.448	945.000, 0.349
946.000, 0.427	946.000, 0.447	946.000, 0.345
947.000, 0.439	947.000, 0.450	947.000, 0.349
948.000, 0.441	948.000, 0.452	948.000, 0.351
949.000, 0.439	949.000, 0.452	949.000, 0.353
950.000, 0.440	950.000, 0.449	950.000, 0.357
951.000, 0.437	951.000, 0.448	951.000, 0.351
952.000, 0.433	952.000, 0.450	952.000, 0.342
953.000, 0.434	953.000, 0.456	953.000, 0.350
954.000, 0.435	954.000, 0.454	954.000, 0.353
955.000, 0.437	955.000, 0.443	955.000, 0.348
956.000, 0.437	956.000, 0.442	956.000, 0.349
957.000, 0.437	957.000, 0.447	957.000, 0.352
958.000, 0.437	958.000, 0.453	958.000, 0.354
959.000, 0.439	959.000, 0.456	959.000, 0.358
960.000, 0.440	960.000, 0.457	960.000, 0.362
961.000, 0.438	961.000, 0.461	961.000, 0.360
962.000, 0.437	962.000, 0.458	962.000, 0.360
963.000, 0.438	963.000, 0.449	963.000, 0.361
964.000, 0.438	964.000, 0.448	964.000, 0.358
965.000, 0.435	965.000, 0.447	965.000, 0.353
966.000, 0.431	966.000, 0.446	966.000, 0.350
967.000, 0.436	967.000, 0.447	967.000, 0.345
968.000, 0.443	968.000, 0.451	968.000, 0.346
969.000, 0.446	969.000, 0.458	969.000, 0.358
970.000, 0.448	970.000, 0.462	970.000, 0.362
971.000, 0.446	971.000, 0.462	971.000, 0.359
972.000, 0.434	972.000, 0.457	972.000, 0.356
973.000, 0.430	973.000, 0.450	973.000, 0.351
974.000, 0.436	974.000, 0.445	974.000, 0.346
975.000, 0.436	975.000, 0.450	975.000, 0.348
976.000, 0.439	976.000, 0.457	976.000, 0.353
977.000, 0.445	977.000, 0.460	977.000, 0.358
978.000, 0.445	978.000, 0.460	978.000, 0.356
979.000, 0.443	979.000, 0.461	979.000, 0.351
980.000, 0.448	980.000, 0.468	980.000, 0.353
981.000, 0.452	981.000, 0.470	981.000, 0.362
982.000, 0.450	982.000, 0.464	982.000, 0.369
983.000, 0.438	983.000, 0.455	983.000, 0.355
984.000, 0.432	984.000, 0.451	984.000, 0.346
985.000, 0.437	985.000, 0.454	985.000, 0.349
986.000, 0.442	986.000, 0.456	986.000, 0.355
987.000, 0.444	987.000, 0.455	987.000, 0.360
988.000, 0.444	988.000, 0.453	988.000, 0.361
989.000, 0.447	989.000, 0.455	989.000, 0.365
990.000, 0.450	990.000, 0.459	990.000, 0.366
991.000, 0.445	991.000, 0.454	991.000, 0.356
992.000, 0.445	992.000, 0.454	992.000, 0.351
993.000, 0.450	993.000, 0.458	993.000, 0.354
994.000, 0.454	994.000, 0.464	994.000, 0.364
995.000, 0.451	995.000, 0.464	995.000, 0.366
996.000, 0.441	996.000, 0.456	996.000, 0.356
997.000, 0.441	997.000, 0.455	997.000, 0.361
998.000, 0.446	998.000, 0.459	998.000, 0.369
999.000, 0.443	999.000, 0.463	999.000, 0.367
1000.000, 0.444	1000.000, 0.467	1000.000, 0.370
1001.000, 0.448	1001.000, 0.471	1001.000, 0.378
1002.000, 0.445	1002.000, 0.478	1002.000, 0.379
1003.000, 0.445	1003.000, 0.476	1003.000, 0.372
1004.000, 0.449	1004.000, 0.467	1004.000, 0.359
1005.000, 0.444	1005.000, 0.465	1005.000, 0.354
1006.000, 0.444	1006.000, 0.470	1006.000, 0.356
1007.000, 0.463	1007.000, 0.480	1007.000, 0.365
1008.000, 0.470	1008.000, 0.477	1008.000, 0.371
1009.000, 0.465	1009.000, 0.466	1009.000, 0.370
1010.000, 0.450	1010.000, 0.462	1010.000, 0.362
1011.000, 0.442	1011.000, 0.461	1011.000, 0.361
1012.000, 0.445	1012.000, 0.461	1012.000, 0.367
1013.000, 0.441	1013.000, 0.463	1013.000, 0.364
1014.000, 0.444	1014.000, 0.468	1014.000, 0.363
1015.000, 0.458	1015.000, 0.474	1015.000, 0.369
1016.000, 0.449	1016.000, 0.470	1016.000, 0.368
1017.000, 0.440	1017.000, 0.464	1017.000, 0.364
1018.000, 0.454	1018.000, 0.467	1018.000, 0.359
1019.000, 0.459	1019.000, 0.476	1019.000, 0.364
1020.000, 0.455	1020.000, 0.484	1020.000, 0.373
1021.000, 0.457	1021.000, 0.474	1021.000, 0.368
1022.000, 0.459	1022.000, 0.469	1022.000, 0.366
1023.000, 0.459	1023.000, 0.474	1023.000, 0.370
1024.000, 0.467	1024.000, 0.476	1024.000, 0.365
1025.000, 0.467	1025.000, 0.481	1025.000, 0.361
1026.000, 0.449	1026.000, 0.490	1026.000, 0.367
1027.000, 0.447	1027.000, 0.489	1027.000, 0.368
1028.000, 0.453	1028.000, 0.477	1028.000, 0.362
1029.000, 0.447	1029.000, 0.455	1029.000, 0.346
1030.000, 0.455	1030.000, 0.458	1030.000, 0.358
1031.000, 0.476	1031.000, 0.483	1031.000, 0.390
1032.000, 0.475	1032.000, 0.494	1032.000, 0.395
1033.000, 0.465	1033.000, 0.499	1033.000, 0.381
1034.000, 0.453	1034.000, 0.499	1034.000, 0.360
1035.000, 0.453	1035.000, 0.490	1035.000, 0.366
1036.000, 0.460	1036.000, 0.481	1036.000, 0.378
1037.000, 0.468	1037.000, 0.483	1037.000, 0.372
1038.000, 0.485	1038.000, 0.491	1038.000, 0.380
1039.000, 0.499	1039.000, 0.501	1039.000, 0.397
1040.000, 0.479	1040.000, 0.502	1040.000, 0.393
1041.000, 0.468	1041.000, 0.500	1041.000, 0.381
1042.000, 0.473	1042.000, 0.495	1042.000, 0.369
1043.000, 0.454	1043.000, 0.491	1043.000, 0.368
1044.000, 0.438	1044.000, 0.496	1044.000, 0.377
1045.000, 0.449	1045.000, 0.512	1045.000, 0.391
1046.000, 0.465	1046.000, 0.508	1046.000, 0.390
1047.000, 0.478	1047.000, 0.495	1047.000, 0.380
1048.000, 0.479	1048.000, 0.500	1048.000, 0.378
1049.000, 0.480	1049.000, 0.500	1049.000, 0.373
1050.000, 0.480	1050.000, 0.497	1050.000, 0.366
1051.000, 0.474	1051.000, 0.522	1051.000, 0.376
1052.000, 0.466	1052.000, 0.538	1052.000, 0.383
1053.000, 0.463	1053.000, 0.527	1053.000, 0.378
1054.000, 0.483	1054.000, 0.496	1054.000, 0.391
1055.000, 0.497	1055.000, 0.472	1055.000, 0.394
1056.000, 0.477	1056.000, 0.483	1056.000, 0.361
1057.000, 0.457	1057.000, 0.482	1057.000, 0.345
1058.000, 0.449	1058.000, 0.477	1058.000, 0.349
1059.000, 0.476	1059.000, 0.505	1059.000, 0.367
1060.000, 0.489	1060.000, 0.523	1060.000, 0.381
1061.000, 0.479	1061.000, 0.524	1061.000, 0.384
1062.000, 0.477	1062.000, 0.539	1062.000, 0.381
1063.000, 0.479	1063.000, 0.546	1063.000, 0.383
1064.000, 0.479	1064.000, 0.526	1064.000, 0.393
1065.000, 0.464	1065.000, 0.485	1065.000, 0.348
1066.000, 0.453	1066.000, 0.449	1066.000, 0.297
1067.000, 0.486	1067.000, 0.467	1067.000, 0.335
1068.000, 0.483	1068.000, 0.475	1068.000, 0.358
1069.000, 0.446	1069.000, 0.462	1069.000, 0.349
1070.000, 0.443	1070.000, 0.470	1070.000, 0.364
1071.000, 0.465	1071.000, 0.478	1071.000, 0.373
1072.000, 0.498	1072.000, 0.479	1072.000, 0.365
1073.000, 0.498	1073.000, 0.501	1073.000, 0.361
1074.000, 0.450	1074.000, 0.500	1074.000, 0.359
1075.000, 0.356	1075.000, 0.430	1075.000, 0.351
