325.000, 0.095	325.000, 0.100	325.000, 0.098	325.000, 0.092	325.000, 0.102	325.000, 0.106
326.000, 0.099	326.000, 0.101	326.000, 0.099	326.000, 0.097	326.000, 0.102	326.000, 0.107
327.000, 0.101	327.000, 0.101	327.000, 0.098	327.000, 0.101	327.000, 0.099	327.000, 0.104
328.000, 0.103	328.000, 0.095	328.000, 0.103	328.000, 0.096	328.000, 0.096	328.000, 0.100
329.000, 0.101	329.000, 0.093	329.000, 0.102	329.000, 0.090	329.000, 0.095	329.000, 0.096
330.000, 0.097	330.000, 0.095	330.000, 0.098	330.000, 0.088	330.000, 0.096	330.000, 0.096
331.000, 0.098	331.000, 0.098	331.000, 0.100	331.000, 0.096	331.000, 0.098	331.000, 0.102
332.000, 0.099	332.000, 0.103	332.000, 0.102	332.000, 0.101	332.000, 0.100	332.000, 0.105
333.000, 0.099	333.000, 0.109	333.000, 0.104	333.000, 0.098	333.000, 0.101	333.000, 0.103
334.000, 0.096	334.000, 0.104	334.000, 0.105	334.000, 0.097	334.000, 0.100	334.000, 0.103
335.000, 0.092	335.000, 0.097	335.000, 0.103	335.000, 0.096	335.000, 0.099	335.000, 0.102
336.000, 0.092	336.000, 0.095	336.000, 0.096	336.000, 0.095	336.000, 0.098	336.000, 0.099
337.000, 0.098	337.000, 0.102	337.000, 0.101	337.000, 0.101	337.000, 0.105	337.000, 0.102
338.000, 0.102	338.000, 0.106	338.000, 0.107	338.000, 0.105	338.000, 0.110	338.000, 0.106
339.000, 0.095	339.000, 0.095	339.000, 0.097	339.000, 0.095	339.000, 0.099	339.000, 0.097
340.000, 0.095	340.000, 0.097	340.000, 0.099	340.000, 0.095	340.000, 0.098	340.000, 0.098
341.000, 0.102	341.000, 0.110	341.000, 0.112	341.000, 0.105	341.000, 0.108	341.000, 0.107
342.000, 0.101	342.000, 0.108	342.000, 0.108	342.000, 0.101	342.000, 0.104	342.000, 0.107
343.000, 0.100	343.000, 0.104	343.000, 0.104	343.000, 0.097	343.000, 0.101	343.000, 0.104
344.000, 0.102	344.000, 0.104	344.000, 0.107	344.000, 0.100	344.000, 0.105	344.000, 0.103
345.000, 0.101	345.000, 0.105	345.000, 0.108	345.000, 0.102	345.000, 0.105	345.000, 0.102
346.000, 0.100	346.000, 0.105	346.000, 0.108	346.000, 0.102	346.000, 0.105	346.000, 0.102
347.000, 0.102	347.000, 0.102	347.000, 0.109	347.000, 0.101	347.000, 0.106	347.000, 0.103
348.000, 0.103	348.000, 0.102	348.000, 0.109	348.000, 0.100	348.000, 0.106	348.000, 0.105
349.000, 0.102	349.000, 0.103	349.000, 0.108	349.000, 0.101	349.000, 0.105	349.000, 0.105
350.000, 0.102	350.000, 0.104	350.000, 0.108	350.000, 0.101	350.000, 0.106	350.000, 0.105
351.000, 0.103	351.000, 0.105	351.000, 0.109	351.000, 0.102	351.000, 0.107	351.000, 0.107
352.000, 0.105	352.000, 0.107	352.000, 0.111	352.000, 0.104	352.000, 0.107	352.000, 0.109
353.000, 0.105	353.000, 0.108	353.000, 0.112	353.000, 0.106	353.000, 0.107	353.000, 0.109
354.000, 0.105	354.000, 0.109	354.000, 0.112	354.000, 0.106	354.000, 0.108	354.000, 0.107
355.000, 0.106	355.000, 0.109	355.000, 0.111	355.000, 0.106	355.000, 0.109	355.000, 0.107
356.000, 0.105	356.000, 0.108	356.000, 0.110	356.000, 0.105	356.000, 0.108	356.000, 0.107
357.000, 0.104	357.000, 0.105	357.000, 0.110	357.000, 0.104	357.000, 0.108	357.000, 0.107
358.000, 0.106	358.000, 0.107	358.000, 0.110	358.000, 0.105	358.000, 0.108	358.000, 0.109
359.000, 0.106	359.000, 0.108	359.000, 0.110	359.000, 0.106	359.000, 0.109	359.000, 0.109
360.000, 0.105	360.000, 0.108	360.000, 0.109	360.000, 0.105	360.000, 0.109	360.000, 0.107
361.000, 0.106	361.000, 0.108	361.000, 0.111	361.000, 0.107	361.000, 0.110	361.000, 0.109
362.000, 0.108	362.000, 0.110	362.000, 0.114	362.000, 0.109	362.000, 0.112	362.000, 0.112
363.000, 0.110	363.000, 0.111	363.000, 0.116	363.000, 0.111	363.000, 0.115	363.000, 0.112
364.000, 0.111	364.000, 0.112	364.000, 0.116	364.000, 0.111	364.000, 0.115	364.000, 0.112
365.000, 0.111	365.000, 0.112	365.000, 0.115	365.000, 0.111	365.000, 0.114	365.000, 0.112
366.000, 0.112	366.000, 0.112	366.000, 0.116	366.000, 0.112	366.000, 0.116	366.000, 0.115
367.000, 0.111	367.000, 0.113	367.000, 0.116	367.000, 0.111	367.000, 0.116	367.000, 0.115
368.000, 0.110	368.000, 0.113	368.000, 0.115	368.000, 0.109	368.000, 0.116	368.000, 0.114
369.000, 0.112	369.000, 0.114	369.000, 0.117	369.000, 0.112	369.000, 0.118	369.000, 0.115
370.000, 0.114	370.000, 0.115	370.000, 0.119	370.000, 0.114	370.000, 0.119	370.000, 0.117
371.000, 0.113	371.000, 0.115	371.000, 0.118	371.000, 0.115	371.000, 0.118	371.000, 0.117
372.000, 0.114	372.000, 0.116	372.000, 0.119	372.000, 0.116	372.000, 0.119	372.000, 0.117
373.000, 0.116	373.000, 0.117	373.000, 0.121	373.000, 0.117	373.000, 0.120	373.000, 0.119
374.000, 0.117	374.000, 0.120	374.000, 0.123	374.000, 0.119	374.000, 0.122	374.000, 0.121
375.000, 0.118	375.000, 0.121	375.000, 0.123	375.000, 0.119	375.000, 0.123	375.000, 0.121
376.000, 0.119	376.000, 0.121	376.000, 0.123	376.000, 0.119	376.000, 0.123	376.000, 0.121
377.000, 0.120	377.000, 0.122	377.000, 0.125	377.000, 0.121	377.000, 0.125	377.000, 0.123
378.000, 0.121	378.000, 0.123	378.000, 0.125	378.000, 0.122	378.000, 0.127	378.000, 0.125
379.000, 0.122	379.000, 0.125	379.000, 0.125	379.000, 0.122	379.000, 0.128	379.000, 0.126
380.000, 0.121	380.000, 0.123	380.000, 0.125	380.000, 0.122	380.000, 0.128	380.000, 0.125
381.000, 0.122	381.000, 0.122	381.000, 0.126	381.000, 0.123	381.000, 0.129	381.000, 0.126
382.000, 0.124	382.000, 0.124	382.000, 0.127	382.000, 0.125	382.000, 0.131	382.000, 0.128
383.000, 0.124	383.000, 0.126	383.000, 0.129	383.000, 0.127	383.000, 0.131	383.000, 0.129
384.000, 0.125	384.000, 0.128	384.000, 0.130	384.000, 0.129	384.000, 0.132	384.000, 0.130
385.000, 0.128	385.000, 0.128	385.000, 0.130	385.000, 0.129	385.000, 0.135	385.000, 0.132
386.000, 0.129	386.000, 0.129	386.000, 0.132	386.000, 0.130	386.000, 0.136	386.000, 0.133
387.000, 0.130	387.000, 0.131	387.000, 0.135	387.000, 0.131	387.000, 0.135	387.000, 0.132
388.000, 0.132	388.000, 0.132	388.000, 0.135	388.000, 0.132	388.000, 0.137	388.000, 0.135
389.000, 0.133	389.000, 0.133	389.000, 0.136	389.000, 0.134	389.000, 0.139	389.000, 0.137
390.000, 0.134	390.000, 0.135	390.000, 0.137	390.000, 0.136	390.000, 0.140	390.000, 0.138
391.000, 0.134	391.000, 0.135	391.000, 0.138	391.000, 0.136	391.000, 0.141	391.000, 0.138
392.000, 0.135	392.000, 0.136	392.000, 0.139	392.000, 0.137	392.000, 0.142	392.000, 0.139
393.000, 0.137	393.000, 0.138	393.000, 0.142	393.000, 0.138	393.000, 0.144	393.000, 0.141
394.000, 0.139	394.000, 0.139	394.000, 0.144	394.000, 0.141	394.000, 0.146	394.000, 0.144
395.000, 0.141	395.000, 0.140	395.000, 0.144	395.000, 0.143	395.000, 0.148	395.000, 0.145
396.000, 0.141	396.000, 0.142	396.000, 0.146	396.000, 0.144	396.000, 0.149	396.000, 0.146
397.000, 0.142	397.000, 0.143	397.000, 0.147	397.000, 0.144	397.000, 0.149	397.000, 0.147
398.000, 0.143	398.000, 0.143	398.000, 0.147	398.000, 0.144	398.000, 0.149	398.000, 0.147
399.000, 0.144	399.000, 0.145	399.000, 0.148	399.000, 0.145	399.000, 0.150	399.000, 0.148
400.000, 0.145	400.000, 0.147	400.000, 0.149	400.000, 0.147	400.000, 0.152	400.000, 0.150
401.000, 0.147	401.000, 0.148	401.000, 0.150	401.000, 0.149	401.000, 0.154	401.000, 0.152
402.000, 0.147	402.000, 0.148	402.000, 0.151	402.000, 0.149	402.000, 0.154	402.000, 0.152
403.000, 0.148	403.000, 0.149	403.000, 0.153	403.000, 0.149	403.000, 0.154	403.000, 0.152
404.000, 0.149	404.000, 0.150	404.000, 0.154	404.000, 0.151	404.000, 0.156	404.000, 0.153
405.000, 0.150	405.000, 0.151	405.000, 0.154	405.000, 0.152	405.000, 0.157	405.000, 0.154
406.000, 0.151	406.000, 0.152	406.000, 0.155	406.000, 0.152	406.000, 0.157	406.000, 0.155
407.000, 0.153	407.000, 0.153	407.000, 0.157	407.000, 0.154	407.000, 0.158	407.000, 0.157
408.000, 0.154	408.000, 0.155	408.000, 0.158	408.000, 0.155	408.000, 0.160	408.000, 0.158
409.000, 0.154	409.000, 0.156	409.000, 0.159	409.000, 0.156	409.000, 0.162	409.000, 0.159
410.000, 0.155	410.000, 0.157	410.000, 0.160	410.000, 0.157	410.000, 0.162	410.000, 0.160
411.000, 0.157	411.000, 0.158	411.000, 0.161	411.000, 0.158	411.000, 0.163	411.000, 0.161
412.000, 0.158	412.000, 0.159	412.000, 0.162	412.000, 0.159	412.000, 0.165	412.000, 0.162
413.000, 0.159	413.000, 0.160	413.000, 0.163	413.000, 0.160	413.000, 0.166	413.000, 0.163
414.000, 0.160	414.000, 0.161	414.000, 0.164	414.000, 0.161	414.000, 0.166	414.000, 0.164
415.000, 0.161	415.000, 0.162	415.000, 0.166	415.000, 0.162	415.000, 0.167	415.000, 0.165
416.000, 0.162	416.000, 0.163	416.000, 0.167	416.000, 0.163	416.000, 0.168	416.000, 0.166
417.000, 0.163	417.000, 0.165	417.000, 0.168	417.000, 0.164	417.000, 0.170	417.000, 0.168
418.000, 0.164	418.000, 0.166	418.000, 0.169	418.000, 0.165	418.000, 0.171	418.000, 0.168
419.000, 0.165	419.000, 0.167	419.000, 0.170	419.000, 0.166	419.000, 0.172	419.000, 0.169
420.000, 0.166	420.000, 0.168	420.000, 0.171	420.000, 0.167	420.000, 0.173	420.000, 0.171
421.000, 0.167	421.000, 0.169	421.000, 0.172	421.000, 0.168	421.000, 0.174	421.000, 0.171
422.000, 0.168	422.000, 0.170	422.000, 0.173	422.000, 0.170	422.000, 0.175	422.000, 0.172
423.000, 0.170	423.000, 0.171	423.000, 0.175	423.000, 0.171	423.000, 0.177	423.000, 0.174
424.000, 0.171	424.000, 0.172	424.000, 0.176	424.000, 0.172	424.000, 0.178	424.000, 0.175
425.000, 0.172	425.000, 0.173	425.000, 0.177	425.000, 0.173	425.000, 0.178	425.000, 0.176
426.000, 0.173	426.000, 0.175	426.000, 0.178	426.000, 0.174	426.000, 0.180	426.000, 0.177
427.000, 0.174	427.000, 0.176	427.000, 0.179	427.000, 0.175	427.000, 0.181	427.000, 0.179
428.000, 0.175	428.000, 0.177	428.000, 0.180	428.000, 0.176	428.000, 0.182	428.000, 0.180
429.000, 0.177	429.000, 0.178	429.000, 0.181	429.000, 0.178	429.000, 0.183	429.000, 0.181
430.000, 0.178	430.000, 0.179	430.000, 0.182	430.000, 0.179	430.000, 0.185	430.000, 0.183
431.000, 0.179	431.000, 0.181	431.000, 0.184	431.000, 0.180	431.000, 0.186	431.000, 0.184
432.000, 0.181	432.000, 0.182	432.000, 0.185	432.000, 0.182	432.000, 0.188	432.000, 0.186
433.000, 0.183	433.000, 0.184	433.000, 0.187	433.000, 0.183	433.000, 0.189	433.000, 0.187
434.000, 0.184	434.000, 0.185	434.000, 0.188	434.000, 0.185	434.000, 0.191	434.000, 0.188
435.000, 0.185	435.000, 0.186	435.000, 0.189	435.000, 0.186	435.000, 0.192	435.000, 0.189
436.000, 0.186	436.000, 0.187	436.000, 0.190	436.000, 0.187	436.000, 0.193	436.000, 0.191
437.000, 0.187	437.000, 0.188	437.000, 0.191	437.000, 0.188	437.000, 0.194	437.000, 0.192
438.000, 0.188	438.000, 0.189	438.000, 0.192	438.000, 0.189	438.000, 0.195	438.000, 0.193
439.000, 0.190	439.000, 0.190	439.000, 0.193	439.000, 0.191	439.000, 0.197	439.000, 0.194
440.000, 0.191	440.000, 0.192	440.000, 0.195	440.000, 0.192	440.000, 0.198	440.000, 0.196
441.000, 0.192	441.000, 0.193	441.000, 0.196	441.000, 0.193	441.000, 0.200	441.000, 0.197
442.000, 0.193	442.000, 0.194	442.000, 0.197	442.000, 0.194	442.000, 0.200	442.000, 0.198
443.000, 0.194	443.000, 0.195	443.000, 0.198	443.000, 0.195	443.000, 0.201	443.000, 0.199
444.000, 0.195	444.000, 0.196	444.000, 0.199	444.000, 0.196	444.000, 0.202	444.000, 0.200
445.000, 0.196	445.000, 0.197	445.000, 0.200	445.000, 0.197	445.000, 0.203	445.000, 0.201
446.000, 0.197	446.000, 0.198	446.000, 0.201	446.000, 0.198	446.000, 0.204	446.000, 0.202
447.000, 0.198	447.000, 0.199	447.000, 0.202	447.000, 0.199	447.000, 0.205	447.000, 0.202
448.000, 0.199	448.000, 0.200	448.000, 0.203	448.000, 0.200	448.000, 0.206	448.000, 0.203
449.000, 0.200	449.000, 0.200	449.000, 0.204	449.000, 0.201	449.000, 0.207	449.000, 0.204
450.000, 0.200	450.000, 0.201	450.000, 0.204	450.000, 0.201	450.000, 0.208	450.000, 0.205
451.000, 0.201	451.000, 0.202	451.000, 0.205	451.000, 0.202	451.000, 0.208	451.000, 0.206
452.000, 0.202	452.000, 0.203	452.000, 0.206	452.000, 0.203	452.000, 0.209	452.000, 0.207
453.000, 0.202	453.000, 0.203	453.000, 0.206	453.000, 0.203	453.000, 0.210	453.000, 0.207
454.000, 0.203	454.000, 0.204	454.000, 0.207	454.000, 0.204	454.000, 0.210	454.000, 0.208
455.000, 0.204	455.000, 0.205	455.000, 0.207	455.000, 0.204	455.000, 0.211	455.000, 0.209
456.000, 0.204	456.000, 0.205	456.000, 0.208	456.000, 0.205	456.000, 0.211	456.000, 0.209
457.000, 0.205	457.000, 0.206	457.000, 0.209	457.000, 0.206	457.000, 0.212	457.000, 0.209
458.000, 0.205	458.000, 0.207	458.000, 0.209	458.000, 0.206	458.000, 0.212	458.000, 0.210
459.000, 0.206	459.000, 0.207	459.000, 0.210	459.000, 0.207	459.000, 0.213	459.000, 0.211
460.000, 0.207	460.000, 0.208	460.000, 0.211	460.000, 0.207	460.000, 0.213	460.000, 0.211
461.000, 0.207	461.000, 0.208	461.000, 0.211	461.000, 0.208	461.000, 0.214	461.000, 0.211
462.000, 0.208	462.000, 0.209	462.000, 0.212	462.000, 0.208	462.000, 0.215	462.000, 0.212
463.000, 0.208	463.000, 0.209	463.000, 0.212	463.000, 0.209	463.000, 0.215	463.000, 0.213
464.000, 0.209	464.000, 0.210	464.000, 0.213	464.000, 0.209	464.000, 0.216	464.000, 0.213
465.000, 0.209	465.000, 0.210	465.000, 0.213	465.000, 0.210	465.000, 0.216	465.000, 0.213
466.000, 0.210	466.000, 0.211	466.000, 0.214	466.000, 0.210	466.000, 0.216	466.000, 0.214
467.000, 0.210	467.000, 0.211	467.000, 0.214	467.000, 0.210	467.000, 0.217	467.000, 0.214
468.000, 0.210	468.000, 0.212	468.000, 0.215	468.000, 0.211	468.000, 0.217	468.000, 0.215
469.000, 0.211	469.000, 0.212	469.000, 0.215	469.000, 0.211	469.000, 0.218	469.000, 0.215
470.000, 0.212	470.000, 0.213	470.000, 0.216	470.000, 0.212	470.000, 0.218	470.000, 0.216
471.000, 0.212	471.000, 0.214	471.000, 0.217	471.000, 0.213	471.000, 0.219	471.000, 0.216
472.000, 0.213	472.000, 0.214	472.000, 0.218	472.000, 0.213	472.000, 0.220	472.000, 0.217
473.000, 0.214	473.000, 0.215	473.000, 0.218	473.000, 0.214	473.000, 0.220	473.000, 0.218
474.000, 0.215	474.000, 0.216	474.000, 0.219	474.000, 0.215	474.000, 0.221	474.000, 0.219
475.000, 0.215	475.000, 0.217	475.000, 0.220	475.000, 0.216	475.000, 0.222	475.000, 0.220
476.000, 0.216	476.000, 0.217	476.000, 0.221	476.000, 0.216	476.000, 0.222	476.000, 0.220
477.000, 0.216	477.000, 0.218	477.000, 0.221	477.000, 0.217	477.000, 0.223	477.000, 0.221
478.000, 0.217	478.000, 0.218	478.000, 0.222	478.000, 0.217	478.000, 0.223	478.000, 0.221
479.000, 0.218	479.000, 0.219	479.000, 0.222	479.000, 0.217	479.000, 0.224	479.000, 0.222
480.000, 0.218	480.000, 0.220	480.000, 0.223	480.000, 0.219	480.000, 0.225	480.000, 0.222
481.000, 0.219	481.000, 0.221	481.000, 0.224	481.000, 0.219	481.000, 0.226	481.000, 0.223
482.000, 0.220	482.000, 0.222	482.000, 0.225	482.000, 0.220	482.000, 0.227	482.000, 0.224
483.000, 0.221	483.000, 0.222	483.000, 0.225	483.000, 0.221	483.000, 0.227	483.000, 0.225
484.000, 0.222	484.000, 0.223	484.000, 0.226	484.000, 0.222	484.000, 0.228	484.000, 0.226
485.000, 0.223	485.000, 0.224	485.000, 0.227	485.000, 0.223	485.000, 0.229	485.000, 0.227
486.000, 0.224	486.000, 0.225	486.000, 0.228	486.000, 0.224	486.000, 0.230	486.000, 0.228
487.000, 0.225	487.000, 0.226	487.000, 0.229	487.000, 0.225	487.000, 0.231	487.000, 0.229
488.000, 0.226	488.000, 0.227	488.000, 0.230	488.000, 0.226	488.000, 0.233	488.000, 0.230
489.000, 0.227	489.000, 0.228	489.000, 0.231	489.000, 0.227	489.000, 0.234	489.000, 0.231
490.000, 0.228	490.000, 0.229	490.000, 0.232	490.000, 0.228	490.000, 0.235	490.000, 0.232
491.000, 0.229	491.000, 0.230	491.000, 0.233	491.000, 0.229	491.000, 0.235	491.000, 0.233
492.000, 0.229	492.000, 0.230	492.000, 0.234	492.000, 0.230	492.000, 0.236	492.000, 0.233
493.000, 0.230	493.000, 0.231	493.000, 0.234	493.000, 0.231	493.000, 0.237	493.000, 0.235
494.000, 0.232	494.000, 0.233	494.000, 0.236	494.000, 0.232	494.000, 0.239	494.000, 0.236
495.000, 0.233	495.000, 0.234	495.000, 0.237	495.000, 0.233	495.000, 0.240	495.000, 0.237
496.000, 0.234	496.000, 0.235	496.000, 0.238	496.000, 0.234	496.000, 0.241	496.000, 0.238
497.000, 0.235	497.000, 0.235	497.000, 0.238	497.000, 0.235	497.000, 0.242	497.000, 0.239
498.000, 0.236	498.000, 0.236	498.000, 0.239	498.000, 0.236	498.000, 0.243	498.000, 0.240
499.000, 0.237	499.000, 0.238	499.000, 0.240	499.000, 0.237	499.000, 0.244	499.000, 0.241
500.000, 0.238	500.000, 0.239	500.000, 0.242	500.000, 0.238	500.000, 0.245	500.000, 0.242
501.000, 0.239	501.000, 0.240	501.000, 0.243	501.000, 0.239	501.000, 0.246	501.000, 0.244
502.000, 0.240	502.000, 0.241	502.000, 0.244	502.000, 0.240	502.000, 0.247	502.000, 0.245
503.000, 0.242	503.000, 0.242	503.000, 0.245	503.000, 0.241	503.000, 0.248	503.000, 0.246
504.000, 0.242	504.000, 0.243	504.000, 0.246	504.000, 0.243	504.000, 0.250	504.000, 0.247
505.000, 0.244	505.000, 0.244	505.000, 0.247	505.000, 0.244	505.000, 0.251	505.000, 0.248
506.000, 0.245	506.000, 0.245	506.000, 0.248	506.000, 0.245	506.000, 0.252	506.000, 0.249
507.000, 0.246	507.000, 0.246	507.000, 0.249	507.000, 0.246	507.000, 0.253	507.000, 0.250
508.000, 0.247	508.000, 0.247	508.000, 0.250	508.000, 0.247	508.000, 0.254	508.000, 0.251
509.000, 0.248	509.000, 0.248	509.000, 0.250	509.000, 0.247	509.000, 0.255	509.000, 0.252
510.000, 0.249	510.000, 0.249	510.000, 0.251	510.000, 0.249	510.000, 0.256	510.000, 0.253
511.000, 0.250	511.000, 0.250	511.000, 0.253	511.000, 0.250	511.000, 0.257	511.000, 0.254
512.000, 0.251	512.000, 0.251	512.000, 0.254	512.000, 0.251	512.000, 0.259	512.000, 0.255
513.000, 0.252	513.000, 0.252	513.000, 0.255	513.000, 0.252	513.000, 0.260	513.000, 0.257
514.000, 0.253	514.000, 0.253	514.000, 0.256	514.000, 0.253	514.000, 0.260	514.000, 0.257
515.000, 0.254	515.000, 0.254	515.000, 0.256	515.000, 0.254	515.000, 0.261	515.000, 0.258
516.000, 0.255	516.000, 0.255	516.000, 0.257	516.000, 0.255	516.000, 0.262	516.000, 0.259
517.000, 0.256	517.000, 0.256	517.000, 0.258	517.000, 0.256	517.000, 0.263	517.000, 0.260
518.000, 0.257	518.000, 0.257	518.000, 0.259	518.000, 0.257	518.000, 0.264	518.000, 0.261
519.000, 0.258	519.000, 0.258	519.000, 0.260	519.000, 0.258	519.000, 0.266	519.000, 0.262
520.000, 0.259	520.000, 0.259	520.000, 0.262	520.000, 0.259	520.000, 0.267	520.000, 0.264
521.000, 0.260	521.000, 0.260	521.000, 0.263	521.000, 0.261	521.000, 0.268	521.000, 0.265
522.000, 0.261	522.000, 0.261	522.000, 0.264	522.000, 0.262	522.000, 0.269	522.000, 0.266
523.000, 0.262	523.000, 0.262	523.000, 0.265	523.000, 0.262	523.000, 0.270	523.000, 0.267
524.000, 0.263	524.000, 0.263	524.000, 0.265	524.000, 0.263	524.000, 0.271	524.000, 0.268
525.000, 0.264	525.000, 0.264	525.000, 0.266	525.000, 0.264	525.000, 0.272	525.000, 0.269
526.000, 0.265	526.000, 0.265	526.000, 0.267	526.000, 0.265	526.000, 0.273	526.000, 0.270
527.000, 0.266	527.000, 0.266	527.000, 0.268	527.000, 0.266	527.000, 0.274	527.000, 0.271
528.000, 0.267	528.000, 0.267	528.000, 0.269	528.000, 0.268	528.000, 0.275	528.000, 0.272
529.000, 0.268	529.000, 0.267	529.000, 0.270	529.000, 0.269	529.000, 0.276	529.000, 0.273
530.000, 0.270	530.000, 0.269	530.000, 0.271	530.000, 0.270	530.000, 0.277	530.000, 0.274
531.000, 0.271	531.000, 0.270	531.000, 0.272	531.000, 0.270	531.000, 0.278	531.000, 0.275
532.000, 0.271	532.000, 0.271	532.000, 0.273	532.000, 0.271	532.000, 0.279	532.000, 0.276
533.000, 0.272	533.000, 0.272	533.000, 0.274	533.000, 0.273	533.000, 0.280	533.000, 0.277
534.000, 0.273	534.000, 0.273	534.000, 0.275	534.000, 0.274	534.000, 0.282	534.000, 0.278
535.000, 0.274	535.000, 0.274	535.000, 0.276	535.000, 0.275	535.000, 0.283	535.000, 0.279
536.000, 0.276	536.000, 0.275	536.000, 0.277	536.000, 0.276	536.000, 0.284	536.000, 0.280
537.000, 0.277	537.000, 0.276	537.000, 0.278	537.000, 0.277	537.000, 0.285	537.000, 0.282
538.000, 0.278	538.000, 0.277	538.000, 0.280	538.000, 0.278	538.000, 0.286	538.000, 0.283
539.000, 0.279	539.000, 0.278	539.000, 0.281	539.000, 0.279	539.000, 0.287	539.000, 0.284
540.000, 0.280	540.000, 0.279	540.000, 0.282	540.000, 0.280	540.000, 0.288	540.000, 0.285
541.000, 0.281	541.000, 0.280	541.000, 0.283	541.000, 0.281	541.000, 0.290	541.000, 0.286
542.000, 0.282	542.000, 0.281	542.000, 0.284	542.000, 0.282	542.000, 0.291	542.000, 0.287
543.000, 0.283	543.000, 0.282	543.000, 0.285	543.000, 0.283	543.000, 0.292	543.000, 0.288
544.000, 0.284	544.000, 0.283	544.000, 0.286	544.000, 0.284	544.000, 0.293	544.000, 0.289
545.000, 0.285	545.000, 0.284	545.000, 0.287	545.000, 0.285	545.000, 0.294	545.000, 0.290
546.000, 0.286	546.000, 0.285	546.000, 0.288	546.000, 0.287	546.000, 0.295	546.000, 0.291
547.000, 0.287	547.000, 0.286	547.000, 0.289	547.000, 0.288	547.000, 0.296	547.000, 0.292
548.000, 0.289	548.000, 0.288	548.000, 0.290	548.000, 0.289	548.000, 0.297	548.000, 0.294
549.000, 0.290	549.000, 0.289	549.000, 0.291	549.000, 0.290	549.000, 0.298	549.000, 0.294
550.000, 0.290	550.000, 0.290	550.000, 0.292	550.000, 0.291	550.000, 0.299	550.000, 0.295
551.000, 0.292	551.000, 0.290	551.000, 0.293	551.000, 0.292	551.000, 0.300	551.000, 0.296
552.000, 0.293	552.000, 0.291	552.000, 0.294	552.000, 0.293	552.000, 0.301	552.000, 0.298
553.000, 0.294	553.000, 0.292	553.000, 0.295	553.000, 0.294	553.000, 0.302	553.000, 0.299
554.000, 0.295	554.000, 0.293	554.000, 0.296	554.000, 0.295	554.000, 0.303	554.000, 0.300
555.000, 0.296	555.000, 0.294	555.000, 0.297	555.000, 0.296	555.000, 0.305	555.000, 0.301
556.000, 0.297	556.000, 0.296	556.000, 0.298	556.000, 0.297	556.000, 0.306	556.000, 0.302
557.000, 0.298	557.000, 0.297	557.000, 0.299	557.000, 0.298	557.000, 0.307	557.000, 0.303
558.000, 0.299	558.000, 0.297	558.000, 0.300	558.000, 0.299	558.000, 0.308	558.000, 0.304
559.000, 0.300	559.000, 0.298	559.000, 0.301	559.000, 0.300	559.000, 0.309	559.000, 0.305
560.000, 0.301	560.000, 0.299	560.000, 0.302	560.000, 0.301	560.000, 0.310	560.000, 0.306
561.000, 0.302	561.000, 0.300	561.000, 0.303	561.000, 0.302	561.000, 0.311	561.000, 0.307
562.000, 0.303	562.000, 0.302	562.000, 0.304	562.000, 0.303	562.000, 0.312	562.000, 0.308
563.000, 0.304	563.000, 0.303	563.000, 0.305	563.000, 0.304	563.000, 0.313	563.000, 0.309
564.000, 0.305	564.000, 0.303	564.000, 0.306	564.000, 0.305	564.000, 0.314	564.000, 0.310
565.000, 0.306	565.000, 0.304	565.000, 0.306	565.000, 0.306	565.000, 0.315	565.000, 0.311
566.000, 0.307	566.000, 0.305	566.000, 0.307	566.000, 0.307	566.000, 0.316	566.000, 0.312
567.000, 0.308	567.000, 0.306	567.000, 0.308	567.000, 0.308	567.000, 0.317	567.000, 0.313
568.000, 0.309	568.000, 0.307	568.000, 0.309	568.000, 0.309	568.000, 0.317	568.000, 0.314
569.000, 0.309	569.000, 0.308	569.000, 0.310	569.000, 0.309	569.000, 0.318	569.000, 0.314
570.000, 0.311	570.000, 0.309	570.000, 0.311	570.000, 0.310	570.000, 0.319	570.000, 0.315
571.000, 0.312	571.000, 0.310	571.000, 0.312	571.000, 0.311	571.000, 0.321	571.000, 0.316
572.000, 0.312	572.000, 0.311	572.000, 0.313	572.000, 0.312	572.000, 0.322	572.000, 0.317
573.000, 0.313	573.000, 0.312	573.000, 0.314	573.000, 0.313	573.000, 0.322	573.000, 0.318
574.000, 0.314	574.000, 0.312	574.000, 0.315	574.000, 0.314	574.000, 0.323	574.000, 0.319
575.000, 0.315	575.000, 0.313	575.000, 0.316	575.000, 0.315	575.000, 0.324	575.000, 0.320
576.000, 0.316	576.000, 0.314	576.000, 0.316	576.000, 0.316	576.000, 0.325	576.000, 0.321
577.000, 0.317	577.000, 0.315	577.000, 0.317	577.000, 0.316	577.000, 0.326	577.000, 0.322
578.000, 0.318	578.000, 0.316	578.000, 0.318	578.000, 0.317	578.000, 0.326	578.000, 0.322
579.000, 0.319	579.000, 0.317	579.000, 0.319	579.000, 0.318	579.000, 0.327	579.000, 0.323
580.000, 0.320	580.000, 0.318	580.000, 0.320	580.000, 0.319	580.000, 0.328	580.000, 0.324
581.000, 0.320	581.000, 0.319	581.000, 0.321	581.000, 0.320	581.000, 0.329	581.000, 0.325
582.000, 0.321	582.000, 0.319	582.000, 0.321	582.000, 0.320	582.000, 0.330	582.000, 0.326
583.000, 0.322	583.000, 0.320	583.000, 0.322	583.000, 0.321	583.000, 0.330	583.000, 0.326
584.000, 0.322	584.000, 0.321	584.000, 0.322	584.000, 0.322	584.000, 0.331	584.000, 0.327
585.000, 0.323	585.000, 0.321	585.000, 0.323	585.000, 0.322	585.000, 0.331	585.000, 0.327
586.000, 0.324	586.000, 0.322	586.000, 0.324	586.000, 0.323	586.000, 0.332	586.000, 0.328
587.000, 0.324	587.000, 0.323	587.000, 0.325	587.000, 0.324	587.000, 0.333	587.000, 0.329
588.000, 0.325	588.000, 0.323	588.000, 0.325	588.000, 0.324	588.000, 0.333	588.000, 0.328
589.000, 0.325	589.000, 0.324	589.000, 0.326	589.000, 0.325	589.000, 0.333	589.000, 0.329
590.000, 0.326	590.000, 0.325	590.000, 0.327	590.000, 0.326	590.000, 0.334	590.000, 0.330
591.000, 0.326	591.000, 0.326	591.000, 0.328	591.000, 0.326	591.000, 0.334	591.000, 0.330
592.000, 0.327	592.000, 0.326	592.000, 0.328	592.000, 0.326	592.000, 0.335	592.000, 0.330
593.000, 0.328	593.000, 0.327	593.000, 0.329	593.000, 0.327	593.000, 0.335	593.000, 0.331
594.000, 0.328	594.000, 0.327	594.000, 0.330	594.000, 0.328	594.000, 0.336	594.000, 0.332
595.000, 0.329	595.000, 0.328	595.000, 0.330	595.000, 0.328	595.000, 0.337	595.000, 0.332
596.000, 0.329	596.000, 0.328	596.000, 0.330	596.000, 0.328	596.000, 0.337	596.000, 0.332
597.000, 0.330	597.000, 0.328	597.000, 0.331	597.000, 0.329	597.000, 0.338	597.000, 0.333
598.000, 0.330	598.000, 0.329	598.000, 0.331	598.000, 0.329	598.000, 0.338	598.000, 0.334
599.000, 0.331	599.000, 0.329	599.000, 0.331	599.000, 0.329	599.000, 0.339	599.000, 0.335
600.000, 0.332	600.000, 0.330	600.000, 0.333	600.000, 0.331	600.000, 0.340	600.000, 0.337
601.000, 0.333	601.000, 0.331	601.000, 0.333	601.000, 0.332	601.000, 0.341	601.000, 0.338
602.000, 0.334	602.000, 0.332	602.000, 0.334	602.000, 0.332	602.000, 0.342	602.000, 0.338
603.000, 0.335	603.000, 0.333	603.000, 0.334	603.000, 0.333	603.000, 0.343	603.000, 0.339
604.000, 0.336	604.000, 0.334	604.000, 0.335	604.000, 0.333	604.000, 0.343	604.000, 0.340
605.000, 0.336	605.000, 0.334	605.000, 0.336	605.000, 0.334	605.000, 0.344	605.000, 0.340
606.000, 0.336	606.000, 0.335	606.000, 0.337	606.000, 0.335	606.000, 0.345	606.000, 0.341
607.000, 0.337	607.000, 0.336	607.000, 0.337	607.000, 0.335	607.000, 0.346	607.000, 0.341
608.000, 0.338	608.000, 0.336	608.000, 0.338	608.000, 0.336	608.000, 0.346	608.000, 0.342
609.000, 0.339	609.000, 0.337	609.000, 0.339	609.000, 0.336	609.000, 0.346	609.000, 0.342
610.000, 0.339	610.000, 0.337	610.000, 0.340	610.000, 0.337	610.000, 0.347	610.000, 0.343
611.000, 0.340	611.000, 0.338	611.000, 0.340	611.000, 0.338	611.000, 0.347	611.000, 0.343
612.000, 0.340	612.000, 0.339	612.000, 0.341	612.000, 0.338	612.000, 0.348	612.000, 0.344
613.000, 0.341	613.000, 0.340	613.000, 0.341	613.000, 0.339	613.000, 0.348	613.000, 0.344
614.000, 0.342	614.000, 0.341	614.000, 0.342	614.000, 0.340	614.000, 0.349	614.000, 0.345
615.000, 0.343	615.000, 0.341	615.000, 0.343	615.000, 0.340	615.000, 0.350	615.000, 0.345
616.000, 0.343	616.000, 0.342	616.000, 0.344	616.000, 0.341	616.000, 0.350	616.000, 0.346
617.000, 0.343	617.000, 0.343	617.000, 0.344	617.000, 0.341	617.000, 0.350	617.000, 0.347
618.000, 0.344	618.000, 0.343	618.000, 0.345	618.000, 0.342	618.000, 0.351	618.000, 0.347
619.000, 0.345	619.000, 0.344	619.000, 0.345	619.000, 0.342	619.000, 0.352	619.000, 0.347
620.000, 0.346	620.000, 0.344	620.000, 0.346	620.000, 0.342	620.000, 0.352	620.000, 0.348
621.000, 0.346	621.000, 0.345	621.000, 0.347	621.000, 0.343	621.000, 0.352	621.000, 0.348
622.000, 0.346	622.000, 0.346	622.000, 0.347	622.000, 0.343	622.000, 0.353	622.000, 0.349
623.000, 0.347	623.000, 0.346	623.000, 0.348	623.000, 0.344	623.000, 0.353	623.000, 0.349
624.000, 0.347	624.000, 0.347	624.000, 0.348	624.000, 0.345	624.000, 0.354	624.000, 0.350
625.000, 0.348	625.000, 0.348	625.000, 0.349	625.000, 0.345	625.000, 0.354	625.000, 0.350
626.000, 0.349	626.000, 0.348	626.000, 0.350	626.000, 0.345	626.000, 0.355	626.000, 0.351
627.000, 0.349	627.000, 0.349	627.000, 0.351	627.000, 0.346	627.000, 0.356	627.000, 0.351
628.000, 0.350	628.000, 0.349	628.000, 0.351	628.000, 0.347	628.000, 0.356	628.000, 0.352
629.000, 0.351	629.000, 0.350	629.000, 0.352	629.000, 0.347	629.000, 0.357	629.000, 0.352
630.000, 0.351	630.000, 0.351	630.000, 0.353	630.000, 0.348	630.000, 0.357	630.000, 0.353
631.000, 0.352	631.000, 0.352	631.000, 0.353	631.000, 0.348	631.000, 0.358	631.000, 0.354
632.000, 0.353	632.000, 0.352	632.000, 0.354	632.000, 0.349	632.000, 0.358	632.000, 0.354
633.000, 0.353	633.000, 0.353	633.000, 0.355	633.000, 0.349	633.000, 0.359	633.000, 0.354
634.000, 0.354	634.000, 0.354	634.000, 0.355	634.000, 0.350	634.000, 0.359	634.000, 0.355
635.000, 0.354	635.000, 0.355	635.000, 0.356	635.000, 0.350	635.000, 0.360	635.000, 0.356
636.000, 0.355	636.000, 0.355	636.000, 0.357	636.000, 0.351	636.000, 0.360	636.000, 0.356
637.000, 0.356	637.000, 0.355	637.000, 0.357	637.000, 0.352	637.000, 0.361	637.000, 0.356
638.000, 0.356	638.000, 0.356	638.000, 0.358	638.000, 0.352	638.000, 0.361	638.000, 0.357
639.000, 0.357	639.000, 0.357	639.000, 0.359	639.000, 0.353	639.000, 0.362	639.000, 0.358
640.000, 0.358	640.000, 0.358	640.000, 0.359	640.000, 0.354	640.000, 0.363	640.000, 0.359
641.000, 0.358	641.000, 0.358	641.000, 0.360	641.000, 0.354	641.000, 0.364	641.000, 0.359
642.000, 0.359	642.000, 0.359	642.000, 0.360	642.000, 0.354	642.000, 0.364	642.000, 0.360
643.000, 0.359	643.000, 0.359	643.000, 0.361	643.000, 0.354	643.000, 0.364	643.000, 0.360
644.000, 0.360	644.000, 0.360	644.000, 0.361	644.000, 0.355	644.000, 0.365	644.000, 0.361
645.000, 0.361	645.000, 0.361	645.000, 0.362	645.000, 0.356	645.000, 0.366	645.000, 0.361
646.000, 0.361	646.000, 0.362	646.000, 0.363	646.000, 0.357	646.000, 0.366	646.000, 0.362
647.000, 0.362	647.000, 0.362	647.000, 0.363	647.000, 0.357	647.000, 0.367	647.000, 0.362
648.000, 0.362	648.000, 0.363	648.000, 0.364	648.000, 0.358	648.000, 0.367	648.000, 0.363
649.000, 0.363	649.000, 0.363	649.000, 0.365	649.000, 0.358	649.000, 0.368	649.000, 0.363
650.000, 0.364	650.000, 0.364	650.000, 0.365	650.000, 0.359	650.000, 0.368	650.000, 0.364
651.000, 0.364	651.000, 0.365	651.000, 0.366	651.000, 0.359	651.000, 0.369	651.000, 0.364
652.000, 0.365	652.000, 0.365	652.000, 0.367	652.000, 0.360	652.000, 0.369	652.000, 0.365
653.000, 0.366	653.000, 0.366	653.000, 0.367	653.000, 0.360	653.000, 0.370	653.000, 0.366
654.000, 0.366	654.000, 0.367	654.000, 0.368	654.000, 0.360	654.000, 0.370	654.000, 0.366
655.000, 0.367	655.000, 0.367	655.000, 0.369	655.000, 0.361	655.000, 0.371	655.000, 0.366
656.000, 0.368	656.000, 0.368	656.000, 0.370	656.000, 0.362	656.000, 0.371	656.000, 0.368
657.000, 0.368	657.000, 0.369	657.000, 0.370	657.000, 0.363	657.000, 0.372	657.000, 0.368
658.000, 0.369	658.000, 0.370	658.000, 0.371	658.000, 0.363	658.000, 0.372	658.000, 0.368
659.000, 0.370	659.000, 0.370	659.000, 0.372	659.000, 0.364	659.000, 0.373	659.000, 0.369
660.000, 0.370	660.000, 0.371	660.000, 0.372	660.000, 0.364	660.000, 0.373	660.000, 0.369
661.000, 0.370	661.000, 0.371	661.000, 0.373	661.000, 0.364	661.000, 0.374	661.000, 0.369
662.000, 0.371	662.000, 0.372	662.000, 0.373	662.000, 0.364	662.000, 0.374	662.000, 0.370
663.000, 0.372	663.000, 0.372	663.000, 0.374	663.000, 0.365	663.000, 0.375	663.000, 0.371
664.000, 0.372	664.000, 0.373	664.000, 0.375	664.000, 0.366	664.000, 0.375	664.000, 0.372
665.000, 0.373	665.000, 0.374	665.000, 0.375	665.000, 0.367	665.000, 0.376	665.000, 0.372
666.000, 0.373	666.000, 0.374	666.000, 0.376	666.000, 0.367	666.000, 0.377	666.000, 0.372
667.000, 0.374	667.000, 0.375	667.000, 0.376	667.000, 0.368	667.000, 0.377	667.000, 0.372
668.000, 0.375	668.000, 0.376	668.000, 0.377	668.000, 0.368	668.000, 0.378	668.000, 0.373
669.000, 0.376	669.000, 0.377	669.000, 0.378	669.000, 0.369	669.000, 0.379	669.000, 0.374
670.000, 0.376	670.000, 0.377	670.000, 0.378	670.000, 0.369	670.000, 0.379	670.000, 0.375
671.000, 0.377	671.000, 0.378	671.000, 0.379	671.000, 0.370	671.000, 0.379	671.000, 0.375
672.000, 0.378	672.000, 0.379	672.000, 0.380	672.000, 0.370	672.000, 0.380	672.000, 0.376
673.000, 0.378	673.000, 0.379	673.000, 0.381	673.000, 0.371	673.000, 0.381	673.000, 0.376
674.000, 0.379	674.000, 0.380	674.000, 0.382	674.000, 0.372	674.000, 0.381	674.000, 0.377
675.000, 0.380	675.000, 0.381	675.000, 0.382	675.000, 0.373	675.000, 0.382	675.000, 0.378
676.000, 0.381	676.000, 0.382	676.000, 0.383	676.000, 0.373	676.000, 0.383	676.000, 0.378
677.000, 0.381	677.000, 0.382	677.000, 0.383	677.000, 0.373	677.000, 0.383	677.000, 0.379
678.000, 0.382	678.000, 0.383	678.000, 0.384	678.000, 0.374	678.000, 0.383	678.000, 0.380
679.000, 0.383	679.000, 0.384	679.000, 0.385	679.000, 0.375	679.000, 0.384	679.000, 0.380
680.000, 0.383	680.000, 0.384	680.000, 0.386	680.000, 0.375	680.000, 0.385	680.000, 0.381
681.000, 0.384	681.000, 0.385	681.000, 0.386	681.000, 0.376	681.000, 0.385	681.000, 0.381
682.000, 0.384	682.000, 0.385	682.000, 0.386	682.000, 0.376	682.000, 0.386	682.000, 0.381
683.000, 0.385	683.000, 0.386	683.000, 0.387	683.000, 0.377	683.000, 0.386	683.000, 0.382
684.000, 0.386	684.000, 0.386	684.000, 0.387	684.000, 0.377	684.000, 0.387	684.000, 0.383
685.000, 0.386	685.000, 0.387	685.000, 0.388	685.000, 0.377	685.000, 0.387	685.000, 0.383
686.000, 0.386	686.000, 0.387	686.000, 0.388	686.000, 0.378	686.000, 0.387	686.000, 0.383
687.000, 0.387	687.000, 0.388	687.000, 0.389	687.000, 0.379	687.000, 0.388	687.000, 0.384
688.000, 0.388	688.000, 0.389	688.000, 0.390	688.000, 0.380	688.000, 0.389	688.000, 0.385
689.000, 0.389	689.000, 0.390	689.000, 0.392	689.000, 0.380	689.000, 0.390	689.000, 0.386
690.000, 0.390	690.000, 0.391	690.000, 0.392	690.000, 0.381	690.000, 0.390	690.000, 0.386
691.000, 0.391	691.000, 0.391	691.000, 0.393	691.000, 0.381	691.000, 0.391	691.000, 0.387
692.000, 0.392	692.000, 0.392	692.000, 0.394	692.000, 0.382	692.000, 0.392	692.000, 0.388
693.000, 0.392	693.000, 0.393	693.000, 0.394	693.000, 0.383	693.000, 0.392	693.000, 0.388
694.000, 0.393	694.000, 0.395	694.000, 0.395	694.000, 0.384	694.000, 0.393	694.000, 0.389
695.000, 0.394	695.000, 0.395	695.000, 0.395	695.000, 0.384	695.000, 0.394	695.000, 0.390
696.000, 0.394	696.000, 0.396	696.000, 0.396	696.000, 0.385	696.000, 0.394	696.000, 0.391
697.000, 0.395	697.000, 0.397	697.000, 0.398	697.000, 0.386	697.000, 0.395	697.000, 0.391
698.000, 0.396	698.000, 0.397	698.000, 0.398	698.000, 0.386	698.000, 0.396	698.000, 0.392
699.000, 0.396	699.000, 0.397	699.000, 0.399	699.000, 0.386	699.000, 0.396	699.000, 0.392
700.000, 0.397	700.000, 0.398	700.000, 0.399	700.000, 0.387	700.000, 0.397	700.000, 0.393
701.000, 0.398	701.000, 0.399	701.000, 0.400	701.000, 0.388	701.000, 0.397	701.000, 0.394
702.000, 0.399	702.000, 0.400	702.000, 0.401	702.000, 0.389	702.000, 0.398	702.000, 0.394
703.000, 0.400	703.000, 0.401	703.000, 0.402	703.000, 0.389	703.000, 0.399	703.000, 0.395
704.000, 0.400	704.000, 0.401	704.000, 0.402	704.000, 0.389	704.000, 0.399	704.000, 0.395
705.000, 0.400	705.000, 0.401	705.000, 0.403	705.000, 0.390	705.000, 0.399	705.000, 0.396
706.000, 0.401	706.000, 0.402	706.000, 0.403	706.000, 0.390	706.000, 0.400	706.000, 0.396
707.000, 0.401	707.000, 0.403	707.000, 0.404	707.000, 0.391	707.000, 0.400	707.000, 0.397
708.000, 0.403	708.000, 0.404	708.000, 0.405	708.000, 0.392	708.000, 0.402	708.000, 0.398
709.000, 0.403	709.000, 0.405	709.000, 0.406	709.000, 0.393	709.000, 0.402	709.000, 0.399
710.000, 0.404	710.000, 0.406	710.000, 0.406	710.000, 0.393	710.000, 0.402	710.000, 0.399
711.000, 0.404	711.000, 0.406	711.000, 0.407	711.000, 0.394	711.000, 0.403	711.000, 0.399
712.000, 0.405	712.000, 0.407	712.000, 0.407	712.000, 0.394	712.000, 0.403	712.000, 0.400
713.000, 0.406	713.000, 0.407	713.000, 0.408	713.000, 0.395	713.000, 0.404	713.000, 0.400
714.000, 0.406	714.000, 0.408	714.000, 0.408	714.000, 0.395	714.000, 0.404	714.000, 0.401
715.000, 0.407	715.000, 0.408	715.000, 0.409	715.000, 0.396	715.000, 0.405	715.000, 0.401
716.000, 0.407	716.000, 0.409	716.000, 0.410	716.000, 0.396	716.000, 0.405	716.000, 0.402
717.000, 0.408	717.000, 0.410	717.000, 0.411	717.000, 0.397	717.000, 0.407	717.000, 0.403
718.000, 0.409	718.000, 0.411	718.000, 0.412	718.000, 0.398	718.000, 0.407	718.000, 0.404
719.000, 0.410	719.000, 0.411	719.000, 0.412	719.000, 0.399	719.000, 0.408	719.000, 0.404
720.000, 0.411	720.000, 0.412	720.000, 0.413	720.000, 0.399	720.000, 0.408	720.000, 0.404
721.000, 0.411	721.000, 0.413	721.000, 0.414	721.000, 0.400	721.000, 0.409	721.000, 0.405
722.000, 0.411	722.000, 0.413	722.000, 0.414	722.000, 0.400	722.000, 0.409	722.000, 0.406
723.000, 0.412	723.000, 0.413	723.000, 0.415	723.000, 0.401	723.000, 0.410	723.000, 0.406
724.000, 0.413	724.000, 0.414	724.000, 0.416	724.000, 0.402	724.000, 0.410	724.000, 0.407
725.000, 0.414	725.000, 0.415	725.000, 0.416	725.000, 0.402	725.000, 0.411	725.000, 0.407
726.000, 0.414	726.000, 0.416	726.000, 0.417	726.000, 0.403	726.000, 0.412	726.000, 0.408
727.000, 0.414	727.000, 0.416	727.000, 0.417	727.000, 0.403	727.000, 0.412	727.000, 0.408
728.000, 0.415	728.000, 0.417	728.000, 0.418	728.000, 0.403	728.000, 0.413	728.000, 0.409
729.000, 0.416	729.000, 0.417	729.000, 0.418	729.000, 0.404	729.000, 0.413	729.000, 0.409
730.000, 0.417	730.000, 0.419	730.000, 0.419	730.000, 0.405	730.000, 0.414	730.000, 0.410
731.000, 0.418	731.000, 0.420	731.000, 0.420	731.000, 0.405	731.000, 0.415	731.000, 0.411
732.000, 0.418	732.000, 0.420	732.000, 0.420	732.000, 0.406	732.000, 0.415	732.000, 0.412
733.000, 0.418	733.000, 0.420	733.000, 0.421	733.000, 0.407	733.000, 0.416	733.000, 0.412
734.000, 0.419	734.000, 0.421	734.000, 0.421	734.000, 0.407	734.000, 0.416	734.000, 0.412
735.000, 0.419	735.000, 0.421	735.000, 0.422	735.000, 0.407	735.000, 0.416	735.000, 0.413
736.000, 0.420	736.000, 0.422	736.000, 0.423	736.000, 0.408	736.000, 0.417	736.000, 0.413
737.000, 0.421	737.000, 0.423	737.000, 0.424	737.000, 0.409	737.000, 0.418	737.000, 0.414
738.000, 0.421	738.000, 0.423	738.000, 0.424	738.000, 0.409	738.000, 0.418	738.000, 0.415
739.000, 0.422	739.000, 0.424	739.000, 0.424	739.000, 0.410	739.000, 0.419	739.000, 0.416
740.000, 0.423	740.000, 0.424	740.000, 0.425	740.000, 0.410	740.000, 0.420	740.000, 0.416
741.000, 0.423	741.000, 0.425	741.000, 0.426	741.000, 0.411	741.000, 0.420	741.000, 0.416
742.000, 0.424	742.000, 0.426	742.000, 0.426	742.000, 0.412	742.000, 0.420	742.000, 0.416
743.000, 0.424	743.000, 0.427	743.000, 0.427	743.000, 0.412	743.000, 0.421	743.000, 0.417
744.000, 0.425	744.000, 0.427	744.000, 0.427	744.000, 0.413	744.000, 0.421	744.000, 0.418
745.000, 0.426	745.000, 0.428	745.000, 0.428	745.000, 0.413	745.000, 0.422	745.000, 0.419
746.000, 0.426	746.000, 0.428	746.000, 0.429	746.000, 0.414	746.000, 0.423	746.000, 0.419
747.000, 0.427	747.000, 0.429	747.000, 0.429	747.000, 0.414	747.000, 0.423	747.000, 0.420
748.000, 0.427	748.000, 0.429	748.000, 0.430	748.000, 0.415	748.000, 0.424	748.000, 0.420
749.000, 0.428	749.000, 0.430	749.000, 0.430	749.000, 0.415	749.000, 0.424	749.000, 0.421
750.000, 0.429	750.000, 0.431	750.000, 0.431	750.000, 0.416	750.000, 0.425	750.000, 0.421
751.000, 0.429	751.000, 0.431	751.000, 0.432	751.000, 0.416	751.000, 0.425	751.000, 0.421
752.000, 0.430	752.000, 0.432	752.000, 0.432	752.000, 0.417	752.000, 0.426	752.000, 0.422
753.000, 0.431	753.000, 0.433	753.000, 0.433	753.000, 0.418	753.000, 0.427	753.000, 0.422
754.000, 0.431	754.000, 0.433	754.000, 0.434	754.000, 0.418	754.000, 0.427	754.000, 0.423
755.000, 0.432	755.000, 0.434	755.000, 0.434	755.000, 0.419	755.000, 0.428	755.000, 0.424
756.000, 0.432	756.000, 0.434	756.000, 0.434	756.000, 0.419	756.000, 0.428	756.000, 0.424
757.000, 0.431	757.000, 0.434	757.000, 0.434	757.000, 0.419	757.000, 0.428	757.000, 0.424
758.000, 0.431	758.000, 0.433	758.000, 0.434	758.000, 0.419	758.000, 0.428	758.000, 0.424
759.000, 0.431	759.000, 0.433	759.000, 0.433	759.000, 0.419	759.000, 0.428	759.000, 0.424
760.000, 0.433	760.000, 0.435	760.000, 0.435	760.000, 0.420	760.000, 0.428	760.000, 0.425
761.000, 0.435	761.000, 0.436	761.000, 0.437	761.000, 0.420	761.000, 0.428	761.000, 0.426
762.000, 0.435	762.000, 0.437	762.000, 0.437	762.000, 0.420	762.000, 0.429	762.000, 0.426
763.000, 0.437	763.000, 0.438	763.000, 0.439	763.000, 0.421	763.000, 0.430	763.000, 0.427
764.000, 0.438	764.000, 0.440	764.000, 0.441	764.000, 0.422	764.000, 0.431	764.000, 0.428
765.000, 0.438	765.000, 0.440	765.000, 0.441	765.000, 0.423	765.000, 0.431	765.000, 0.429
766.000, 0.439	766.000, 0.441	766.000, 0.442	766.000, 0.424	766.000, 0.432	766.000, 0.429
767.000, 0.440	767.000, 0.441	767.000, 0.442	767.000, 0.424	767.000, 0.433	767.000, 0.430
768.000, 0.440	768.000, 0.442	768.000, 0.442	768.000, 0.425	768.000, 0.434	768.000, 0.430
769.000, 0.440	769.000, 0.443	769.000, 0.443	769.000, 0.426	769.000, 0.435	769.000, 0.431
770.000, 0.441	770.000, 0.444	770.000, 0.444	770.000, 0.427	770.000, 0.435	770.000, 0.432
771.000, 0.442	771.000, 0.444	771.000, 0.444	771.000, 0.427	771.000, 0.435	771.000, 0.432
772.000, 0.442	772.000, 0.444	772.000, 0.445	772.000, 0.428	772.000, 0.436	772.000, 0.433
773.000, 0.443	773.000, 0.445	773.000, 0.445	773.000, 0.428	773.000, 0.437	773.000, 0.434
774.000, 0.444	774.000, 0.446	774.000, 0.446	774.000, 0.429	774.000, 0.438	774.000, 0.434
775.000, 0.444	775.000, 0.446	775.000, 0.446	775.000, 0.429	775.000, 0.438	775.000, 0.434
776.000, 0.445	776.000, 0.447	776.000, 0.447	776.000, 0.430	776.000, 0.438	776.000, 0.435
777.000, 0.446	777.000, 0.448	777.000, 0.448	777.000, 0.430	777.000, 0.439	777.000, 0.435
778.000, 0.446	778.000, 0.448	778.000, 0.449	778.000, 0.431	778.000, 0.440	778.000, 0.436
779.000, 0.447	779.000, 0.449	779.000, 0.450	779.000, 0.432	779.000, 0.440	779.000, 0.437
780.000, 0.448	780.000, 0.450	780.000, 0.450	780.000, 0.432	780.000, 0.441	780.000, 0.437
781.000, 0.448	781.000, 0.450	781.000, 0.450	781.000, 0.432	781.000, 0.441	781.000, 0.437
782.000, 0.449	782.000, 0.450	782.000, 0.450	782.000, 0.432	782.000, 0.441	782.000, 0.438
783.000, 0.449	783.000, 0.451	783.000, 0.451	783.000, 0.433	783.000, 0.441	783.000, 0.438
784.000, 0.450	784.000, 0.453	784.000, 0.452	784.000, 0.433	784.000, 0.443	784.000, 0.439
785.000, 0.450	785.000, 0.453	785.000, 0.453	785.000, 0.434	785.000, 0.444	785.000, 0.440
786.000, 0.451	786.000, 0.454	786.000, 0.453	786.000, 0.435	786.000, 0.444	786.000, 0.440
787.000, 0.452	787.000, 0.454	787.000, 0.454	787.000, 0.436	787.000, 0.444	787.000, 0.440
788.000, 0.452	788.000, 0.455	788.000, 0.455	788.000, 0.436	788.000, 0.445	788.000, 0.441
789.000, 0.453	789.000, 0.455	789.000, 0.456	789.000, 0.436	789.000, 0.445	789.000, 0.442
790.000, 0.454	790.000, 0.456	790.000, 0.456	790.000, 0.437	790.000, 0.446	790.000, 0.442
791.000, 0.455	791.000, 0.457	791.000, 0.457	791.000, 0.438	791.000, 0.447	791.000, 0.443
792.000, 0.456	792.000, 0.457	792.000, 0.457	792.000, 0.438	792.000, 0.447	792.000, 0.443
793.000, 0.456	793.000, 0.457	793.000, 0.457	793.000, 0.438	793.000, 0.447	793.000, 0.443
794.000, 0.456	794.000, 0.458	794.000, 0.458	794.000, 0.438	794.000, 0.447	794.000, 0.444
795.000, 0.457	795.000, 0.459	795.000, 0.458	795.000, 0.440	795.000, 0.448	795.000, 0.445
796.000, 0.457	796.000, 0.459	796.000, 0.458	796.000, 0.440	796.000, 0.448	796.000, 0.445
797.000, 0.458	797.000, 0.460	797.000, 0.459	797.000, 0.439	797.000, 0.448	797.000, 0.445
798.000, 0.458	798.000, 0.460	798.000, 0.460	798.000, 0.440	798.000, 0.449	798.000, 0.446
799.000, 0.459	799.000, 0.461	799.000, 0.461	799.000, 0.441	799.000, 0.451	799.000, 0.447
800.000, 0.460	800.000, 0.463	800.000, 0.462	800.000, 0.442	800.000, 0.452	800.000, 0.447
801.000, 0.460	801.000, 0.463	801.000, 0.462	801.000, 0.442	801.000, 0.451	801.000, 0.448
802.000, 0.461	802.000, 0.463	802.000, 0.462	802.000, 0.442	802.000, 0.451	802.000, 0.448
803.000, 0.461	803.000, 0.463	803.000, 0.463	803.000, 0.443	803.000, 0.451	803.000, 0.448
804.000, 0.462	804.000, 0.464	804.000, 0.463	804.000, 0.444	804.000, 0.452	804.000, 0.449
805.000, 0.463	805.000, 0.465	805.000, 0.464	805.000, 0.444	805.000, 0.453	805.000, 0.450
806.000, 0.463	806.000, 0.465	806.000, 0.465	806.000, 0.445	806.000, 0.454	806.000, 0.450
807.000, 0.464	807.000, 0.465	807.000, 0.466	807.000, 0.445	807.000, 0.454	807.000, 0.450
808.000, 0.464	808.000, 0.466	808.000, 0.465	808.000, 0.445	808.000, 0.453	808.000, 0.450
809.000, 0.465	809.000, 0.467	809.000, 0.466	809.000, 0.446	809.000, 0.454	809.000, 0.451
810.000, 0.466	810.000, 0.468	810.000, 0.467	810.000, 0.447	810.000, 0.456	810.000, 0.452
811.000, 0.467	811.000, 0.469	811.000, 0.468	811.000, 0.447	811.000, 0.457	811.000, 0.453
812.000, 0.467	812.000, 0.469	812.000, 0.468	812.000, 0.448	812.000, 0.457	812.000, 0.453
813.000, 0.467	813.000, 0.469	813.000, 0.468	813.000, 0.448	813.000, 0.456	813.000, 0.453
814.000, 0.468	814.000, 0.469	814.000, 0.470	814.000, 0.448	814.000, 0.457	814.000, 0.454
815.000, 0.469	815.000, 0.470	815.000, 0.470	815.000, 0.449	815.000, 0.457	815.000, 0.455
816.000, 0.469	816.000, 0.471	816.000, 0.470	816.000, 0.450	816.000, 0.457	816.000, 0.455
817.000, 0.470	817.000, 0.472	817.000, 0.472	817.000, 0.451	817.000, 0.458	817.000, 0.456
818.000, 0.471	818.000, 0.473	818.000, 0.472	818.000, 0.451	818.000, 0.459	818.000, 0.456
819.000, 0.471	819.000, 0.473	819.000, 0.472	819.000, 0.451	819.000, 0.459	819.000, 0.456
820.000, 0.472	820.000, 0.474	820.000, 0.473	820.000, 0.451	820.000, 0.460	820.000, 0.457
821.000, 0.472	821.000, 0.474	821.000, 0.473	821.000, 0.451	821.000, 0.460	821.000, 0.457
822.000, 0.472	822.000, 0.474	822.000, 0.473	822.000, 0.451	822.000, 0.459	822.000, 0.456
823.000, 0.473	823.000, 0.475	823.000, 0.474	823.000, 0.452	823.000, 0.461	823.000, 0.458
824.000, 0.475	824.000, 0.476	824.000, 0.475	824.000, 0.453	824.000, 0.462	824.000, 0.459
825.000, 0.475	825.000, 0.476	825.000, 0.475	825.000, 0.453	825.000, 0.462	825.000, 0.459
826.000, 0.475	826.000, 0.477	826.000, 0.476	826.000, 0.453	826.000, 0.462	826.000, 0.459
827.000, 0.476	827.000, 0.478	827.000, 0.476	827.000, 0.454	827.000, 0.463	827.000, 0.460
828.000, 0.476	828.000, 0.478	828.000, 0.478	828.000, 0.455	828.000, 0.463	828.000, 0.461
829.000, 0.476	829.000, 0.478	829.000, 0.478	829.000, 0.455	829.000, 0.463	829.000, 0.461
830.000, 0.475	830.000, 0.478	830.000, 0.478	830.000, 0.454	830.000, 0.463	830.000, 0.460
831.000, 0.477	831.000, 0.479	831.000, 0.478	831.000, 0.455	831.000, 0.464	831.000, 0.461
832.000, 0.478	832.000, 0.480	832.000, 0.479	832.000, 0.456	832.000, 0.465	832.000, 0.462
833.000, 0.480	833.000, 0.481	833.000, 0.480	833.000, 0.457	833.000, 0.466	833.000, 0.463
834.000, 0.480	834.000, 0.482	834.000, 0.481	834.000, 0.457	834.000, 0.467	834.000, 0.463
835.000, 0.481	835.000, 0.483	835.000, 0.481	835.000, 0.458	835.000, 0.467	835.000, 0.464
836.000, 0.481	836.000, 0.483	836.000, 0.481	836.000, 0.458	836.000, 0.467	836.000, 0.464
837.000, 0.482	837.000, 0.483	837.000, 0.482	837.000, 0.458	837.000, 0.468	837.000, 0.465
838.000, 0.482	838.000, 0.484	838.000, 0.484	838.000, 0.459	838.000, 0.469	838.000, 0.465
839.000, 0.483	839.000, 0.484	839.000, 0.484	839.000, 0.460	839.000, 0.469	839.000, 0.465
840.000, 0.483	840.000, 0.484	840.000, 0.484	840.000, 0.460	840.000, 0.468	840.000, 0.464
841.000, 0.483	841.000, 0.484	841.000, 0.483	841.000, 0.460	841.000, 0.467	841.000, 0.465
842.000, 0.484	842.000, 0.485	842.000, 0.484	842.000, 0.461	842.000, 0.468	842.000, 0.466
843.000, 0.485	843.000, 0.486	843.000, 0.485	843.000, 0.462	843.000, 0.470	843.000, 0.467
844.000, 0.486	844.000, 0.487	844.000, 0.486	844.000, 0.462	844.000, 0.471	844.000, 0.468
845.000, 0.486	845.000, 0.487	845.000, 0.487	845.000, 0.463	845.000, 0.472	845.000, 0.469
846.000, 0.486	846.000, 0.487	846.000, 0.487	846.000, 0.463	846.000, 0.471	846.000, 0.469
847.000, 0.486	847.000, 0.488	847.000, 0.488	847.000, 0.463	847.000, 0.471	847.000, 0.468
848.000, 0.487	848.000, 0.488	848.000, 0.488	848.000, 0.463	848.000, 0.471	848.000, 0.468
849.000, 0.488	849.000, 0.489	849.000, 0.489	849.000, 0.463	849.000, 0.471	849.000, 0.469
850.000, 0.488	850.000, 0.489	850.000, 0.489	850.000, 0.463	850.000, 0.471	850.000, 0.470
851.000, 0.488	851.000, 0.490	851.000, 0.489	851.000, 0.464	851.000, 0.472	851.000, 0.470
852.000, 0.489	852.000, 0.490	852.000, 0.490	852.000, 0.464	852.000, 0.474	852.000, 0.470
853.000, 0.490	853.000, 0.491	853.000, 0.490	853.000, 0.465	853.000, 0.475	853.000, 0.471
854.000, 0.490	854.000, 0.492	854.000, 0.490	854.000, 0.465	854.000, 0.475	854.000, 0.472
855.000, 0.492	855.000, 0.493	855.000, 0.492	855.000, 0.466	855.000, 0.475	855.000, 0.472
856.000, 0.492	856.000, 0.494	856.000, 0.492	856.000, 0.467	856.000, 0.475	856.000, 0.472
857.000, 0.492	857.000, 0.494	857.000, 0.493	857.000, 0.467	857.000, 0.475	857.000, 0.472
858.000, 0.492	858.000, 0.494	858.000, 0.492	858.000, 0.467	858.000, 0.475	858.000, 0.473
859.000, 0.493	859.000, 0.495	859.000, 0.493	859.000, 0.467	859.000, 0.475	859.000, 0.474
860.000, 0.494	860.000, 0.495	860.000, 0.494	860.000, 0.469	860.000, 0.475	860.000, 0.474
861.000, 0.493	861.000, 0.496	861.000, 0.495	861.000, 0.469	861.000, 0.476	861.000, 0.473
862.000, 0.493	862.000, 0.497	862.000, 0.495	862.000, 0.468	862.000, 0.476	862.000, 0.474
863.000, 0.494	863.000, 0.497	863.000, 0.496	863.000, 0.469	863.000, 0.478	863.000, 0.475
864.000, 0.495	864.000, 0.497	864.000, 0.496	864.000, 0.469	864.000, 0.478	864.000, 0.476
865.000, 0.496	865.000, 0.497	865.000, 0.496	865.000, 0.470	865.000, 0.479	865.000, 0.476
866.000, 0.497	866.000, 0.499	866.000, 0.496	866.000, 0.471	866.000, 0.481	866.000, 0.477
867.000, 0.498	867.000, 0.500	867.000, 0.497	867.000, 0.471	867.000, 0.481	867.000, 0.478
868.000, 0.498	868.000, 0.501	868.000, 0.499	868.000, 0.471	868.000, 0.480	868.000, 0.477
869.000, 0.498	869.000, 0.501	869.000, 0.499	869.000, 0.471	869.000, 0.480	869.000, 0.478
870.000, 0.499	870.000, 0.500	870.000, 0.499	870.000, 0.472	870.000, 0.480	870.000, 0.479
871.000, 0.499	871.000, 0.501	871.000, 0.499	871.000, 0.472	871.000, 0.480	871.000, 0.480
872.000, 0.500	872.000, 0.502	872.000, 0.500	872.000, 0.473	872.000, 0.482	872.000, 0.479
873.000, 0.501	873.000, 0.503	873.000, 0.501	873.000, 0.474	873.000, 0.483	873.000, 0.479
874.000, 0.501	874.000, 0.503	874.000, 0.501	874.000, 0.474	874.000, 0.482	874.000, 0.480
875.000, 0.501	875.000, 0.503	875.000, 0.502	875.000, 0.474	875.000, 0.483	875.000, 0.480
876.000, 0.501	876.000, 0.503	876.000, 0.502	876.000, 0.474	876.000, 0.483	876.000, 0.480
877.000, 0.502	877.000, 0.505	877.000, 0.503	877.000, 0.474	877.000, 0.483	877.000, 0.482
878.000, 0.502	878.000, 0.505	878.000, 0.504	878.000, 0.475	878.000, 0.484	878.000, 0.482
879.000, 0.503	879.000, 0.505	879.000, 0.504	879.000, 0.475	879.000, 0.485	879.000, 0.481
880.000, 0.504	880.000, 0.505	880.000, 0.505	880.000, 0.475	880.000, 0.485	880.000, 0.483
881.000, 0.505	881.000, 0.506	881.000, 0.506	881.000, 0.475	881.000, 0.485	881.000, 0.485
882.000, 0.505	882.000, 0.508	882.000, 0.505	882.000, 0.476	882.000, 0.486	882.000, 0.484
883.000, 0.506	883.000, 0.508	883.000, 0.506	883.000, 0.477	883.000, 0.486	883.000, 0.484
884.000, 0.507	884.000, 0.508	884.000, 0.507	884.000, 0.478	884.000, 0.486	884.000, 0.484
885.000, 0.505	885.000, 0.508	885.000, 0.507	885.000, 0.478	885.000, 0.486	885.000, 0.483
886.000, 0.506	886.000, 0.508	886.000, 0.508	886.000, 0.478	886.000, 0.487	886.000, 0.484
887.000, 0.508	887.000, 0.509	887.000, 0.509	887.000, 0.480	887.000, 0.488	887.000, 0.486
888.000, 0.509	888.000, 0.509	888.000, 0.508	888.000, 0.479	888.000, 0.488	888.000, 0.486
889.000, 0.509	889.000, 0.509	889.000, 0.508	889.000, 0.479	889.000, 0.488	889.000, 0.487
890.000, 0.508	890.000, 0.510	890.000, 0.509	890.000, 0.479	890.000, 0.488	890.000, 0.488
891.000, 0.508	891.000, 0.510	891.000, 0.509	891.000, 0.480	891.000, 0.488	891.000, 0.486
892.000, 0.509	892.000, 0.510	892.000, 0.510	892.000, 0.481	892.000, 0.488	892.000, 0.485
893.000, 0.513	893.000, 0.513	893.000, 0.511	893.000, 0.482	893.000, 0.490	893.000, 0.488
894.000, 0.513	894.000, 0.513	894.000, 0.511	894.000, 0.483	894.000, 0.491	894.000, 0.490
895.000, 0.512	895.000, 0.512	895.000, 0.510	895.000, 0.483	895.000, 0.490	895.000, 0.489
896.000, 0.512	896.000, 0.514	896.000, 0.511	896.000, 0.483	896.000, 0.490	896.000, 0.488
897.000, 0.512	897.000, 0.516	897.000, 0.513	897.000, 0.484	897.000, 0.491	897.000, 0.489
898.000, 0.513	898.000, 0.516	898.000, 0.515	898.000, 0.483	898.000, 0.492	898.000, 0.490
899.000, 0.514	899.000, 0.515	899.000, 0.514	899.000, 0.484	899.000, 0.493	899.000, 0.491
900.000, 0.515	900.000, 0.514	900.000, 0.514	900.000, 0.485	900.000, 0.494	900.000, 0.491
901.000, 0.514	901.000, 0.514	901.000, 0.515	901.000, 0.483	901.000, 0.494	901.000, 0.491
902.000, 0.516	902.000, 0.517	902.000, 0.516	902.000, 0.484	902.000, 0.496	902.000, 0.492
903.000, 0.517	903.000, 0.521	903.000, 0.517	903.000, 0.487	903.000, 0.497	903.000, 0.493
904.000, 0.518	904.000, 0.521	904.000, 0.520	904.000, 0.490	904.000, 0.495	904.000, 0.495
905.000, 0.518	905.000, 0.520	905.000, 0.520	905.000, 0.490	905.000, 0.495	905.000, 0.495
906.000, 0.517	906.000, 0.519	906.000, 0.518	906.000, 0.488	906.000, 0.496	906.000, 0.493
907.000, 0.516	907.000, 0.518	907.000, 0.517	907.000, 0.484	907.000, 0.494	907.000, 0.492
908.000, 0.515	908.000, 0.518	908.000, 0.517	908.000, 0.484	908.000, 0.493	908.000, 0.493
909.000, 0.518	909.000, 0.521	909.000, 0.517	909.000, 0.487	909.000, 0.496	909.000, 0.495
910.000, 0.520	910.000, 0.524	910.000, 0.519	910.000, 0.488	910.000, 0.498	910.000, 0.497
911.000, 0.523	911.000, 0.526	911.000, 0.521	911.000, 0.488	911.000, 0.500	911.000, 0.497
912.000, 0.525	912.000, 0.526	912.000, 0.520	912.000, 0.489	912.000, 0.501	912.000, 0.498
913.000, 0.525	913.000, 0.524	913.000, 0.520	913.000, 0.489	913.000, 0.500	913.000, 0.498
914.000, 0.523	914.000, 0.523	914.000, 0.520	914.000, 0.488	914.000, 0.498	914.000, 0.497
915.000, 0.521	915.000, 0.525	915.000, 0.522	915.000, 0.490	915.000, 0.500	915.000, 0.497
916.000, 0.522	916.000, 0.527	916.000, 0.523	916.000, 0.493	916.000, 0.501	916.000, 0.499
917.000, 0.526	917.000, 0.527	917.000, 0.523	917.000, 0.495	917.000, 0.502	917.000, 0.500
918.000, 0.526	918.000, 0.525	918.000, 0.526	918.000, 0.492	918.000, 0.502	918.000, 0.500
919.000, 0.524	919.000, 0.525	919.000, 0.527	919.000, 0.490	919.000, 0.502	919.000, 0.500
920.000, 0.523	920.000, 0.527	920.000, 0.525	920.000, 0.492	920.000, 0.503	920.000, 0.501
921.000, 0.525	921.000, 0.528	921.000, 0.524	921.000, 0.492	921.000, 0.501	921.000, 0.498
922.000, 0.528	922.000, 0.528	922.000, 0.524	922.000, 0.492	922.000, 0.500	922.000, 0.495
923.000, 0.529	923.000, 0.530	923.000, 0.525	923.000, 0.493	923.000, 0.503	923.000, 0.500
924.000, 0.530	924.000, 0.530	924.000, 0.527	924.000, 0.495	924.000, 0.504	924.000, 0.501
925.000, 0.530	925.000, 0.528	925.000, 0.528	925.000, 0.494	925.000, 0.503	925.000, 0.499
926.000, 0.527	926.000, 0.527	926.000, 0.527	926.000, 0.492	926.000, 0.502	926.000, 0.500
927.000, 0.526	927.000, 0.529	927.000, 0.526	927.000, 0.493	927.000, 0.502	927.000, 0.502
928.000, 0.527	928.000, 0.532	928.000, 0.528	928.000, 0.496	928.000, 0.502	928.000, 0.504
929.000, 0.526	929.000, 0.529	929.000, 0.525	929.000, 0.496	929.000, 0.501	929.000, 0.501
930.000, 0.526	930.000, 0.526	930.000, 0.523	930.000, 0.496	930.000, 0.501	930.000, 0.498
931.000, 0.529	931.000, 0.529	931.000, 0.528	931.000, 0.498	931.000, 0.503	931.000, 0.498
932.000, 0.531	932.000, 0.533	932.000, 0.534	932.000, 0.500	932.000, 0.506	932.000, 0.501
933.000, 0.531	933.000, 0.536	933.000, 0.538	933.000, 0.499	933.000, 0.507	933.000, 0.505
934.000, 0.525	934.000, 0.534	934.000, 0.535	934.000, 0.494	934.000, 0.501	934.000, 0.501
935.000, 0.526	935.000, 0.530	935.000, 0.533	935.000, 0.492	935.000, 0.501	935.000, 0.501
936.000, 0.535	936.000, 0.527	936.000, 0.534	936.000, 0.496	936.000, 0.508	936.000, 0.503
937.000, 0.532	937.000, 0.529	937.000, 0.529	937.000, 0.497	937.000, 0.501	937.000, 0.498
938.000, 0.529	938.000, 0.534	938.000, 0.527	938.000, 0.498	938.000, 0.499	938.000, 0.499
939.000, 0.536	939.000, 0.537	939.000, 0.533	939.000, 0.499	939.000, 0.511	939.000, 0.511
940.000, 0.540	940.000, 0.540	940.000, 0.544	940.000, 0.501	940.000, 0.514	940.000, 0.513
941.000, 0.542	941.000, 0.542	941.000, 0.549	941.000, 0.503	941.000, 0.511	941.000, 0.509
942.000, 0.541	942.000, 0.548	942.000, 0.541	942.000, 0.504	942.000, 0.515	942.000, 0.510
943.000, 0.538	943.000, 0.548	943.000, 0.535	943.000, 0.506	943.000, 0.516	943.000, 0.509
944.000, 0.534	944.000, 0.542	944.000, 0.534	944.000, 0.506	944.000, 0.511	944.000, 0.508
945.000, 0.527	945.000, 0.534	945.000, 0.531	945.000, 0.497	945.000, 0.499	945.000, 0.506
946.000, 0.526	946.000, 0.533	946.000, 0.531	946.000, 0.493	946.000, 0.497	946.000, 0.507
947.000, 0.534	947.000, 0.539	947.000, 0.536	947.000, 0.497	947.000, 0.508	947.000, 0.512
948.000, 0.538	948.000, 0.538	948.000, 0.537	948.000, 0.500	948.000, 0.514	948.000, 0.509
949.000, 0.541	949.000, 0.536	949.000, 0.537	949.000, 0.504	949.000, 0.514	949.000, 0.505
950.000, 0.542	950.000, 0.542	950.000, 0.537	950.000, 0.509	950.000, 0.508	950.000, 0.506
951.000, 0.539	951.000, 0.546	951.000, 0.537	951.000, 0.507	951.000, 0.507	951.000, 0.509
952.000, 0.535	952.000, 0.546	952.000, 0.538	952.000, 0.502	952.000, 0.509	952.000, 0.512
953.000, 0.533	953.000, 0.542	953.000, 0.543	953.000, 0.505	953.000, 0.514	953.000, 0.517
954.000, 0.537	954.000, 0.537	954.000, 0.543	954.000, 0.504	954.000, 0.514	954.000, 0.513
955.000, 0.543	955.000, 0.533	955.000, 0.536	955.000, 0.497	955.000, 0.510	955.000, 0.504
956.000, 0.537	956.000, 0.534	956.000, 0.532	956.000, 0.496	956.000, 0.509	956.000, 0.508
957.000, 0.536	957.000, 0.540	957.000, 0.537	957.000, 0.500	957.000, 0.510	957.000, 0.513
958.000, 0.546	958.000, 0.550	958.000, 0.553	958.000, 0.508	958.000, 0.515	958.000, 0.514
959.000, 0.545	959.000, 0.553	959.000, 0.554	959.000, 0.512	959.000, 0.520	959.000, 0.513
960.000, 0.542	960.000, 0.552	960.000, 0.548	960.000, 0.511	960.000, 0.524	960.000, 0.515
961.000, 0.550	961.000, 0.549	961.000, 0.545	961.000, 0.510	961.000, 0.522	961.000, 0.520
962.000, 0.551	962.000, 0.548	962.000, 0.546	962.000, 0.509	962.000, 0.519	962.000, 0.523
963.000, 0.546	963.000, 0.548	963.000, 0.549	963.000, 0.509	963.000, 0.518	963.000, 0.522
964.000, 0.543	964.000, 0.547	964.000, 0.546	964.000, 0.510	964.000, 0.520	964.000, 0.517
965.000, 0.542	965.000, 0.547	965.000, 0.544	965.000, 0.510	965.000, 0.520	965.000, 0.513
966.000, 0.541	966.000, 0.548	966.000, 0.546	966.000, 0.508	966.000, 0.516	966.000, 0.511
967.000, 0.542	967.000, 0.543	967.000, 0.541	967.000, 0.506	967.000, 0.515	967.000, 0.512
968.000, 0.543	968.000, 0.541	968.000, 0.539	968.000, 0.508	968.000, 0.516	968.000, 0.512
969.000, 0.545	969.000, 0.551	969.000, 0.546	969.000, 0.515	969.000, 0.520	969.000, 0.513
970.000, 0.554	970.000, 0.559	970.000, 0.555	970.000, 0.519	970.000, 0.522	970.000, 0.521
971.000, 0.562	971.000, 0.560	971.000, 0.558	971.000, 0.518	971.000, 0.522	971.000, 0.528
972.000, 0.553	972.000, 0.551	972.000, 0.549	972.000, 0.508	972.000, 0.520	972.000, 0.519
973.000, 0.544	973.000, 0.544	973.000, 0.542	973.000, 0.504	973.000, 0.515	973.000, 0.512
974.000, 0.542	974.000, 0.545	974.000, 0.541	974.000, 0.508	974.000, 0.510	974.000, 0.510
975.000, 0.543	975.000, 0.549	975.000, 0.539	975.000, 0.512	975.000, 0.518	975.000, 0.508
976.000, 0.546	976.000, 0.554	976.000, 0.542	976.000, 0.513	976.000, 0.525	976.000, 0.512
977.000, 0.550	977.000, 0.556	977.000, 0.550	977.000, 0.511	977.000, 0.524	977.000, 0.521
978.000, 0.551	978.000, 0.558	978.000, 0.550	978.000, 0.510	978.000, 0.523	978.000, 0.521
979.000, 0.553	979.000, 0.559	979.000, 0.549	979.000, 0.512	979.000, 0.525	979.000, 0.520
980.000, 0.555	980.000, 0.561	980.000, 0.560	980.000, 0.518	980.000, 0.531	980.000, 0.526
981.000, 0.555	981.000, 0.562	981.000, 0.566	981.000, 0.520	981.000, 0.531	981.000, 0.530
982.000, 0.552	982.000, 0.561	982.000, 0.563	982.000, 0.517	982.000, 0.526	982.000, 0.530
983.000, 0.543	983.000, 0.554	983.000, 0.554	983.000, 0.509	983.000, 0.519	983.000, 0.521
984.000, 0.542	984.000, 0.548	984.000, 0.548	984.000, 0.506	984.000, 0.518	984.000, 0.516
985.000, 0.549	985.000, 0.546	985.000, 0.547	985.000, 0.510	985.000, 0.523	985.000, 0.518
986.000, 0.553	986.000, 0.553	986.000, 0.548	986.000, 0.512	986.000, 0.522	986.000, 0.522
987.000, 0.553	987.000, 0.559	987.000, 0.550	987.000, 0.513	987.000, 0.520	987.000, 0.525
988.000, 0.549	988.000, 0.557	988.000, 0.556	988.000, 0.515	988.000, 0.521	988.000, 0.526
989.000, 0.551	989.000, 0.560	989.000, 0.554	989.000, 0.521	989.000, 0.525	989.000, 0.527
990.000, 0.554	990.000, 0.563	990.000, 0.548	990.000, 0.526	990.000, 0.528	990.000, 0.526
991.000, 0.547	991.000, 0.553	991.000, 0.545	991.000, 0.518	991.000, 0.521	991.000, 0.515
992.000, 0.547	992.000, 0.546	992.000, 0.546	992.000, 0.511	992.000, 0.518	992.000, 0.512
993.000, 0.554	993.000, 0.547	993.000, 0.550	993.000, 0.510	993.000, 0.523	993.000, 0.519
994.000, 0.558	994.000, 0.556	994.000, 0.551	994.000, 0.518	994.000, 0.536	994.000, 0.528
995.000, 0.557	995.000, 0.560	995.000, 0.551	995.000, 0.521	995.000, 0.536	995.000, 0.530
996.000, 0.552	996.000, 0.552	996.000, 0.551	996.000, 0.513	996.000, 0.518	996.000, 0.524
997.000, 0.555	997.000, 0.553	997.000, 0.548	997.000, 0.512	997.000, 0.521	997.000, 0.527
998.000, 0.560	998.000, 0.558	998.000, 0.545	998.000, 0.516	998.000, 0.532	998.000, 0.530
999.000, 0.558	999.000, 0.559	999.000, 0.543	999.000, 0.518	999.000, 0.529	999.000, 0.523
1000.000, 0.556	1000.000, 0.564	1000.000, 0.551	1000.000, 0.522	1000.000, 0.530	1000.000, 0.525
1001.000, 0.556	1001.000, 0.572	1001.000, 0.563	1001.000, 0.525	1001.000, 0.533	1001.000, 0.534
1002.000, 0.562	1002.000, 0.573	1002.000, 0.564	1002.000, 0.523	1002.000, 0.530	1002.000, 0.538
1003.000, 0.562	1003.000, 0.568	1003.000, 0.558	1003.000, 0.516	1003.000, 0.522	1003.000, 0.534
1004.000, 0.555	1004.000, 0.559	1004.000, 0.550	1004.000, 0.507	1004.000, 0.512	1004.000, 0.524
1005.000, 0.556	1005.000, 0.553	1005.000, 0.547	1005.000, 0.506	1005.000, 0.514	1005.000, 0.515
1006.000, 0.563	1006.000, 0.557	1006.000, 0.552	1006.000, 0.511	1006.000, 0.524	1006.000, 0.518
1007.000, 0.574	1007.000, 0.575	1007.000, 0.566	1007.000, 0.521	1007.000, 0.538	1007.000, 0.536
1008.000, 0.575	1008.000, 0.575	1008.000, 0.564	1008.000, 0.520	1008.000, 0.537	1008.000, 0.540
1009.000, 0.568	1009.000, 0.565	1009.000, 0.554	1009.000, 0.513	1009.000, 0.527	1009.000, 0.532
1010.000, 0.554	1010.000, 0.569	1010.000, 0.552	1010.000, 0.511	1010.000, 0.522	1010.000, 0.521
1011.000, 0.552	1011.000, 0.565	1011.000, 0.555	1011.000, 0.518	1011.000, 0.517	1011.000, 0.521
1012.000, 0.561	1012.000, 0.553	1012.000, 0.559	1012.000, 0.530	1012.000, 0.514	1012.000, 0.530
1013.000, 0.546	1013.000, 0.556	1013.000, 0.543	1013.000, 0.522	1013.000, 0.516	1013.000, 0.529
1014.000, 0.541	1014.000, 0.563	1014.000, 0.544	1014.000, 0.515	1014.000, 0.519	1014.000, 0.528
1015.000, 0.560	1015.000, 0.568	1015.000, 0.573	1015.000, 0.519	1015.000, 0.524	1015.000, 0.530
1016.000, 0.563	1016.000, 0.565	1016.000, 0.571	1016.000, 0.525	1016.000, 0.528	1016.000, 0.529
1017.000, 0.557	1017.000, 0.558	1017.000, 0.552	1017.000, 0.527	1017.000, 0.527	1017.000, 0.526
1018.000, 0.552	1018.000, 0.553	1018.000, 0.544	1018.000, 0.518	1018.000, 0.520	1018.000, 0.521
1019.000, 0.556	1019.000, 0.562	1019.000, 0.551	1019.000, 0.516	1019.000, 0.521	1019.000, 0.527
1020.000, 0.565	1020.000, 0.574	1020.000, 0.563	1020.000, 0.520	1020.000, 0.527	1020.000, 0.536
1021.000, 0.562	1021.000, 0.561	1021.000, 0.555	1021.000, 0.528	1021.000, 0.525	1021.000, 0.526
1022.000, 0.563	1022.000, 0.561	1022.000, 0.551	1022.000, 0.530	1022.000, 0.526	1022.000, 0.523
1023.000, 0.571	1023.000, 0.580	1023.000, 0.556	1023.000, 0.524	1023.000, 0.529	1023.000, 0.535
1024.000, 0.578	1024.000, 0.575	1024.000, 0.555	1024.000, 0.526	1024.000, 0.529	1024.000, 0.534
1025.000, 0.578	1025.000, 0.572	1025.000, 0.559	1025.000, 0.528	1025.000, 0.530	1025.000, 0.531
1026.000, 0.570	1026.000, 0.588	1026.000, 0.573	1026.000, 0.527	1026.000, 0.534	1026.000, 0.531
1027.000, 0.563	1027.000, 0.580	1027.000, 0.564	1027.000, 0.529	1027.000, 0.524	1027.000, 0.531
1028.000, 0.559	1028.000, 0.559	1028.000, 0.545	1028.000, 0.522	1028.000, 0.511	1028.000, 0.525
1029.000, 0.559	1029.000, 0.545	1029.000, 0.545	1029.000, 0.487	1029.000, 0.513	1029.000, 0.505
1030.000, 0.572	1030.000, 0.560	1030.000, 0.558	1030.000, 0.492	1030.000, 0.526	1030.000, 0.523
1031.000, 0.590	1031.000, 0.592	1031.000, 0.575	1031.000, 0.537	1031.000, 0.544	1031.000, 0.568
1032.000, 0.573	1032.000, 0.590	1032.000, 0.578	1032.000, 0.552	1032.000, 0.544	1032.000, 0.556
1033.000, 0.549	1033.000, 0.578	1033.000, 0.572	1033.000, 0.550	1033.000, 0.532	1033.000, 0.533
1034.000, 0.538	1034.000, 0.568	1034.000, 0.565	1034.000, 0.539	1034.000, 0.518	1034.000, 0.523
1035.000, 0.551	1035.000, 0.552	1035.000, 0.565	1035.000, 0.533	1035.000, 0.525	1035.000, 0.522
1036.000, 0.574	1036.000, 0.545	1036.000, 0.565	1036.000, 0.528	1036.000, 0.536	1036.000, 0.528
1037.000, 0.589	1037.000, 0.564	1037.000, 0.560	1037.000, 0.523	1037.000, 0.528	1037.000, 0.539
1038.000, 0.587	1038.000, 0.575	1038.000, 0.552	1038.000, 0.519	1038.000, 0.525	1038.000, 0.544
1039.000, 0.576	1039.000, 0.575	1039.000, 0.550	1039.000, 0.520	1039.000, 0.530	1039.000, 0.543
1040.000, 0.577	1040.000, 0.575	1040.000, 0.582	1040.000, 0.539	1040.000, 0.538	1040.000, 0.539
1041.000, 0.580	1041.000, 0.573	1041.000, 0.589	1041.000, 0.534	1041.000, 0.540	1041.000, 0.536
1042.000, 0.580	1042.000, 0.572	1042.000, 0.561	1042.000, 0.502	1042.000, 0.536	1042.000, 0.536
1043.000, 0.575	1043.000, 0.574	1043.000, 0.542	1043.000, 0.498	1043.000, 0.543	1043.000, 0.550
1044.000, 0.567	1044.000, 0.576	1044.000, 0.549	1044.000, 0.506	1044.000, 0.542	1044.000, 0.566
1045.000, 0.561	1045.000, 0.577	1045.000, 0.587	1045.000, 0.514	1045.000, 0.523	1045.000, 0.570
1046.000, 0.571	1046.000, 0.578	1046.000, 0.578	1046.000, 0.522	1046.000, 0.508	1046.000, 0.567
1047.000, 0.583	1047.000, 0.575	1047.000, 0.548	1047.000, 0.529	1047.000, 0.504	1047.000, 0.561
1048.000, 0.568	1048.000, 0.567	1048.000, 0.555	1048.000, 0.529	1048.000, 0.520	1048.000, 0.555
1049.000, 0.555	1049.000, 0.555	1049.000, 0.562	1049.000, 0.532	1049.000, 0.530	1049.000, 0.554
1050.000, 0.556	1050.000, 0.547	1050.000, 0.565	1050.000, 0.536	1050.000, 0.532	1050.000, 0.554
1051.000, 0.588	1051.000, 0.587	1051.000, 0.581	1051.000, 0.525	1051.000, 0.553	1051.000, 0.541
1052.000, 0.604	1052.000, 0.600	1052.000, 0.580	1052.000, 0.520	1052.000, 0.549	1052.000, 0.539
1053.000, 0.584	1053.000, 0.560	1053.000, 0.555	1053.000, 0.529	1053.000, 0.512	1053.000, 0.558
1054.000, 0.571	1054.000, 0.544	1054.000, 0.572	1054.000, 0.539	1054.000, 0.532	1054.000, 0.569
1055.000, 0.564	1055.000, 0.548	1055.000, 0.593	1055.000, 0.538	1055.000, 0.565	1055.000, 0.568
1056.000, 0.561	1056.000, 0.560	1056.000, 0.578	1056.000, 0.522	1056.000, 0.555	1056.000, 0.553
1057.000, 0.550	1057.000, 0.553	1057.000, 0.588	1057.000, 0.501	1057.000, 0.543	1057.000, 0.525
1058.000, 0.540	1058.000, 0.537	1058.000, 0.610	1058.000, 0.487	1058.000, 0.535	1058.000, 0.502
1059.000, 0.561	1059.000, 0.553	1059.000, 0.577	1059.000, 0.510	1059.000, 0.543	1059.000, 0.537
1060.000, 0.575	1060.000, 0.565	1060.000, 0.558	1060.000, 0.528	1060.000, 0.537	1060.000, 0.559
1061.000, 0.576	1061.000, 0.566	1061.000, 0.569	1061.000, 0.529	1061.000, 0.519	1061.000, 0.552
1062.000, 0.595	1062.000, 0.569	1062.000, 0.594	1062.000, 0.530	1062.000, 0.535	1062.000, 0.562
1063.000, 0.598	1063.000, 0.561	1063.000, 0.603	1063.000, 0.531	1063.000, 0.555	1063.000, 0.565
1064.000, 0.560	1064.000, 0.538	1064.000, 0.576	1064.000, 0.528	1064.000, 0.549	1064.000, 0.544
1065.000, 0.533	1065.000, 0.528	1065.000, 0.539	1065.000, 0.491	1065.000, 0.525	1065.000, 0.497
1066.000, 0.529	1066.000, 0.529	1066.000, 0.511	1066.000, 0.458	1066.000, 0.508	1066.000, 0.467
1067.000, 0.570	1067.000, 0.534	1067.000, 0.523	1067.000, 0.500	1067.000, 0.544	1067.000, 0.533
1068.000, 0.583	1068.000, 0.553	1068.000, 0.521	1068.000, 0.513	1068.000, 0.525	1068.000, 0.557
1069.000, 0.558	1069.000, 0.576	1069.000, 0.510	1069.000, 0.486	1069.000, 0.466	1069.000, 0.522
1070.000, 0.536	1070.000, 0.597	1070.000, 0.562	1070.000, 0.489	1070.000, 0.473	1070.000, 0.510
1071.000, 0.542	1071.000, 0.594	1071.000, 0.579	1071.000, 0.510	1071.000, 0.486	1071.000, 0.516
1072.000, 0.579	1072.000, 0.569	1072.000, 0.530	1072.000, 0.536	1072.000, 0.484	1072.000, 0.541
1073.000, 0.596	1073.000, 0.583	1073.000, 0.526	1073.000, 0.516	1073.000, 0.498	1073.000, 0.598
1074.000, 0.574	1074.000, 0.598	1074.000, 0.523	1074.000, 0.471	1074.000, 0.499	1074.000, 0.607
1075.000, 0.503	1075.000, 0.568	1075.000, 0.471	1075.000, 0.433	1075.000, 0.458	1075.000, 0.480
