325.000, 0.031	325.000, 0.026	325.000, 0.032	325.000, 0.058	325.000, 0.039	325.000, 0.036
326.000, 0.031	326.000, 0.027	326.000, 0.027	326.000, 0.057	326.000, 0.043	326.000, 0.039
327.000, 0.026	327.000, 0.026	327.000, 0.020	327.000, 0.053	327.000, 0.041	327.000, 0.041
328.000, 0.023	328.000, 0.026	328.000, 0.018	328.000, 0.051	328.000, 0.034	328.000, 0.038
329.000, 0.021	329.000, 0.021	329.000, 0.021	329.000, 0.049	329.000, 0.029	329.000, 0.034
330.000, 0.020	330.000, 0.014	330.000, 0.025	330.000, 0.049	330.000, 0.028	330.000, 0.030
331.000, 0.023	331.000, 0.020	331.000, 0.028	331.000, 0.055	331.000, 0.033	331.000, 0.034
332.000, 0.027	332.000, 0.025	332.000, 0.029	332.000, 0.058	332.000, 0.038	332.000, 0.039
333.000, 0.028	333.000, 0.025	333.000, 0.028	333.000, 0.056	333.000, 0.039	333.000, 0.041
334.000, 0.025	334.000, 0.023	334.000, 0.028	334.000, 0.056	334.000, 0.038	334.000, 0.037
335.000, 0.020	335.000, 0.021	335.000, 0.027	335.000, 0.054	335.000, 0.035	335.000, 0.033
336.000, 0.016	336.000, 0.023	336.000, 0.024	336.000, 0.048	336.000, 0.032	336.000, 0.032
337.000, 0.020	337.000, 0.029	337.000, 0.026	337.000, 0.051	337.000, 0.036	337.000, 0.036
338.000, 0.024	338.000, 0.032	338.000, 0.028	338.000, 0.056	338.000, 0.040	338.000, 0.040
339.000, 0.017	339.000, 0.021	339.000, 0.020	339.000, 0.049	339.000, 0.032	339.000, 0.033
340.000, 0.018	340.000, 0.018	340.000, 0.022	340.000, 0.049	340.000, 0.031	340.000, 0.035
341.000, 0.027	341.000, 0.025	341.000, 0.030	341.000, 0.057	341.000, 0.037	341.000, 0.045
342.000, 0.022	342.000, 0.025	342.000, 0.027	342.000, 0.056	342.000, 0.039	342.000, 0.039
343.000, 0.018	343.000, 0.026	343.000, 0.025	343.000, 0.052	343.000, 0.038	343.000, 0.035
344.000, 0.021	344.000, 0.029	344.000, 0.027	344.000, 0.049	344.000, 0.035	344.000, 0.037
345.000, 0.023	345.000, 0.026	345.000, 0.026	345.000, 0.048	345.000, 0.035	345.000, 0.037
346.000, 0.023	346.000, 0.022	346.000, 0.024	346.000, 0.048	346.000, 0.036	346.000, 0.037
347.000, 0.023	347.000, 0.025	347.000, 0.025	347.000, 0.050	347.000, 0.037	347.000, 0.039
348.000, 0.022	348.000, 0.024	348.000, 0.024	348.000, 0.050	348.000, 0.036	348.000, 0.037
349.000, 0.019	349.000, 0.021	349.000, 0.023	349.000, 0.049	349.000, 0.035	349.000, 0.033
350.000, 0.020	350.000, 0.023	350.000, 0.024	350.000, 0.049	350.000, 0.036	350.000, 0.035
351.000, 0.022	351.000, 0.025	351.000, 0.025	351.000, 0.051	351.000, 0.037	351.000, 0.037
352.000, 0.024	352.000, 0.026	352.000, 0.025	352.000, 0.053	352.000, 0.038	352.000, 0.038
353.000, 0.023	353.000, 0.026	353.000, 0.027	353.000, 0.053	353.000, 0.037	353.000, 0.038
354.000, 0.023	354.000, 0.027	354.000, 0.027	354.000, 0.053	354.000, 0.037	354.000, 0.038
355.000, 0.025	355.000, 0.027	355.000, 0.024	355.000, 0.053	355.000, 0.039	355.000, 0.037
356.000, 0.023	356.000, 0.025	356.000, 0.023	356.000, 0.051	356.000, 0.037	356.000, 0.035
357.000, 0.020	357.000, 0.024	357.000, 0.024	357.000, 0.048	357.000, 0.034	357.000, 0.034
358.000, 0.022	358.000, 0.023	358.000, 0.025	358.000, 0.048	358.000, 0.034	358.000, 0.034
359.000, 0.022	359.000, 0.022	359.000, 0.025	359.000, 0.049	359.000, 0.035	359.000, 0.034
360.000, 0.021	360.000, 0.022	360.000, 0.023	360.000, 0.048	360.000, 0.036	360.000, 0.033
361.000, 0.022	361.000, 0.024	361.000, 0.025	361.000, 0.048	361.000, 0.036	361.000, 0.035
362.000, 0.024	362.000, 0.026	362.000, 0.026	362.000, 0.049	362.000, 0.037	362.000, 0.036
363.000, 0.024	363.000, 0.027	363.000, 0.027	363.000, 0.050	363.000, 0.039	363.000, 0.038
364.000, 0.023	364.000, 0.026	364.000, 0.026	364.000, 0.050	364.000, 0.038	364.000, 0.038
365.000, 0.023	365.000, 0.025	365.000, 0.025	365.000, 0.050	365.000, 0.037	365.000, 0.037
366.000, 0.025	366.000, 0.025	366.000, 0.027	366.000, 0.051	366.000, 0.039	366.000, 0.038
367.000, 0.024	367.000, 0.025	367.000, 0.027	367.000, 0.050	367.000, 0.039	367.000, 0.037
368.000, 0.021	368.000, 0.025	368.000, 0.025	368.000, 0.049	368.000, 0.038	368.000, 0.035
369.000, 0.023	369.000, 0.025	369.000, 0.026	369.000, 0.050	369.000, 0.039	369.000, 0.037
370.000, 0.024	370.000, 0.025	370.000, 0.027	370.000, 0.051	370.000, 0.039	370.000, 0.038
371.000, 0.025	371.000, 0.027	371.000, 0.027	371.000, 0.051	371.000, 0.039	371.000, 0.037
372.000, 0.024	372.000, 0.025	372.000, 0.027	372.000, 0.050	372.000, 0.038	372.000, 0.037
373.000, 0.023	373.000, 0.025	373.000, 0.027	373.000, 0.049	373.000, 0.039	373.000, 0.038
374.000, 0.025	374.000, 0.029	374.000, 0.028	374.000, 0.051	374.000, 0.041	374.000, 0.039
375.000, 0.025	375.000, 0.028	375.000, 0.028	375.000, 0.051	375.000, 0.041	375.000, 0.040
376.000, 0.025	376.000, 0.026	376.000, 0.028	376.000, 0.050	376.000, 0.040	376.000, 0.040
377.000, 0.025	377.000, 0.027	377.000, 0.028	377.000, 0.051	377.000, 0.040	377.000, 0.040
378.000, 0.025	378.000, 0.027	378.000, 0.028	378.000, 0.052	378.000, 0.040	378.000, 0.040
379.000, 0.024	379.000, 0.026	379.000, 0.027	379.000, 0.053	379.000, 0.039	379.000, 0.039
380.000, 0.024	380.000, 0.025	380.000, 0.027	380.000, 0.051	380.000, 0.039	380.000, 0.038
381.000, 0.024	381.000, 0.025	381.000, 0.027	381.000, 0.049	381.000, 0.040	381.000, 0.038
382.000, 0.025	382.000, 0.027	382.000, 0.028	382.000, 0.051	382.000, 0.041	382.000, 0.038
383.000, 0.024	383.000, 0.027	383.000, 0.028	383.000, 0.052	383.000, 0.040	383.000, 0.040
384.000, 0.024	384.000, 0.027	384.000, 0.028	384.000, 0.051	384.000, 0.040	384.000, 0.041
385.000, 0.025	385.000, 0.027	385.000, 0.029	385.000, 0.052	385.000, 0.040	385.000, 0.040
386.000, 0.025	386.000, 0.027	386.000, 0.029	386.000, 0.052	386.000, 0.040	386.000, 0.041
387.000, 0.026	387.000, 0.028	387.000, 0.029	387.000, 0.053	387.000, 0.041	387.000, 0.042
388.000, 0.025	388.000, 0.029	388.000, 0.029	388.000, 0.053	388.000, 0.041	388.000, 0.041
389.000, 0.026	389.000, 0.029	389.000, 0.030	389.000, 0.054	389.000, 0.042	389.000, 0.042
390.000, 0.027	390.000, 0.030	390.000, 0.031	390.000, 0.054	390.000, 0.043	390.000, 0.043
391.000, 0.027	391.000, 0.029	391.000, 0.030	391.000, 0.054	391.000, 0.043	391.000, 0.042
392.000, 0.026	392.000, 0.029	392.000, 0.030	392.000, 0.054	392.000, 0.043	392.000, 0.042
393.000, 0.028	393.000, 0.030	393.000, 0.032	393.000, 0.055	393.000, 0.044	393.000, 0.045
394.000, 0.030	394.000, 0.032	394.000, 0.033	394.000, 0.056	394.000, 0.046	394.000, 0.046
395.000, 0.030	395.000, 0.034	395.000, 0.033	395.000, 0.057	395.000, 0.047	395.000, 0.046
396.000, 0.030	396.000, 0.034	396.000, 0.035	396.000, 0.057	396.000, 0.048	396.000, 0.046
397.000, 0.030	397.000, 0.033	397.000, 0.035	397.000, 0.057	397.000, 0.048	397.000, 0.046
398.000, 0.031	398.000, 0.033	398.000, 0.034	398.000, 0.057	398.000, 0.047	398.000, 0.045
399.000, 0.031	399.000, 0.034	399.000, 0.036	399.000, 0.057	399.000, 0.047	399.000, 0.046
400.000, 0.032	400.000, 0.036	400.000, 0.037	400.000, 0.058	400.000, 0.048	400.000, 0.047
401.000, 0.033	401.000, 0.037	401.000, 0.038	401.000, 0.059	401.000, 0.049	401.000, 0.048
402.000, 0.033	402.000, 0.038	402.000, 0.039	402.000, 0.059	402.000, 0.049	402.000, 0.048
403.000, 0.034	403.000, 0.038	403.000, 0.040	403.000, 0.059	403.000, 0.049	403.000, 0.048
404.000, 0.035	404.000, 0.039	404.000, 0.041	404.000, 0.061	404.000, 0.050	404.000, 0.049
405.000, 0.036	405.000, 0.040	405.000, 0.042	405.000, 0.061	405.000, 0.051	405.000, 0.050
406.000, 0.037	406.000, 0.041	406.000, 0.043	406.000, 0.060	406.000, 0.050	406.000, 0.050
407.000, 0.038	407.000, 0.043	407.000, 0.045	407.000, 0.062	407.000, 0.052	407.000, 0.051
408.000, 0.039	408.000, 0.045	408.000, 0.047	408.000, 0.063	408.000, 0.053	408.000, 0.052
409.000, 0.040	409.000, 0.046	409.000, 0.048	409.000, 0.063	409.000, 0.053	409.000, 0.052
410.000, 0.041	410.000, 0.047	410.000, 0.049	410.000, 0.063	410.000, 0.053	410.000, 0.053
411.000, 0.042	411.000, 0.049	411.000, 0.051	411.000, 0.064	411.000, 0.054	411.000, 0.053
412.000, 0.044	412.000, 0.050	412.000, 0.053	412.000, 0.065	412.000, 0.055	412.000, 0.054
413.000, 0.045	413.000, 0.051	413.000, 0.054	413.000, 0.065	413.000, 0.056	413.000, 0.054
414.000, 0.045	414.000, 0.053	414.000, 0.055	414.000, 0.065	414.000, 0.056	414.000, 0.055
415.000, 0.047	415.000, 0.054	415.000, 0.057	415.000, 0.066	415.000, 0.057	415.000, 0.055
416.000, 0.048	416.000, 0.056	416.000, 0.059	416.000, 0.066	416.000, 0.057	416.000, 0.056
417.000, 0.049	417.000, 0.057	417.000, 0.061	417.000, 0.067	417.000, 0.058	417.000, 0.057
418.000, 0.050	418.000, 0.059	418.000, 0.062	418.000, 0.067	418.000, 0.058	418.000, 0.057
419.000, 0.051	419.000, 0.060	419.000, 0.063	419.000, 0.068	419.000, 0.059	419.000, 0.057
420.000, 0.052	420.000, 0.061	420.000, 0.064	420.000, 0.068	420.000, 0.059	420.000, 0.058
421.000, 0.053	421.000, 0.063	421.000, 0.066	421.000, 0.069	421.000, 0.060	421.000, 0.058
422.000, 0.054	422.000, 0.064	422.000, 0.068	422.000, 0.069	422.000, 0.060	422.000, 0.059
423.000, 0.055	423.000, 0.066	423.000, 0.069	423.000, 0.070	423.000, 0.061	423.000, 0.060
424.000, 0.056	424.000, 0.067	424.000, 0.071	424.000, 0.070	424.000, 0.061	424.000, 0.060
425.000, 0.057	425.000, 0.068	425.000, 0.072	425.000, 0.070	425.000, 0.062	425.000, 0.060
426.000, 0.058	426.000, 0.069	426.000, 0.073	426.000, 0.071	426.000, 0.062	426.000, 0.061
427.000, 0.059	427.000, 0.070	427.000, 0.075	427.000, 0.071	427.000, 0.062	427.000, 0.061
428.000, 0.059	428.000, 0.072	428.000, 0.076	428.000, 0.072	428.000, 0.062	428.000, 0.062
429.000, 0.060	429.000, 0.072	429.000, 0.077	429.000, 0.072	429.000, 0.063	429.000, 0.062
430.000, 0.061	430.000, 0.073	430.000, 0.078	430.000, 0.072	430.000, 0.063	430.000, 0.062
431.000, 0.062	431.000, 0.075	431.000, 0.079	431.000, 0.073	431.000, 0.064	431.000, 0.063
432.000, 0.063	432.000, 0.076	432.000, 0.081	432.000, 0.073	432.000, 0.065	432.000, 0.064
433.000, 0.064	433.000, 0.077	433.000, 0.082	433.000, 0.074	433.000, 0.066	433.000, 0.064
434.000, 0.065	434.000, 0.078	434.000, 0.083	434.000, 0.075	434.000, 0.066	434.000, 0.065
435.000, 0.065	435.000, 0.079	435.000, 0.084	435.000, 0.075	435.000, 0.066	435.000, 0.065
436.000, 0.066	436.000, 0.080	436.000, 0.084	436.000, 0.076	436.000, 0.067	436.000, 0.066
437.000, 0.066	437.000, 0.080	437.000, 0.085	437.000, 0.076	437.000, 0.067	437.000, 0.066
438.000, 0.067	438.000, 0.081	438.000, 0.086	438.000, 0.076	438.000, 0.068	438.000, 0.066
439.000, 0.067	439.000, 0.082	439.000, 0.087	439.000, 0.075	439.000, 0.068	439.000, 0.067
440.000, 0.069	440.000, 0.083	440.000, 0.088	440.000, 0.077	440.000, 0.068	440.000, 0.067
441.000, 0.070	441.000, 0.084	441.000, 0.089	441.000, 0.078	441.000, 0.069	441.000, 0.068
442.000, 0.070	442.000, 0.085	442.000, 0.090	442.000, 0.078	442.000, 0.070	442.000, 0.068
443.000, 0.070	443.000, 0.085	443.000, 0.091	443.000, 0.078	443.000, 0.070	443.000, 0.068
444.000, 0.071	444.000, 0.086	444.000, 0.091	444.000, 0.078	444.000, 0.070	444.000, 0.068
445.000, 0.071	445.000, 0.086	445.000, 0.092	445.000, 0.078	445.000, 0.070	445.000, 0.069
446.000, 0.072	446.000, 0.087	446.000, 0.092	446.000, 0.078	446.000, 0.071	446.000, 0.069
447.000, 0.072	447.000, 0.088	447.000, 0.093	447.000, 0.079	447.000, 0.071	447.000, 0.070
448.000, 0.073	448.000, 0.088	448.000, 0.094	448.000, 0.079	448.000, 0.072	448.000, 0.070
449.000, 0.073	449.000, 0.089	449.000, 0.094	449.000, 0.080	449.000, 0.072	449.000, 0.070
450.000, 0.074	450.000, 0.089	450.000, 0.095	450.000, 0.080	450.000, 0.072	450.000, 0.070
451.000, 0.074	451.000, 0.090	451.000, 0.096	451.000, 0.080	451.000, 0.072	451.000, 0.071
452.000, 0.075	452.000, 0.091	452.000, 0.096	452.000, 0.081	452.000, 0.073	452.000, 0.071
453.000, 0.075	453.000, 0.091	453.000, 0.097	453.000, 0.081	453.000, 0.073	453.000, 0.072
454.000, 0.075	454.000, 0.092	454.000, 0.097	454.000, 0.081	454.000, 0.074	454.000, 0.072
455.000, 0.076	455.000, 0.093	455.000, 0.098	455.000, 0.081	455.000, 0.074	455.000, 0.072
456.000, 0.076	456.000, 0.093	456.000, 0.098	456.000, 0.082	456.000, 0.074	456.000, 0.072
457.000, 0.077	457.000, 0.093	457.000, 0.099	457.000, 0.082	457.000, 0.074	457.000, 0.073
458.000, 0.077	458.000, 0.094	458.000, 0.100	458.000, 0.082	458.000, 0.075	458.000, 0.073
459.000, 0.078	459.000, 0.095	459.000, 0.100	459.000, 0.083	459.000, 0.075	459.000, 0.074
460.000, 0.078	460.000, 0.095	460.000, 0.101	460.000, 0.083	460.000, 0.075	460.000, 0.074
461.000, 0.079	461.000, 0.096	461.000, 0.101	461.000, 0.083	461.000, 0.076	461.000, 0.074
462.000, 0.079	462.000, 0.096	462.000, 0.102	462.000, 0.083	462.000, 0.076	462.000, 0.074
463.000, 0.080	463.000, 0.097	463.000, 0.103	463.000, 0.084	463.000, 0.076	463.000, 0.075
464.000, 0.080	464.000, 0.097	464.000, 0.104	464.000, 0.084	464.000, 0.077	464.000, 0.075
465.000, 0.080	465.000, 0.098	465.000, 0.104	465.000, 0.084	465.000, 0.077	465.000, 0.075
466.000, 0.080	466.000, 0.098	466.000, 0.104	466.000, 0.084	466.000, 0.077	466.000, 0.075
467.000, 0.081	467.000, 0.099	467.000, 0.105	467.000, 0.084	467.000, 0.077	467.000, 0.075
468.000, 0.081	468.000, 0.099	468.000, 0.105	468.000, 0.084	468.000, 0.077	468.000, 0.076
469.000, 0.081	469.000, 0.099	469.000, 0.105	469.000, 0.085	469.000, 0.077	469.000, 0.076
470.000, 0.082	470.000, 0.100	470.000, 0.106	470.000, 0.085	470.000, 0.078	470.000, 0.076
471.000, 0.082	471.000, 0.101	471.000, 0.107	471.000, 0.085	471.000, 0.078	471.000, 0.077
472.000, 0.083	472.000, 0.101	472.000, 0.107	472.000, 0.085	472.000, 0.079	472.000, 0.077
473.000, 0.083	473.000, 0.102	473.000, 0.108	473.000, 0.086	473.000, 0.079	473.000, 0.077
474.000, 0.084	474.000, 0.103	474.000, 0.109	474.000, 0.086	474.000, 0.079	474.000, 0.078
475.000, 0.085	475.000, 0.103	475.000, 0.109	475.000, 0.087	475.000, 0.080	475.000, 0.078
476.000, 0.085	476.000, 0.103	476.000, 0.110	476.000, 0.087	476.000, 0.080	476.000, 0.078
477.000, 0.085	477.000, 0.104	477.000, 0.110	477.000, 0.087	477.000, 0.080	477.000, 0.078
478.000, 0.085	478.000, 0.104	478.000, 0.110	478.000, 0.087	478.000, 0.080	478.000, 0.078
479.000, 0.085	479.000, 0.104	479.000, 0.111	479.000, 0.087	479.000, 0.080	479.000, 0.079
480.000, 0.086	480.000, 0.105	480.000, 0.112	480.000, 0.087	480.000, 0.081	480.000, 0.079
481.000, 0.087	481.000, 0.106	481.000, 0.112	481.000, 0.088	481.000, 0.081	481.000, 0.079
482.000, 0.087	482.000, 0.106	482.000, 0.112	482.000, 0.088	482.000, 0.081	482.000, 0.080
483.000, 0.087	483.000, 0.107	483.000, 0.113	483.000, 0.088	483.000, 0.082	483.000, 0.080
484.000, 0.088	484.000, 0.107	484.000, 0.114	484.000, 0.089	484.000, 0.082	484.000, 0.080
485.000, 0.089	485.000, 0.108	485.000, 0.115	485.000, 0.089	485.000, 0.083	485.000, 0.081
486.000, 0.089	486.000, 0.109	486.000, 0.115	486.000, 0.089	486.000, 0.083	486.000, 0.081
487.000, 0.089	487.000, 0.109	487.000, 0.116	487.000, 0.090	487.000, 0.083	487.000, 0.082
488.000, 0.090	488.000, 0.109	488.000, 0.116	488.000, 0.090	488.000, 0.084	488.000, 0.082
489.000, 0.090	489.000, 0.110	489.000, 0.117	489.000, 0.090	489.000, 0.084	489.000, 0.082
490.000, 0.091	490.000, 0.111	490.000, 0.117	490.000, 0.090	490.000, 0.084	490.000, 0.083
491.000, 0.091	491.000, 0.111	491.000, 0.118	491.000, 0.091	491.000, 0.085	491.000, 0.083
492.000, 0.091	492.000, 0.111	492.000, 0.118	492.000, 0.091	492.000, 0.085	492.000, 0.083
493.000, 0.092	493.000, 0.112	493.000, 0.118	493.000, 0.091	493.000, 0.085	493.000, 0.083
494.000, 0.092	494.000, 0.113	494.000, 0.120	494.000, 0.091	494.000, 0.085	494.000, 0.084
495.000, 0.093	495.000, 0.113	495.000, 0.120	495.000, 0.092	495.000, 0.086	495.000, 0.084
496.000, 0.093	496.000, 0.114	496.000, 0.121	496.000, 0.093	496.000, 0.086	496.000, 0.084
497.000, 0.094	497.000, 0.114	497.000, 0.121	497.000, 0.093	497.000, 0.087	497.000, 0.085
498.000, 0.094	498.000, 0.115	498.000, 0.122	498.000, 0.093	498.000, 0.087	498.000, 0.085
499.000, 0.095	499.000, 0.116	499.000, 0.122	499.000, 0.093	499.000, 0.088	499.000, 0.086
500.000, 0.095	500.000, 0.116	500.000, 0.123	500.000, 0.094	500.000, 0.088	500.000, 0.086
501.000, 0.096	501.000, 0.117	501.000, 0.124	501.000, 0.095	501.000, 0.089	501.000, 0.087
502.000, 0.096	502.000, 0.117	502.000, 0.125	502.000, 0.095	502.000, 0.089	502.000, 0.088
503.000, 0.097	503.000, 0.118	503.000, 0.125	503.000, 0.096	503.000, 0.090	503.000, 0.088
504.000, 0.098	504.000, 0.119	504.000, 0.126	504.000, 0.096	504.000, 0.090	504.000, 0.088
505.000, 0.098	505.000, 0.119	505.000, 0.127	505.000, 0.097	505.000, 0.091	505.000, 0.089
506.000, 0.099	506.000, 0.120	506.000, 0.127	506.000, 0.097	506.000, 0.092	506.000, 0.090
507.000, 0.099	507.000, 0.120	507.000, 0.128	507.000, 0.098	507.000, 0.092	507.000, 0.090
508.000, 0.100	508.000, 0.121	508.000, 0.129	508.000, 0.099	508.000, 0.093	508.000, 0.091
509.000, 0.100	509.000, 0.122	509.000, 0.129	509.000, 0.099	509.000, 0.093	509.000, 0.091
510.000, 0.101	510.000, 0.122	510.000, 0.130	510.000, 0.100	510.000, 0.094	510.000, 0.092
511.000, 0.101	511.000, 0.123	511.000, 0.131	511.000, 0.101	511.000, 0.095	511.000, 0.093
512.000, 0.102	512.000, 0.124	512.000, 0.131	512.000, 0.102	512.000, 0.095	512.000, 0.094
513.000, 0.103	513.000, 0.124	513.000, 0.132	513.000, 0.103	513.000, 0.096	513.000, 0.095
514.000, 0.103	514.000, 0.125	514.000, 0.133	514.000, 0.103	514.000, 0.097	514.000, 0.095
515.000, 0.103	515.000, 0.126	515.000, 0.134	515.000, 0.104	515.000, 0.098	515.000, 0.096
516.000, 0.104	516.000, 0.126	516.000, 0.134	516.000, 0.105	516.000, 0.099	516.000, 0.097
517.000, 0.105	517.000, 0.127	517.000, 0.134	517.000, 0.106	517.000, 0.099	517.000, 0.098
518.000, 0.105	518.000, 0.127	518.000, 0.135	518.000, 0.107	518.000, 0.100	518.000, 0.099
519.000, 0.106	519.000, 0.128	519.000, 0.136	519.000, 0.108	519.000, 0.101	519.000, 0.100
520.000, 0.107	520.000, 0.129	520.000, 0.137	520.000, 0.109	520.000, 0.102	520.000, 0.101
521.000, 0.107	521.000, 0.130	521.000, 0.138	521.000, 0.110	521.000, 0.103	521.000, 0.102
522.000, 0.108	522.000, 0.130	522.000, 0.138	522.000, 0.111	522.000, 0.104	522.000, 0.103
523.000, 0.108	523.000, 0.131	523.000, 0.139	523.000, 0.112	523.000, 0.105	523.000, 0.104
524.000, 0.109	524.000, 0.132	524.000, 0.140	524.000, 0.113	524.000, 0.106	524.000, 0.104
525.000, 0.109	525.000, 0.133	525.000, 0.141	525.000, 0.114	525.000, 0.107	525.000, 0.105
526.000, 0.110	526.000, 0.133	526.000, 0.141	526.000, 0.115	526.000, 0.108	526.000, 0.106
527.000, 0.111	527.000, 0.134	527.000, 0.142	527.000, 0.116	527.000, 0.109	527.000, 0.107
528.000, 0.111	528.000, 0.134	528.000, 0.143	528.000, 0.117	528.000, 0.109	528.000, 0.108
529.000, 0.112	529.000, 0.135	529.000, 0.143	529.000, 0.118	529.000, 0.110	529.000, 0.109
530.000, 0.113	530.000, 0.136	530.000, 0.144	530.000, 0.119	530.000, 0.111	530.000, 0.110
531.000, 0.113	531.000, 0.137	531.000, 0.145	531.000, 0.120	531.000, 0.112	531.000, 0.111
532.000, 0.114	532.000, 0.137	532.000, 0.146	532.000, 0.121	532.000, 0.113	532.000, 0.112
533.000, 0.114	533.000, 0.138	533.000, 0.146	533.000, 0.121	533.000, 0.113	533.000, 0.112
534.000, 0.115	534.000, 0.139	534.000, 0.147	534.000, 0.122	534.000, 0.114	534.000, 0.113
535.000, 0.116	535.000, 0.139	535.000, 0.148	535.000, 0.123	535.000, 0.115	535.000, 0.114
536.000, 0.117	536.000, 0.140	536.000, 0.149	536.000, 0.123	536.000, 0.116	536.000, 0.115
537.000, 0.117	537.000, 0.141	537.000, 0.150	537.000, 0.124	537.000, 0.116	537.000, 0.115
538.000, 0.118	538.000, 0.142	538.000, 0.151	538.000, 0.125	538.000, 0.117	538.000, 0.116
539.000, 0.118	539.000, 0.143	539.000, 0.152	539.000, 0.126	539.000, 0.118	539.000, 0.117
540.000, 0.119	540.000, 0.143	540.000, 0.152	540.000, 0.126	540.000, 0.118	540.000, 0.117
541.000, 0.120	541.000, 0.144	541.000, 0.153	541.000, 0.127	541.000, 0.119	541.000, 0.118
542.000, 0.120	542.000, 0.145	542.000, 0.154	542.000, 0.128	542.000, 0.120	542.000, 0.118
543.000, 0.121	543.000, 0.146	543.000, 0.155	543.000, 0.128	543.000, 0.120	543.000, 0.119
544.000, 0.122	544.000, 0.146	544.000, 0.155	544.000, 0.129	544.000, 0.121	544.000, 0.119
545.000, 0.122	545.000, 0.147	545.000, 0.156	545.000, 0.129	545.000, 0.121	545.000, 0.120
546.000, 0.123	546.000, 0.148	546.000, 0.157	546.000, 0.130	546.000, 0.122	546.000, 0.121
547.000, 0.124	547.000, 0.149	547.000, 0.158	547.000, 0.130	547.000, 0.123	547.000, 0.122
548.000, 0.124	548.000, 0.150	548.000, 0.159	548.000, 0.131	548.000, 0.123	548.000, 0.122
549.000, 0.125	549.000, 0.150	549.000, 0.159	549.000, 0.131	549.000, 0.124	549.000, 0.122
550.000, 0.126	550.000, 0.151	550.000, 0.160	550.000, 0.132	550.000, 0.124	550.000, 0.123
551.000, 0.126	551.000, 0.152	551.000, 0.161	551.000, 0.133	551.000, 0.125	551.000, 0.123
552.000, 0.127	552.000, 0.153	552.000, 0.162	552.000, 0.133	552.000, 0.125	552.000, 0.124
553.000, 0.128	553.000, 0.153	553.000, 0.163	553.000, 0.134	553.000, 0.126	553.000, 0.124
554.000, 0.128	554.000, 0.154	554.000, 0.164	554.000, 0.134	554.000, 0.126	554.000, 0.125
555.000, 0.129	555.000, 0.155	555.000, 0.164	555.000, 0.134	555.000, 0.127	555.000, 0.125
556.000, 0.130	556.000, 0.156	556.000, 0.165	556.000, 0.135	556.000, 0.127	556.000, 0.126
557.000, 0.130	557.000, 0.157	557.000, 0.166	557.000, 0.135	557.000, 0.127	557.000, 0.126
558.000, 0.131	558.000, 0.157	558.000, 0.167	558.000, 0.135	558.000, 0.128	558.000, 0.126
559.000, 0.132	559.000, 0.158	559.000, 0.168	559.000, 0.135	559.000, 0.128	559.000, 0.127
560.000, 0.132	560.000, 0.159	560.000, 0.169	560.000, 0.136	560.000, 0.128	560.000, 0.127
561.000, 0.133	561.000, 0.160	561.000, 0.169	561.000, 0.136	561.000, 0.129	561.000, 0.127
562.000, 0.134	562.000, 0.161	562.000, 0.170	562.000, 0.136	562.000, 0.129	562.000, 0.127
563.000, 0.134	563.000, 0.161	563.000, 0.171	563.000, 0.136	563.000, 0.129	563.000, 0.128
564.000, 0.135	564.000, 0.162	564.000, 0.172	564.000, 0.136	564.000, 0.129	564.000, 0.128
565.000, 0.136	565.000, 0.163	565.000, 0.173	565.000, 0.136	565.000, 0.129	565.000, 0.128
566.000, 0.136	566.000, 0.164	566.000, 0.174	566.000, 0.136	566.000, 0.130	566.000, 0.128
567.000, 0.137	567.000, 0.165	567.000, 0.175	567.000, 0.137	567.000, 0.130	567.000, 0.128
568.000, 0.138	568.000, 0.165	568.000, 0.175	568.000, 0.137	568.000, 0.130	568.000, 0.128
569.000, 0.138	569.000, 0.166	569.000, 0.176	569.000, 0.136	569.000, 0.130	569.000, 0.128
570.000, 0.139	570.000, 0.167	570.000, 0.177	570.000, 0.137	570.000, 0.130	570.000, 0.128
571.000, 0.140	571.000, 0.168	571.000, 0.178	571.000, 0.137	571.000, 0.130	571.000, 0.128
572.000, 0.140	572.000, 0.168	572.000, 0.178	572.000, 0.137	572.000, 0.130	572.000, 0.128
573.000, 0.141	573.000, 0.169	573.000, 0.179	573.000, 0.137	573.000, 0.130	573.000, 0.128
574.000, 0.142	574.000, 0.170	574.000, 0.180	574.000, 0.137	574.000, 0.130	574.000, 0.128
575.000, 0.143	575.000, 0.171	575.000, 0.181	575.000, 0.137	575.000, 0.130	575.000, 0.128
576.000, 0.143	576.000, 0.172	576.000, 0.182	576.000, 0.137	576.000, 0.131	576.000, 0.128
577.000, 0.144	577.000, 0.172	577.000, 0.183	577.000, 0.137	577.000, 0.131	577.000, 0.128
578.000, 0.144	578.000, 0.173	578.000, 0.183	578.000, 0.137	578.000, 0.131	578.000, 0.128
579.000, 0.145	579.000, 0.174	579.000, 0.184	579.000, 0.137	579.000, 0.131	579.000, 0.129
580.000, 0.146	580.000, 0.175	580.000, 0.186	580.000, 0.137	580.000, 0.132	580.000, 0.129
581.000, 0.147	581.000, 0.176	581.000, 0.186	581.000, 0.137	581.000, 0.132	581.000, 0.129
582.000, 0.147	582.000, 0.177	582.000, 0.187	582.000, 0.138	582.000, 0.132	582.000, 0.129
583.000, 0.148	583.000, 0.178	583.000, 0.188	583.000, 0.138	583.000, 0.132	583.000, 0.130
584.000, 0.149	584.000, 0.178	584.000, 0.189	584.000, 0.138	584.000, 0.132	584.000, 0.130
585.000, 0.149	585.000, 0.179	585.000, 0.190	585.000, 0.138	585.000, 0.132	585.000, 0.130
586.000, 0.150	586.000, 0.180	586.000, 0.191	586.000, 0.138	586.000, 0.133	586.000, 0.130
587.000, 0.151	587.000, 0.180	587.000, 0.191	587.000, 0.138	587.000, 0.133	587.000, 0.130
588.000, 0.151	588.000, 0.180	588.000, 0.191	588.000, 0.138	588.000, 0.133	588.000, 0.130
589.000, 0.152	589.000, 0.180	589.000, 0.192	589.000, 0.139	589.000, 0.134	589.000, 0.131
590.000, 0.152	590.000, 0.181	590.000, 0.193	590.000, 0.139	590.000, 0.134	590.000, 0.131
591.000, 0.153	591.000, 0.181	591.000, 0.193	591.000, 0.139	591.000, 0.135	591.000, 0.131
592.000, 0.153	592.000, 0.181	592.000, 0.193	592.000, 0.139	592.000, 0.135	592.000, 0.131
593.000, 0.154	593.000, 0.182	593.000, 0.194	593.000, 0.139	593.000, 0.135	593.000, 0.132
594.000, 0.155	594.000, 0.183	594.000, 0.195	594.000, 0.140	594.000, 0.135	594.000, 0.132
595.000, 0.156	595.000, 0.184	595.000, 0.196	595.000, 0.140	595.000, 0.136	595.000, 0.132
596.000, 0.156	596.000, 0.185	596.000, 0.197	596.000, 0.140	596.000, 0.136	596.000, 0.132
597.000, 0.156	597.000, 0.186	597.000, 0.198	597.000, 0.140	597.000, 0.136	597.000, 0.133
598.000, 0.157	598.000, 0.188	598.000, 0.199	598.000, 0.140	598.000, 0.136	598.000, 0.133
599.000, 0.158	599.000, 0.189	599.000, 0.201	599.000, 0.140	599.000, 0.136	599.000, 0.133
600.000, 0.159	600.000, 0.191	600.000, 0.202	600.000, 0.141	600.000, 0.137	600.000, 0.134
601.000, 0.160	601.000, 0.193	601.000, 0.204	601.000, 0.142	601.000, 0.137	601.000, 0.134
602.000, 0.161	602.000, 0.194	602.000, 0.205	602.000, 0.142	602.000, 0.138	602.000, 0.134
603.000, 0.162	603.000, 0.195	603.000, 0.206	603.000, 0.142	603.000, 0.138	603.000, 0.135
604.000, 0.163	604.000, 0.196	604.000, 0.207	604.000, 0.143	604.000, 0.139	604.000, 0.135
605.000, 0.163	605.000, 0.197	605.000, 0.208	605.000, 0.143	605.000, 0.139	605.000, 0.135
606.000, 0.164	606.000, 0.197	606.000, 0.209	606.000, 0.143	606.000, 0.139	606.000, 0.136
607.000, 0.165	607.000, 0.198	607.000, 0.209	607.000, 0.143	607.000, 0.139	607.000, 0.136
608.000, 0.166	608.000, 0.198	608.000, 0.210	608.000, 0.143	608.000, 0.139	608.000, 0.136
609.000, 0.166	609.000, 0.199	609.000, 0.211	609.000, 0.143	609.000, 0.139	609.000, 0.137
610.000, 0.167	610.000, 0.200	610.000, 0.212	610.000, 0.144	610.000, 0.140	610.000, 0.137
611.000, 0.168	611.000, 0.201	611.000, 0.213	611.000, 0.144	611.000, 0.140	611.000, 0.137
612.000, 0.169	612.000, 0.201	612.000, 0.214	612.000, 0.144	612.000, 0.141	612.000, 0.137
613.000, 0.169	613.000, 0.202	613.000, 0.215	613.000, 0.144	613.000, 0.141	613.000, 0.138
614.000, 0.170	614.000, 0.203	614.000, 0.215	614.000, 0.144	614.000, 0.141	614.000, 0.138
615.000, 0.171	615.000, 0.204	615.000, 0.216	615.000, 0.144	615.000, 0.141	615.000, 0.138
616.000, 0.172	616.000, 0.204	616.000, 0.217	616.000, 0.144	616.000, 0.141	616.000, 0.138
617.000, 0.172	617.000, 0.205	617.000, 0.218	617.000, 0.144	617.000, 0.141	617.000, 0.139
618.000, 0.173	618.000, 0.206	618.000, 0.219	618.000, 0.145	618.000, 0.142	618.000, 0.139
619.000, 0.174	619.000, 0.207	619.000, 0.220	619.000, 0.145	619.000, 0.142	619.000, 0.139
620.000, 0.175	620.000, 0.208	620.000, 0.221	620.000, 0.145	620.000, 0.142	620.000, 0.139
621.000, 0.175	621.000, 0.209	621.000, 0.222	621.000, 0.145	621.000, 0.143	621.000, 0.139
622.000, 0.176	622.000, 0.210	622.000, 0.223	622.000, 0.145	622.000, 0.143	622.000, 0.139
623.000, 0.177	623.000, 0.211	623.000, 0.224	623.000, 0.145	623.000, 0.143	623.000, 0.140
624.000, 0.178	624.000, 0.212	624.000, 0.225	624.000, 0.145	624.000, 0.144	624.000, 0.140
625.000, 0.179	625.000, 0.213	625.000, 0.226	625.000, 0.146	625.000, 0.144	625.000, 0.141
626.000, 0.179	626.000, 0.213	626.000, 0.227	626.000, 0.146	626.000, 0.145	626.000, 0.141
627.000, 0.180	627.000, 0.214	627.000, 0.228	627.000, 0.147	627.000, 0.145	627.000, 0.141
628.000, 0.181	628.000, 0.215	628.000, 0.229	628.000, 0.147	628.000, 0.145	628.000, 0.141
629.000, 0.182	629.000, 0.217	629.000, 0.230	629.000, 0.147	629.000, 0.146	629.000, 0.142
630.000, 0.183	630.000, 0.217	630.000, 0.231	630.000, 0.148	630.000, 0.146	630.000, 0.142
631.000, 0.184	631.000, 0.218	631.000, 0.232	631.000, 0.148	631.000, 0.146	631.000, 0.143
632.000, 0.185	632.000, 0.219	632.000, 0.233	632.000, 0.148	632.000, 0.147	632.000, 0.143
633.000, 0.186	633.000, 0.220	633.000, 0.234	633.000, 0.149	633.000, 0.147	633.000, 0.144
634.000, 0.186	634.000, 0.221	634.000, 0.235	634.000, 0.149	634.000, 0.147	634.000, 0.144
635.000, 0.187	635.000, 0.222	635.000, 0.236	635.000, 0.149	635.000, 0.148	635.000, 0.144
636.000, 0.188	636.000, 0.223	636.000, 0.237	636.000, 0.149	636.000, 0.148	636.000, 0.144
637.000, 0.189	637.000, 0.224	637.000, 0.238	637.000, 0.149	637.000, 0.148	637.000, 0.145
638.000, 0.189	638.000, 0.225	638.000, 0.239	638.000, 0.150	638.000, 0.148	638.000, 0.145
639.000, 0.191	639.000, 0.226	639.000, 0.240	639.000, 0.150	639.000, 0.149	639.000, 0.145
640.000, 0.192	640.000, 0.228	640.000, 0.242	640.000, 0.150	640.000, 0.149	640.000, 0.146
641.000, 0.192	641.000, 0.229	641.000, 0.243	641.000, 0.150	641.000, 0.149	641.000, 0.146
642.000, 0.193	642.000, 0.229	642.000, 0.243	642.000, 0.150	642.000, 0.149	642.000, 0.145
643.000, 0.193	643.000, 0.230	643.000, 0.244	643.000, 0.149	643.000, 0.149	643.000, 0.145
644.000, 0.195	644.000, 0.231	644.000, 0.245	644.000, 0.149	644.000, 0.149	644.000, 0.145
645.000, 0.196	645.000, 0.233	645.000, 0.247	645.000, 0.150	645.000, 0.149	645.000, 0.146
646.000, 0.196	646.000, 0.233	646.000, 0.248	646.000, 0.149	646.000, 0.149	646.000, 0.146
647.000, 0.197	647.000, 0.234	647.000, 0.248	647.000, 0.149	647.000, 0.149	647.000, 0.145
648.000, 0.198	648.000, 0.235	648.000, 0.249	648.000, 0.149	648.000, 0.149	648.000, 0.146
649.000, 0.199	649.000, 0.236	649.000, 0.250	649.000, 0.149	649.000, 0.149	649.000, 0.146
650.000, 0.200	650.000, 0.237	650.000, 0.251	650.000, 0.149	650.000, 0.150	650.000, 0.146
651.000, 0.200	651.000, 0.238	651.000, 0.253	651.000, 0.149	651.000, 0.150	651.000, 0.146
652.000, 0.201	652.000, 0.239	652.000, 0.254	652.000, 0.150	652.000, 0.150	652.000, 0.147
653.000, 0.202	653.000, 0.240	653.000, 0.255	653.000, 0.150	653.000, 0.150	653.000, 0.147
654.000, 0.202	654.000, 0.240	654.000, 0.255	654.000, 0.150	654.000, 0.150	654.000, 0.147
655.000, 0.203	655.000, 0.241	655.000, 0.257	655.000, 0.150	655.000, 0.151	655.000, 0.147
656.000, 0.205	656.000, 0.243	656.000, 0.258	656.000, 0.150	656.000, 0.151	656.000, 0.148
657.000, 0.206	657.000, 0.244	657.000, 0.259	657.000, 0.150	657.000, 0.151	657.000, 0.148
658.000, 0.206	658.000, 0.244	658.000, 0.259	658.000, 0.150	658.000, 0.151	658.000, 0.148
659.000, 0.207	659.000, 0.245	659.000, 0.261	659.000, 0.150	659.000, 0.151	659.000, 0.148
660.000, 0.207	660.000, 0.246	660.000, 0.261	660.000, 0.150	660.000, 0.151	660.000, 0.148
661.000, 0.208	661.000, 0.247	661.000, 0.262	661.000, 0.149	661.000, 0.151	661.000, 0.147
662.000, 0.209	662.000, 0.248	662.000, 0.263	662.000, 0.149	662.000, 0.151	662.000, 0.147
663.000, 0.210	663.000, 0.249	663.000, 0.264	663.000, 0.149	663.000, 0.151	663.000, 0.147
664.000, 0.210	664.000, 0.250	664.000, 0.265	664.000, 0.149	664.000, 0.152	664.000, 0.148
665.000, 0.211	665.000, 0.251	665.000, 0.266	665.000, 0.149	665.000, 0.152	665.000, 0.148
666.000, 0.212	666.000, 0.252	666.000, 0.267	666.000, 0.149	666.000, 0.152	666.000, 0.148
667.000, 0.213	667.000, 0.252	667.000, 0.268	667.000, 0.149	667.000, 0.152	667.000, 0.148
668.000, 0.214	668.000, 0.254	668.000, 0.269	668.000, 0.149	668.000, 0.152	668.000, 0.148
669.000, 0.215	669.000, 0.255	669.000, 0.270	669.000, 0.149	669.000, 0.152	669.000, 0.149
670.000, 0.215	670.000, 0.255	670.000, 0.271	670.000, 0.149	670.000, 0.152	670.000, 0.148
671.000, 0.216	671.000, 0.256	671.000, 0.272	671.000, 0.149	671.000, 0.153	671.000, 0.149
672.000, 0.217	672.000, 0.257	672.000, 0.274	672.000, 0.150	672.000, 0.154	672.000, 0.150
673.000, 0.218	673.000, 0.258	673.000, 0.275	673.000, 0.150	673.000, 0.154	673.000, 0.150
674.000, 0.219	674.000, 0.259	674.000, 0.276	674.000, 0.150	674.000, 0.154	674.000, 0.150
675.000, 0.220	675.000, 0.260	675.000, 0.277	675.000, 0.151	675.000, 0.155	675.000, 0.151
676.000, 0.221	676.000, 0.261	676.000, 0.278	676.000, 0.151	676.000, 0.155	676.000, 0.151
677.000, 0.221	677.000, 0.262	677.000, 0.279	677.000, 0.151	677.000, 0.155	677.000, 0.151
678.000, 0.222	678.000, 0.264	678.000, 0.280	678.000, 0.152	678.000, 0.156	678.000, 0.152
679.000, 0.223	679.000, 0.265	679.000, 0.281	679.000, 0.152	679.000, 0.156	679.000, 0.152
680.000, 0.224	680.000, 0.265	680.000, 0.282	680.000, 0.153	680.000, 0.157	680.000, 0.153
681.000, 0.225	681.000, 0.266	681.000, 0.283	681.000, 0.153	681.000, 0.157	681.000, 0.153
682.000, 0.226	682.000, 0.267	682.000, 0.284	682.000, 0.154	682.000, 0.158	682.000, 0.154
683.000, 0.227	683.000, 0.269	683.000, 0.286	683.000, 0.154	683.000, 0.159	683.000, 0.155
684.000, 0.228	684.000, 0.269	684.000, 0.286	684.000, 0.156	684.000, 0.160	684.000, 0.156
685.000, 0.229	685.000, 0.270	685.000, 0.287	685.000, 0.157	685.000, 0.161	685.000, 0.157
686.000, 0.229	686.000, 0.271	686.000, 0.288	686.000, 0.158	686.000, 0.162	686.000, 0.158
687.000, 0.230	687.000, 0.273	687.000, 0.290	687.000, 0.160	687.000, 0.164	687.000, 0.160
688.000, 0.231	688.000, 0.274	688.000, 0.292	688.000, 0.163	688.000, 0.166	688.000, 0.162
689.000, 0.233	689.000, 0.276	689.000, 0.293	689.000, 0.165	689.000, 0.169	689.000, 0.164
690.000, 0.234	690.000, 0.277	690.000, 0.294	690.000, 0.167	690.000, 0.171	690.000, 0.166
691.000, 0.234	691.000, 0.278	691.000, 0.295	691.000, 0.169	691.000, 0.172	691.000, 0.169
692.000, 0.236	692.000, 0.279	692.000, 0.296	692.000, 0.172	692.000, 0.175	692.000, 0.171
693.000, 0.237	693.000, 0.280	693.000, 0.298	693.000, 0.175	693.000, 0.178	693.000, 0.174
694.000, 0.238	694.000, 0.282	694.000, 0.300	694.000, 0.178	694.000, 0.180	694.000, 0.177
695.000, 0.239	695.000, 0.283	695.000, 0.301	695.000, 0.181	695.000, 0.183	695.000, 0.179
696.000, 0.240	696.000, 0.284	696.000, 0.302	696.000, 0.185	696.000, 0.186	696.000, 0.182
697.000, 0.241	697.000, 0.285	697.000, 0.303	697.000, 0.188	697.000, 0.189	697.000, 0.185
698.000, 0.242	698.000, 0.286	698.000, 0.304	698.000, 0.191	698.000, 0.192	698.000, 0.189
699.000, 0.242	699.000, 0.287	699.000, 0.305	699.000, 0.195	699.000, 0.195	699.000, 0.192
700.000, 0.243	700.000, 0.288	700.000, 0.306	700.000, 0.198	700.000, 0.199	700.000, 0.195
701.000, 0.245	701.000, 0.289	701.000, 0.308	701.000, 0.202	701.000, 0.202	701.000, 0.199
702.000, 0.246	702.000, 0.291	702.000, 0.309	702.000, 0.206	702.000, 0.205	702.000, 0.202
703.000, 0.247	703.000, 0.292	703.000, 0.310	703.000, 0.209	703.000, 0.208	703.000, 0.205
704.000, 0.248	704.000, 0.293	704.000, 0.311	704.000, 0.212	704.000, 0.211	704.000, 0.208
705.000, 0.248	705.000, 0.294	705.000, 0.312	705.000, 0.215	705.000, 0.214	705.000, 0.210
706.000, 0.249	706.000, 0.295	706.000, 0.313	706.000, 0.218	706.000, 0.217	706.000, 0.214
707.000, 0.250	707.000, 0.296	707.000, 0.314	707.000, 0.221	707.000, 0.220	707.000, 0.217
708.000, 0.252	708.000, 0.297	708.000, 0.315	708.000, 0.225	708.000, 0.223	708.000, 0.220
709.000, 0.252	709.000, 0.298	709.000, 0.316	709.000, 0.228	709.000, 0.226	709.000, 0.223
710.000, 0.253	710.000, 0.299	710.000, 0.317	710.000, 0.231	710.000, 0.229	710.000, 0.226
711.000, 0.254	711.000, 0.300	711.000, 0.318	711.000, 0.234	711.000, 0.232	711.000, 0.228
712.000, 0.255	712.000, 0.301	712.000, 0.319	712.000, 0.237	712.000, 0.235	712.000, 0.232
713.000, 0.256	713.000, 0.302	713.000, 0.321	713.000, 0.240	713.000, 0.238	713.000, 0.235
714.000, 0.257	714.000, 0.303	714.000, 0.321	714.000, 0.242	714.000, 0.240	714.000, 0.237
715.000, 0.258	715.000, 0.303	715.000, 0.322	715.000, 0.244	715.000, 0.243	715.000, 0.240
716.000, 0.259	716.000, 0.304	716.000, 0.323	716.000, 0.247	716.000, 0.246	716.000, 0.243
717.000, 0.260	717.000, 0.305	717.000, 0.324	717.000, 0.251	717.000, 0.249	717.000, 0.246
718.000, 0.261	718.000, 0.307	718.000, 0.326	718.000, 0.254	718.000, 0.252	718.000, 0.249
719.000, 0.262	719.000, 0.308	719.000, 0.327	719.000, 0.257	719.000, 0.256	719.000, 0.252
720.000, 0.263	720.000, 0.309	720.000, 0.328	720.000, 0.260	720.000, 0.259	720.000, 0.256
721.000, 0.264	721.000, 0.310	721.000, 0.329	721.000, 0.264	721.000, 0.262	721.000, 0.258
722.000, 0.264	722.000, 0.311	722.000, 0.330	722.000, 0.266	722.000, 0.264	722.000, 0.261
723.000, 0.265	723.000, 0.312	723.000, 0.331	723.000, 0.268	723.000, 0.267	723.000, 0.264
724.000, 0.266	724.000, 0.313	724.000, 0.332	724.000, 0.271	724.000, 0.269	724.000, 0.267
725.000, 0.268	725.000, 0.314	725.000, 0.333	725.000, 0.274	725.000, 0.273	725.000, 0.270
726.000, 0.269	726.000, 0.315	726.000, 0.334	726.000, 0.277	726.000, 0.276	726.000, 0.273
727.000, 0.269	727.000, 0.316	727.000, 0.335	727.000, 0.279	727.000, 0.278	727.000, 0.275
728.000, 0.270	728.000, 0.316	728.000, 0.336	728.000, 0.282	728.000, 0.280	728.000, 0.277
729.000, 0.271	729.000, 0.317	729.000, 0.337	729.000, 0.284	729.000, 0.283	729.000, 0.280
730.000, 0.272	730.000, 0.319	730.000, 0.338	730.000, 0.287	730.000, 0.286	730.000, 0.283
731.000, 0.274	731.000, 0.321	731.000, 0.340	731.000, 0.290	731.000, 0.289	731.000, 0.286
732.000, 0.274	732.000, 0.321	732.000, 0.340	732.000, 0.292	732.000, 0.291	732.000, 0.288
733.000, 0.275	733.000, 0.322	733.000, 0.341	733.000, 0.294	733.000, 0.293	733.000, 0.290
734.000, 0.276	734.000, 0.323	734.000, 0.342	734.000, 0.296	734.000, 0.295	734.000, 0.292
735.000, 0.277	735.000, 0.324	735.000, 0.343	735.000, 0.298	735.000, 0.297	735.000, 0.294
736.000, 0.278	736.000, 0.325	736.000, 0.344	736.000, 0.300	736.000, 0.299	736.000, 0.297
737.000, 0.279	737.000, 0.326	737.000, 0.346	737.000, 0.302	737.000, 0.301	737.000, 0.299
738.000, 0.280	738.000, 0.327	738.000, 0.347	738.000, 0.304	738.000, 0.303	738.000, 0.301
739.000, 0.280	739.000, 0.328	739.000, 0.347	739.000, 0.305	739.000, 0.305	739.000, 0.303
740.000, 0.281	740.000, 0.329	740.000, 0.348	740.000, 0.307	740.000, 0.307	740.000, 0.305
741.000, 0.282	741.000, 0.330	741.000, 0.349	741.000, 0.308	741.000, 0.308	741.000, 0.306
742.000, 0.283	742.000, 0.331	742.000, 0.350	742.000, 0.310	742.000, 0.310	742.000, 0.307
743.000, 0.285	743.000, 0.332	743.000, 0.351	743.000, 0.311	743.000, 0.312	743.000, 0.309
744.000, 0.285	744.000, 0.333	744.000, 0.353	744.000, 0.313	744.000, 0.313	744.000, 0.310
745.000, 0.286	745.000, 0.334	745.000, 0.354	745.000, 0.314	745.000, 0.314	745.000, 0.312
746.000, 0.287	746.000, 0.336	746.000, 0.355	746.000, 0.315	746.000, 0.316	746.000, 0.313
747.000, 0.288	747.000, 0.337	747.000, 0.356	747.000, 0.316	747.000, 0.317	747.000, 0.315
748.000, 0.289	748.000, 0.337	748.000, 0.357	748.000, 0.317	748.000, 0.318	748.000, 0.316
749.000, 0.289	749.000, 0.338	749.000, 0.358	749.000, 0.318	749.000, 0.319	749.000, 0.316
750.000, 0.290	750.000, 0.339	750.000, 0.359	750.000, 0.319	750.000, 0.320	750.000, 0.317
751.000, 0.292	751.000, 0.340	751.000, 0.360	751.000, 0.320	751.000, 0.321	751.000, 0.319
752.000, 0.292	752.000, 0.341	752.000, 0.361	752.000, 0.321	752.000, 0.322	752.000, 0.320
753.000, 0.293	753.000, 0.342	753.000, 0.363	753.000, 0.322	753.000, 0.323	753.000, 0.321
754.000, 0.294	754.000, 0.343	754.000, 0.364	754.000, 0.323	754.000, 0.324	754.000, 0.321
755.000, 0.295	755.000, 0.344	755.000, 0.365	755.000, 0.323	755.000, 0.325	755.000, 0.322
756.000, 0.296	756.000, 0.345	756.000, 0.366	756.000, 0.324	756.000, 0.326	756.000, 0.323
757.000, 0.296	757.000, 0.346	757.000, 0.366	757.000, 0.323	757.000, 0.325	757.000, 0.322
758.000, 0.296	758.000, 0.346	758.000, 0.366	758.000, 0.324	758.000, 0.325	758.000, 0.323
759.000, 0.296	759.000, 0.345	759.000, 0.366	759.000, 0.324	759.000, 0.325	759.000, 0.324
760.000, 0.298	760.000, 0.345	760.000, 0.367	760.000, 0.324	760.000, 0.328	760.000, 0.324
761.000, 0.300	761.000, 0.347	761.000, 0.368	761.000, 0.325	761.000, 0.329	761.000, 0.326
762.000, 0.301	762.000, 0.349	762.000, 0.370	762.000, 0.326	762.000, 0.330	762.000, 0.327
763.000, 0.303	763.000, 0.351	763.000, 0.372	763.000, 0.328	763.000, 0.331	763.000, 0.328
764.000, 0.303	764.000, 0.353	764.000, 0.374	764.000, 0.329	764.000, 0.332	764.000, 0.330
765.000, 0.304	765.000, 0.355	765.000, 0.375	765.000, 0.330	765.000, 0.332	765.000, 0.330
766.000, 0.305	766.000, 0.356	766.000, 0.377	766.000, 0.331	766.000, 0.334	766.000, 0.331
767.000, 0.306	767.000, 0.357	767.000, 0.378	767.000, 0.332	767.000, 0.335	767.000, 0.332
768.000, 0.307	768.000, 0.358	768.000, 0.379	768.000, 0.332	768.000, 0.335	768.000, 0.332
769.000, 0.308	769.000, 0.359	769.000, 0.380	769.000, 0.333	769.000, 0.336	769.000, 0.334
770.000, 0.309	770.000, 0.360	770.000, 0.381	770.000, 0.334	770.000, 0.336	770.000, 0.335
771.000, 0.310	771.000, 0.361	771.000, 0.382	771.000, 0.334	771.000, 0.337	771.000, 0.335
772.000, 0.311	772.000, 0.362	772.000, 0.383	772.000, 0.335	772.000, 0.338	772.000, 0.336
773.000, 0.312	773.000, 0.363	773.000, 0.385	773.000, 0.336	773.000, 0.339	773.000, 0.337
774.000, 0.313	774.000, 0.364	774.000, 0.386	774.000, 0.337	774.000, 0.339	774.000, 0.337
775.000, 0.313	775.000, 0.365	775.000, 0.386	775.000, 0.337	775.000, 0.340	775.000, 0.337
776.000, 0.314	776.000, 0.366	776.000, 0.388	776.000, 0.337	776.000, 0.341	776.000, 0.338
777.000, 0.315	777.000, 0.368	777.000, 0.389	777.000, 0.338	777.000, 0.342	777.000, 0.339
778.000, 0.316	778.000, 0.369	778.000, 0.390	778.000, 0.339	778.000, 0.343	778.000, 0.340
779.000, 0.317	779.000, 0.370	779.000, 0.391	779.000, 0.340	779.000, 0.344	779.000, 0.341
780.000, 0.318	780.000, 0.371	780.000, 0.392	780.000, 0.340	780.000, 0.344	780.000, 0.341
781.000, 0.319	781.000, 0.372	781.000, 0.394	781.000, 0.340	781.000, 0.344	781.000, 0.341
782.000, 0.319	782.000, 0.372	782.000, 0.394	782.000, 0.341	782.000, 0.345	782.000, 0.342
783.000, 0.320	783.000, 0.374	783.000, 0.395	783.000, 0.342	783.000, 0.346	783.000, 0.343
784.000, 0.322	784.000, 0.375	784.000, 0.397	784.000, 0.343	784.000, 0.346	784.000, 0.344
785.000, 0.323	785.000, 0.376	785.000, 0.398	785.000, 0.343	785.000, 0.347	785.000, 0.345
786.000, 0.323	786.000, 0.377	786.000, 0.399	786.000, 0.343	786.000, 0.348	786.000, 0.345
787.000, 0.324	787.000, 0.378	787.000, 0.400	787.000, 0.343	787.000, 0.348	787.000, 0.346
788.000, 0.325	788.000, 0.379	788.000, 0.402	788.000, 0.344	788.000, 0.349	788.000, 0.346
789.000, 0.326	789.000, 0.381	789.000, 0.402	789.000, 0.345	789.000, 0.350	789.000, 0.347
790.000, 0.327	790.000, 0.382	790.000, 0.403	790.000, 0.346	790.000, 0.350	790.000, 0.348
791.000, 0.328	791.000, 0.383	791.000, 0.405	791.000, 0.347	791.000, 0.351	791.000, 0.349
792.000, 0.329	792.000, 0.384	792.000, 0.406	792.000, 0.347	792.000, 0.352	792.000, 0.349
793.000, 0.329	793.000, 0.385	793.000, 0.407	793.000, 0.348	793.000, 0.353	793.000, 0.350
794.000, 0.330	794.000, 0.385	794.000, 0.407	794.000, 0.348	794.000, 0.353	794.000, 0.350
795.000, 0.332	795.000, 0.387	795.000, 0.408	795.000, 0.348	795.000, 0.353	795.000, 0.351
796.000, 0.332	796.000, 0.387	796.000, 0.409	796.000, 0.349	796.000, 0.354	796.000, 0.351
797.000, 0.333	797.000, 0.388	797.000, 0.410	797.000, 0.349	797.000, 0.354	797.000, 0.352
798.000, 0.334	798.000, 0.389	798.000, 0.412	798.000, 0.350	798.000, 0.355	798.000, 0.353
799.000, 0.335	799.000, 0.391	799.000, 0.414	799.000, 0.351	799.000, 0.356	799.000, 0.354
800.000, 0.337	800.000, 0.392	800.000, 0.415	800.000, 0.352	800.000, 0.357	800.000, 0.355
801.000, 0.337	801.000, 0.393	801.000, 0.416	801.000, 0.352	801.000, 0.358	801.000, 0.355
802.000, 0.338	802.000, 0.393	802.000, 0.416	802.000, 0.352	802.000, 0.358	802.000, 0.355
803.000, 0.339	803.000, 0.394	803.000, 0.417	803.000, 0.352	803.000, 0.358	803.000, 0.356
804.000, 0.340	804.000, 0.396	804.000, 0.418	804.000, 0.353	804.000, 0.359	804.000, 0.357
805.000, 0.341	805.000, 0.398	805.000, 0.420	805.000, 0.355	805.000, 0.360	805.000, 0.358
806.000, 0.342	806.000, 0.399	806.000, 0.422	806.000, 0.356	806.000, 0.361	806.000, 0.359
807.000, 0.342	807.000, 0.399	807.000, 0.422	807.000, 0.356	807.000, 0.361	807.000, 0.359
808.000, 0.342	808.000, 0.400	808.000, 0.422	808.000, 0.356	808.000, 0.361	808.000, 0.360
809.000, 0.344	809.000, 0.401	809.000, 0.424	809.000, 0.356	809.000, 0.362	809.000, 0.360
810.000, 0.345	810.000, 0.403	810.000, 0.426	810.000, 0.357	810.000, 0.363	810.000, 0.361
811.000, 0.346	811.000, 0.404	811.000, 0.427	811.000, 0.358	811.000, 0.363	811.000, 0.362
812.000, 0.347	812.000, 0.405	812.000, 0.428	812.000, 0.358	812.000, 0.363	812.000, 0.362
813.000, 0.347	813.000, 0.405	813.000, 0.429	813.000, 0.357	813.000, 0.364	813.000, 0.362
814.000, 0.348	814.000, 0.406	814.000, 0.430	814.000, 0.357	814.000, 0.365	814.000, 0.362
815.000, 0.349	815.000, 0.408	815.000, 0.431	815.000, 0.358	815.000, 0.365	815.000, 0.362
816.000, 0.350	816.000, 0.409	816.000, 0.431	816.000, 0.359	816.000, 0.365	816.000, 0.363
817.000, 0.351	817.000, 0.410	817.000, 0.433	817.000, 0.360	817.000, 0.367	817.000, 0.365
818.000, 0.352	818.000, 0.411	818.000, 0.434	818.000, 0.361	818.000, 0.368	818.000, 0.366
819.000, 0.352	819.000, 0.411	819.000, 0.435	819.000, 0.361	819.000, 0.368	819.000, 0.366
820.000, 0.353	820.000, 0.413	820.000, 0.436	820.000, 0.362	820.000, 0.368	820.000, 0.368
821.000, 0.354	821.000, 0.413	821.000, 0.437	821.000, 0.362	821.000, 0.369	821.000, 0.368
822.000, 0.355	822.000, 0.412	822.000, 0.437	822.000, 0.362	822.000, 0.370	822.000, 0.367
823.000, 0.356	823.000, 0.414	823.000, 0.439	823.000, 0.363	823.000, 0.371	823.000, 0.368
824.000, 0.357	824.000, 0.417	824.000, 0.441	824.000, 0.365	824.000, 0.371	824.000, 0.370
825.000, 0.358	825.000, 0.418	825.000, 0.442	825.000, 0.365	825.000, 0.372	825.000, 0.371
826.000, 0.358	826.000, 0.419	826.000, 0.443	826.000, 0.365	826.000, 0.373	826.000, 0.370
827.000, 0.359	827.000, 0.419	827.000, 0.443	827.000, 0.365	827.000, 0.373	827.000, 0.370
828.000, 0.360	828.000, 0.421	828.000, 0.445	828.000, 0.366	828.000, 0.373	828.000, 0.372
829.000, 0.361	829.000, 0.422	829.000, 0.446	829.000, 0.367	829.000, 0.374	829.000, 0.372
830.000, 0.361	830.000, 0.422	830.000, 0.445	830.000, 0.366	830.000, 0.374	830.000, 0.371
831.000, 0.362	831.000, 0.423	831.000, 0.446	831.000, 0.367	831.000, 0.375	831.000, 0.372
832.000, 0.363	832.000, 0.424	832.000, 0.448	832.000, 0.368	832.000, 0.376	832.000, 0.374
833.000, 0.364	833.000, 0.426	833.000, 0.450	833.000, 0.370	833.000, 0.377	833.000, 0.375
834.000, 0.365	834.000, 0.427	834.000, 0.451	834.000, 0.371	834.000, 0.378	834.000, 0.376
835.000, 0.366	835.000, 0.428	835.000, 0.452	835.000, 0.371	835.000, 0.379	835.000, 0.377
836.000, 0.367	836.000, 0.428	836.000, 0.453	836.000, 0.371	836.000, 0.379	836.000, 0.377
837.000, 0.368	837.000, 0.430	837.000, 0.455	837.000, 0.372	837.000, 0.380	837.000, 0.378
838.000, 0.369	838.000, 0.432	838.000, 0.456	838.000, 0.374	838.000, 0.382	838.000, 0.380
839.000, 0.370	839.000, 0.432	839.000, 0.457	839.000, 0.374	839.000, 0.382	839.000, 0.380
840.000, 0.371	840.000, 0.432	840.000, 0.457	840.000, 0.373	840.000, 0.382	840.000, 0.380
841.000, 0.370	841.000, 0.432	841.000, 0.458	841.000, 0.374	841.000, 0.382	841.000, 0.380
842.000, 0.371	842.000, 0.434	842.000, 0.459	842.000, 0.374	842.000, 0.384	842.000, 0.381
843.000, 0.373	843.000, 0.436	843.000, 0.460	843.000, 0.375	843.000, 0.385	843.000, 0.382
844.000, 0.375	844.000, 0.437	844.000, 0.461	844.000, 0.377	844.000, 0.385	844.000, 0.383
845.000, 0.375	845.000, 0.438	845.000, 0.463	845.000, 0.378	845.000, 0.385	845.000, 0.384
846.000, 0.375	846.000, 0.438	846.000, 0.464	846.000, 0.377	846.000, 0.387	846.000, 0.384
847.000, 0.376	847.000, 0.440	847.000, 0.464	847.000, 0.377	847.000, 0.386	847.000, 0.384
848.000, 0.377	848.000, 0.441	848.000, 0.465	848.000, 0.377	848.000, 0.386	848.000, 0.385
849.000, 0.377	849.000, 0.441	849.000, 0.466	849.000, 0.377	849.000, 0.386	849.000, 0.385
850.000, 0.378	850.000, 0.441	850.000, 0.467	850.000, 0.378	850.000, 0.387	850.000, 0.385
851.000, 0.379	851.000, 0.442	851.000, 0.468	851.000, 0.378	851.000, 0.388	851.000, 0.386
852.000, 0.381	852.000, 0.444	852.000, 0.469	852.000, 0.379	852.000, 0.389	852.000, 0.387
853.000, 0.381	853.000, 0.444	853.000, 0.470	853.000, 0.380	853.000, 0.389	853.000, 0.388
854.000, 0.381	854.000, 0.445	854.000, 0.471	854.000, 0.381	854.000, 0.390	854.000, 0.388
855.000, 0.383	855.000, 0.447	855.000, 0.473	855.000, 0.382	855.000, 0.392	855.000, 0.390
856.000, 0.384	856.000, 0.448	856.000, 0.474	856.000, 0.382	856.000, 0.392	856.000, 0.391
857.000, 0.384	857.000, 0.448	857.000, 0.474	857.000, 0.382	857.000, 0.392	857.000, 0.391
858.000, 0.385	858.000, 0.449	858.000, 0.475	858.000, 0.383	858.000, 0.392	858.000, 0.391
859.000, 0.386	859.000, 0.451	859.000, 0.476	859.000, 0.384	859.000, 0.393	859.000, 0.392
860.000, 0.386	860.000, 0.452	860.000, 0.477	860.000, 0.385	860.000, 0.394	860.000, 0.393
861.000, 0.386	861.000, 0.453	861.000, 0.478	861.000, 0.385	861.000, 0.394	861.000, 0.392
862.000, 0.388	862.000, 0.454	862.000, 0.478	862.000, 0.385	862.000, 0.395	862.000, 0.392
863.000, 0.389	863.000, 0.454	863.000, 0.480	863.000, 0.385	863.000, 0.396	863.000, 0.394
864.000, 0.390	864.000, 0.454	864.000, 0.481	864.000, 0.385	864.000, 0.396	864.000, 0.394
865.000, 0.391	865.000, 0.455	865.000, 0.483	865.000, 0.385	865.000, 0.396	865.000, 0.394
866.000, 0.392	866.000, 0.456	866.000, 0.484	866.000, 0.388	866.000, 0.397	866.000, 0.396
867.000, 0.393	867.000, 0.457	867.000, 0.485	867.000, 0.389	867.000, 0.399	867.000, 0.397
868.000, 0.394	868.000, 0.458	868.000, 0.485	868.000, 0.388	868.000, 0.399	868.000, 0.397
869.000, 0.395	869.000, 0.460	869.000, 0.486	869.000, 0.388	869.000, 0.399	869.000, 0.398
870.000, 0.395	870.000, 0.461	870.000, 0.488	870.000, 0.389	870.000, 0.399	870.000, 0.398
871.000, 0.395	871.000, 0.460	871.000, 0.489	871.000, 0.389	871.000, 0.400	871.000, 0.398
872.000, 0.395	872.000, 0.462	872.000, 0.490	872.000, 0.390	872.000, 0.400	872.000, 0.399
873.000, 0.395	873.000, 0.464	873.000, 0.491	873.000, 0.391	873.000, 0.401	873.000, 0.399
874.000, 0.397	874.000, 0.465	874.000, 0.491	874.000, 0.391	874.000, 0.401	874.000, 0.400
875.000, 0.397	875.000, 0.465	875.000, 0.492	875.000, 0.390	875.000, 0.401	875.000, 0.400
876.000, 0.397	876.000, 0.464	876.000, 0.492	876.000, 0.390	876.000, 0.401	876.000, 0.400
877.000, 0.398	877.000, 0.466	877.000, 0.492	877.000, 0.392	877.000, 0.402	877.000, 0.401
878.000, 0.400	878.000, 0.468	878.000, 0.493	878.000, 0.393	878.000, 0.403	878.000, 0.402
879.000, 0.402	879.000, 0.468	879.000, 0.495	879.000, 0.393	879.000, 0.403	879.000, 0.401
880.000, 0.403	880.000, 0.470	880.000, 0.496	880.000, 0.393	880.000, 0.405	880.000, 0.403
881.000, 0.404	881.000, 0.472	881.000, 0.497	881.000, 0.394	881.000, 0.406	881.000, 0.405
882.000, 0.404	882.000, 0.472	882.000, 0.499	882.000, 0.396	882.000, 0.406	882.000, 0.406
883.000, 0.405	883.000, 0.472	883.000, 0.499	883.000, 0.396	883.000, 0.407	883.000, 0.406
884.000, 0.406	884.000, 0.473	884.000, 0.500	884.000, 0.396	884.000, 0.408	884.000, 0.405
885.000, 0.405	885.000, 0.472	885.000, 0.500	885.000, 0.395	885.000, 0.408	885.000, 0.404
886.000, 0.406	886.000, 0.473	886.000, 0.501	886.000, 0.396	886.000, 0.408	886.000, 0.405
887.000, 0.407	887.000, 0.475	887.000, 0.502	887.000, 0.398	887.000, 0.408	887.000, 0.407
888.000, 0.408	888.000, 0.476	888.000, 0.503	888.000, 0.397	888.000, 0.409	888.000, 0.408
889.000, 0.408	889.000, 0.476	889.000, 0.504	889.000, 0.397	889.000, 0.409	889.000, 0.408
890.000, 0.407	890.000, 0.477	890.000, 0.506	890.000, 0.398	890.000, 0.408	890.000, 0.407
891.000, 0.407	891.000, 0.476	891.000, 0.506	891.000, 0.397	891.000, 0.409	891.000, 0.407
892.000, 0.409	892.000, 0.476	892.000, 0.506	892.000, 0.396	892.000, 0.411	892.000, 0.409
893.000, 0.412	893.000, 0.479	893.000, 0.509	893.000, 0.398	893.000, 0.412	893.000, 0.411
894.000, 0.413	894.000, 0.480	894.000, 0.509	894.000, 0.399	894.000, 0.412	894.000, 0.410
895.000, 0.411	895.000, 0.480	895.000, 0.508	895.000, 0.398	895.000, 0.411	895.000, 0.408
896.000, 0.411	896.000, 0.482	896.000, 0.508	896.000, 0.397	896.000, 0.411	896.000, 0.408
897.000, 0.412	897.000, 0.483	897.000, 0.509	897.000, 0.397	897.000, 0.411	897.000, 0.410
898.000, 0.414	898.000, 0.483	898.000, 0.511	898.000, 0.399	898.000, 0.411	898.000, 0.412
899.000, 0.415	899.000, 0.483	899.000, 0.511	899.000, 0.399	899.000, 0.412	899.000, 0.410
900.000, 0.415	900.000, 0.484	900.000, 0.512	900.000, 0.399	900.000, 0.412	900.000, 0.409
901.000, 0.414	901.000, 0.486	901.000, 0.512	901.000, 0.400	901.000, 0.413	901.000, 0.411
902.000, 0.416	902.000, 0.487	902.000, 0.515	902.000, 0.403	902.000, 0.414	902.000, 0.413
903.000, 0.419	903.000, 0.487	903.000, 0.518	903.000, 0.405	903.000, 0.416	903.000, 0.415
904.000, 0.420	904.000, 0.489	904.000, 0.520	904.000, 0.404	904.000, 0.417	904.000, 0.414
905.000, 0.420	905.000, 0.490	905.000, 0.520	905.000, 0.404	905.000, 0.416	905.000, 0.414
906.000, 0.418	906.000, 0.488	906.000, 0.518	906.000, 0.403	906.000, 0.414	906.000, 0.414
907.000, 0.416	907.000, 0.487	907.000, 0.517	907.000, 0.401	907.000, 0.415	907.000, 0.414
908.000, 0.416	908.000, 0.487	908.000, 0.517	908.000, 0.401	908.000, 0.415	908.000, 0.413
909.000, 0.420	909.000, 0.489	909.000, 0.519	909.000, 0.402	909.000, 0.414	909.000, 0.412
910.000, 0.422	910.000, 0.493	910.000, 0.521	910.000, 0.404	910.000, 0.416	910.000, 0.414
911.000, 0.423	911.000, 0.496	911.000, 0.523	911.000, 0.404	911.000, 0.419	911.000, 0.417
912.000, 0.424	912.000, 0.497	912.000, 0.523	912.000, 0.405	912.000, 0.419	912.000, 0.419
913.000, 0.424	913.000, 0.497	913.000, 0.523	913.000, 0.406	913.000, 0.419	913.000, 0.418
914.000, 0.425	914.000, 0.496	914.000, 0.523	914.000, 0.406	914.000, 0.420	914.000, 0.417
915.000, 0.426	915.000, 0.497	915.000, 0.524	915.000, 0.405	915.000, 0.420	915.000, 0.416
916.000, 0.428	916.000, 0.498	916.000, 0.526	916.000, 0.404	916.000, 0.421	916.000, 0.418
917.000, 0.431	917.000, 0.501	917.000, 0.528	917.000, 0.405	917.000, 0.423	917.000, 0.420
918.000, 0.430	918.000, 0.500	918.000, 0.528	918.000, 0.407	918.000, 0.422	918.000, 0.420
919.000, 0.428	919.000, 0.499	919.000, 0.526	919.000, 0.409	919.000, 0.421	919.000, 0.420
920.000, 0.428	920.000, 0.501	920.000, 0.525	920.000, 0.410	920.000, 0.421	920.000, 0.421
921.000, 0.427	921.000, 0.501	921.000, 0.526	921.000, 0.408	921.000, 0.421	921.000, 0.420
922.000, 0.426	922.000, 0.501	922.000, 0.530	922.000, 0.407	922.000, 0.421	922.000, 0.419
923.000, 0.429	923.000, 0.503	923.000, 0.531	923.000, 0.409	923.000, 0.420	923.000, 0.420
924.000, 0.432	924.000, 0.505	924.000, 0.534	924.000, 0.411	924.000, 0.423	924.000, 0.421
925.000, 0.434	925.000, 0.505	925.000, 0.537	925.000, 0.410	925.000, 0.427	925.000, 0.421
926.000, 0.431	926.000, 0.501	926.000, 0.533	926.000, 0.407	926.000, 0.422	926.000, 0.421
927.000, 0.430	927.000, 0.499	927.000, 0.531	927.000, 0.406	927.000, 0.418	927.000, 0.421
928.000, 0.435	928.000, 0.502	928.000, 0.535	928.000, 0.408	928.000, 0.420	928.000, 0.419
929.000, 0.432	929.000, 0.502	929.000, 0.532	929.000, 0.407	929.000, 0.422	929.000, 0.416
930.000, 0.427	930.000, 0.501	930.000, 0.529	930.000, 0.404	930.000, 0.423	930.000, 0.414
931.000, 0.433	931.000, 0.503	931.000, 0.536	931.000, 0.406	931.000, 0.421	931.000, 0.417
932.000, 0.437	932.000, 0.508	932.000, 0.539	932.000, 0.409	932.000, 0.422	932.000, 0.421
933.000, 0.436	933.000, 0.512	933.000, 0.537	933.000, 0.411	933.000, 0.424	933.000, 0.422
934.000, 0.435	934.000, 0.508	934.000, 0.534	934.000, 0.401	934.000, 0.418	934.000, 0.411
935.000, 0.437	935.000, 0.505	935.000, 0.537	935.000, 0.399	935.000, 0.417	935.000, 0.410
936.000, 0.442	936.000, 0.506	936.000, 0.543	936.000, 0.408	936.000, 0.422	936.000, 0.421
937.000, 0.435	937.000, 0.500	937.000, 0.542	937.000, 0.402	937.000, 0.421	937.000, 0.411
938.000, 0.431	938.000, 0.501	938.000, 0.542	938.000, 0.399	938.000, 0.421	938.000, 0.405
939.000, 0.436	939.000, 0.515	939.000, 0.547	939.000, 0.407	939.000, 0.426	939.000, 0.417
940.000, 0.443	940.000, 0.519	940.000, 0.551	940.000, 0.415	940.000, 0.428	940.000, 0.428
941.000, 0.446	941.000, 0.517	941.000, 0.553	941.000, 0.417	941.000, 0.427	941.000, 0.433
942.000, 0.443	942.000, 0.518	942.000, 0.552	942.000, 0.410	942.000, 0.424	942.000, 0.428
943.000, 0.438	943.000, 0.517	943.000, 0.550	943.000, 0.406	943.000, 0.423	943.000, 0.422
944.000, 0.434	944.000, 0.514	944.000, 0.547	944.000, 0.406	944.000, 0.424	944.000, 0.418
945.000, 0.434	945.000, 0.511	945.000, 0.538	945.000, 0.402	945.000, 0.418	945.000, 0.417
946.000, 0.434	946.000, 0.512	946.000, 0.538	946.000, 0.402	946.000, 0.418	946.000, 0.416
947.000, 0.435	947.000, 0.519	947.000, 0.548	947.000, 0.408	947.000, 0.426	947.000, 0.416
948.000, 0.440	948.000, 0.522	948.000, 0.548	948.000, 0.409	948.000, 0.427	948.000, 0.424
949.000, 0.445	949.000, 0.521	949.000, 0.544	949.000, 0.407	949.000, 0.427	949.000, 0.431
950.000, 0.444	950.000, 0.518	950.000, 0.543	950.000, 0.405	950.000, 0.433	950.000, 0.428
951.000, 0.444	951.000, 0.520	951.000, 0.545	951.000, 0.406	951.000, 0.428	951.000, 0.430
952.000, 0.444	952.000, 0.525	952.000, 0.547	952.000, 0.407	952.000, 0.420	952.000, 0.433
953.000, 0.447	953.000, 0.523	953.000, 0.551	953.000, 0.405	953.000, 0.423	953.000, 0.425
954.000, 0.444	954.000, 0.521	954.000, 0.551	954.000, 0.405	954.000, 0.428	954.000, 0.423
955.000, 0.437	955.000, 0.519	955.000, 0.547	955.000, 0.407	955.000, 0.431	955.000, 0.426
956.000, 0.441	956.000, 0.517	956.000, 0.549	956.000, 0.409	956.000, 0.431	956.000, 0.423
957.000, 0.449	957.000, 0.520	957.000, 0.551	957.000, 0.411	957.000, 0.431	957.000, 0.422
958.000, 0.455	958.000, 0.529	958.000, 0.553	958.000, 0.414	958.000, 0.431	958.000, 0.427
959.000, 0.458	959.000, 0.528	959.000, 0.561	959.000, 0.419	959.000, 0.431	959.000, 0.432
960.000, 0.456	960.000, 0.523	960.000, 0.567	960.000, 0.420	960.000, 0.432	960.000, 0.434
961.000, 0.451	961.000, 0.527	961.000, 0.563	961.000, 0.413	961.000, 0.437	961.000, 0.429
962.000, 0.448	962.000, 0.530	962.000, 0.560	962.000, 0.413	962.000, 0.437	962.000, 0.424
963.000, 0.450	963.000, 0.530	963.000, 0.560	963.000, 0.417	963.000, 0.433	963.000, 0.422
964.000, 0.453	964.000, 0.529	964.000, 0.559	964.000, 0.414	964.000, 0.428	964.000, 0.422
965.000, 0.454	965.000, 0.529	965.000, 0.560	965.000, 0.414	965.000, 0.428	965.000, 0.425
966.000, 0.453	966.000, 0.529	966.000, 0.562	966.000, 0.417	966.000, 0.433	966.000, 0.431
967.000, 0.451	967.000, 0.527	967.000, 0.560	967.000, 0.416	967.000, 0.433	967.000, 0.428
968.000, 0.452	968.000, 0.529	968.000, 0.559	968.000, 0.415	968.000, 0.433	968.000, 0.426
969.000, 0.458	969.000, 0.537	969.000, 0.564	969.000, 0.417	969.000, 0.437	969.000, 0.433
970.000, 0.463	970.000, 0.538	970.000, 0.569	970.000, 0.421	970.000, 0.440	970.000, 0.437
971.000, 0.462	971.000, 0.534	971.000, 0.571	971.000, 0.422	971.000, 0.439	971.000, 0.437
972.000, 0.455	972.000, 0.531	972.000, 0.562	972.000, 0.417	972.000, 0.432	972.000, 0.430
973.000, 0.444	973.000, 0.528	973.000, 0.555	973.000, 0.414	973.000, 0.428	973.000, 0.425
974.000, 0.437	974.000, 0.526	974.000, 0.553	974.000, 0.414	974.000, 0.428	974.000, 0.427
975.000, 0.448	975.000, 0.526	975.000, 0.557	975.000, 0.416	975.000, 0.429	975.000, 0.430
976.000, 0.459	976.000, 0.529	976.000, 0.564	976.000, 0.419	976.000, 0.434	976.000, 0.434
977.000, 0.460	977.000, 0.536	977.000, 0.569	977.000, 0.419	977.000, 0.443	977.000, 0.436
978.000, 0.462	978.000, 0.537	978.000, 0.567	978.000, 0.419	978.000, 0.440	978.000, 0.436
979.000, 0.464	979.000, 0.537	979.000, 0.564	979.000, 0.419	979.000, 0.436	979.000, 0.437
980.000, 0.464	980.000, 0.544	980.000, 0.568	980.000, 0.418	980.000, 0.443	980.000, 0.443
981.000, 0.466	981.000, 0.547	981.000, 0.576	981.000, 0.422	981.000, 0.446	981.000, 0.445
982.000, 0.465	982.000, 0.545	982.000, 0.580	982.000, 0.426	982.000, 0.443	982.000, 0.443
983.000, 0.453	983.000, 0.532	983.000, 0.567	983.000, 0.415	983.000, 0.432	983.000, 0.431
984.000, 0.449	984.000, 0.528	984.000, 0.558	984.000, 0.411	984.000, 0.429	984.000, 0.426
985.000, 0.458	985.000, 0.535	985.000, 0.560	985.000, 0.420	985.000, 0.436	985.000, 0.432
986.000, 0.460	986.000, 0.537	986.000, 0.561	986.000, 0.421	986.000, 0.433	986.000, 0.438
987.000, 0.459	987.000, 0.535	987.000, 0.564	987.000, 0.417	987.000, 0.430	987.000, 0.439
988.000, 0.458	988.000, 0.533	988.000, 0.573	988.000, 0.415	988.000, 0.436	988.000, 0.434
989.000, 0.466	989.000, 0.539	989.000, 0.580	989.000, 0.421	989.000, 0.439	989.000, 0.438
990.000, 0.473	990.000, 0.545	990.000, 0.580	990.000, 0.429	990.000, 0.439	990.000, 0.444
991.000, 0.465	991.000, 0.538	991.000, 0.567	991.000, 0.424	991.000, 0.431	991.000, 0.436
992.000, 0.456	992.000, 0.535	992.000, 0.563	992.000, 0.415	992.000, 0.430	992.000, 0.433
993.000, 0.452	993.000, 0.540	993.000, 0.570	993.000, 0.409	993.000, 0.436	993.000, 0.439
994.000, 0.460	994.000, 0.543	994.000, 0.575	994.000, 0.421	994.000, 0.439	994.000, 0.446
995.000, 0.465	995.000, 0.540	995.000, 0.574	995.000, 0.426	995.000, 0.438	995.000, 0.447
996.000, 0.461	996.000, 0.531	996.000, 0.565	996.000, 0.416	996.000, 0.434	996.000, 0.438
997.000, 0.458	997.000, 0.537	997.000, 0.570	997.000, 0.420	997.000, 0.441	997.000, 0.436
998.000, 0.460	998.000, 0.543	998.000, 0.577	998.000, 0.428	998.000, 0.448	998.000, 0.438
999.000, 0.464	999.000, 0.535	999.000, 0.570	999.000, 0.424	999.000, 0.440	999.000, 0.437
1000.000, 0.470	1000.000, 0.545	1000.000, 0.571	1000.000, 0.427	1000.000, 0.440	1000.000, 0.443
1001.000, 0.476	1001.000, 0.567	1001.000, 0.580	1001.000, 0.435	1001.000, 0.449	1001.000, 0.454
1002.000, 0.480	1002.000, 0.562	1002.000, 0.584	1002.000, 0.435	1002.000, 0.449	1002.000, 0.458
1003.000, 0.475	1003.000, 0.551	1003.000, 0.582	1003.000, 0.433	1003.000, 0.445	1003.000, 0.456
1004.000, 0.462	1004.000, 0.542	1004.000, 0.576	1004.000, 0.429	1004.000, 0.439	1004.000, 0.449
1005.000, 0.461	1005.000, 0.542	1005.000, 0.574	1005.000, 0.420	1005.000, 0.434	1005.000, 0.440
1006.000, 0.466	1006.000, 0.549	1006.000, 0.577	1006.000, 0.416	1006.000, 0.435	1006.000, 0.440
1007.000, 0.469	1007.000, 0.558	1007.000, 0.586	1007.000, 0.425	1007.000, 0.447	1007.000, 0.454
1008.000, 0.469	1008.000, 0.549	1008.000, 0.584	1008.000, 0.433	1008.000, 0.449	1008.000, 0.456
1009.000, 0.466	1009.000, 0.534	1009.000, 0.576	1009.000, 0.433	1009.000, 0.446	1009.000, 0.446
1010.000, 0.465	1010.000, 0.543	1010.000, 0.573	1010.000, 0.421	1010.000, 0.446	1010.000, 0.436
1011.000, 0.464	1011.000, 0.551	1011.000, 0.571	1011.000, 0.420	1011.000, 0.450	1011.000, 0.437
1012.000, 0.465	1012.000, 0.550	1012.000, 0.570	1012.000, 0.430	1012.000, 0.455	1012.000, 0.447
1013.000, 0.463	1013.000, 0.541	1013.000, 0.569	1013.000, 0.419	1013.000, 0.447	1013.000, 0.443
1014.000, 0.463	1014.000, 0.538	1014.000, 0.569	1014.000, 0.416	1014.000, 0.445	1014.000, 0.442
1015.000, 0.466	1015.000, 0.548	1015.000, 0.569	1015.000, 0.432	1015.000, 0.453	1015.000, 0.451
1016.000, 0.463	1016.000, 0.554	1016.000, 0.573	1016.000, 0.427	1016.000, 0.450	1016.000, 0.449
1017.000, 0.456	1017.000, 0.553	1017.000, 0.576	1017.000, 0.417	1017.000, 0.444	1017.000, 0.445
1018.000, 0.453	1018.000, 0.547	1018.000, 0.577	1018.000, 0.419	1018.000, 0.447	1018.000, 0.450
1019.000, 0.463	1019.000, 0.546	1019.000, 0.575	1019.000, 0.431	1019.000, 0.446	1019.000, 0.454
1020.000, 0.478	1020.000, 0.550	1020.000, 0.572	1020.000, 0.443	1020.000, 0.443	1020.000, 0.456
1021.000, 0.470	1021.000, 0.547	1021.000, 0.575	1021.000, 0.434	1021.000, 0.440	1021.000, 0.452
1022.000, 0.466	1022.000, 0.544	1022.000, 0.579	1022.000, 0.430	1022.000, 0.447	1022.000, 0.447
1023.000, 0.474	1023.000, 0.543	1023.000, 0.583	1023.000, 0.436	1023.000, 0.461	1023.000, 0.447
1024.000, 0.476	1024.000, 0.556	1024.000, 0.581	1024.000, 0.430	1024.000, 0.454	1024.000, 0.461
1025.000, 0.469	1025.000, 0.560	1025.000, 0.580	1025.000, 0.426	1025.000, 0.443	1025.000, 0.465
1026.000, 0.453	1026.000, 0.543	1026.000, 0.585	1026.000, 0.436	1026.000, 0.444	1026.000, 0.442
1027.000, 0.457	1027.000, 0.543	1027.000, 0.593	1027.000, 0.432	1027.000, 0.444	1027.000, 0.441
1028.000, 0.469	1028.000, 0.552	1028.000, 0.592	1028.000, 0.418	1028.000, 0.443	1028.000, 0.451
1029.000, 0.460	1029.000, 0.549	1029.000, 0.568	1029.000, 0.407	1029.000, 0.444	1029.000, 0.439
1030.000, 0.467	1030.000, 0.553	1030.000, 0.572	1030.000, 0.427	1030.000, 0.458	1030.000, 0.451
1031.000, 0.486	1031.000, 0.564	1031.000, 0.605	1031.000, 0.463	1031.000, 0.481	1031.000, 0.482
1032.000, 0.483	1032.000, 0.577	1032.000, 0.618	1032.000, 0.454	1032.000, 0.481	1032.000, 0.479
1033.000, 0.472	1033.000, 0.576	1033.000, 0.605	1033.000, 0.438	1033.000, 0.465	1033.000, 0.458
1034.000, 0.462	1034.000, 0.560	1034.000, 0.572	1034.000, 0.434	1034.000, 0.444	1034.000, 0.435
1035.000, 0.466	1035.000, 0.560	1035.000, 0.575	1035.000, 0.427	1035.000, 0.452	1035.000, 0.450
1036.000, 0.479	1036.000, 0.566	1036.000, 0.587	1036.000, 0.428	1036.000, 0.468	1036.000, 0.473
1037.000, 0.490	1037.000, 0.568	1037.000, 0.575	1037.000, 0.446	1037.000, 0.462	1037.000, 0.462
1038.000, 0.490	1038.000, 0.570	1038.000, 0.575	1038.000, 0.446	1038.000, 0.463	1038.000, 0.443
1039.000, 0.482	1039.000, 0.573	1039.000, 0.587	1039.000, 0.436	1039.000, 0.471	1039.000, 0.432
1040.000, 0.481	1040.000, 0.566	1040.000, 0.593	1040.000, 0.448	1040.000, 0.465	1040.000, 0.459
1041.000, 0.478	1041.000, 0.560	1041.000, 0.595	1041.000, 0.443	1041.000, 0.453	1041.000, 0.467
1042.000, 0.470	1042.000, 0.556	1042.000, 0.596	1042.000, 0.416	1042.000, 0.442	1042.000, 0.446
1043.000, 0.456	1043.000, 0.550	1043.000, 0.598	1043.000, 0.402	1043.000, 0.443	1043.000, 0.458
1044.000, 0.461	1044.000, 0.548	1044.000, 0.608	1044.000, 0.419	1044.000, 0.456	1044.000, 0.476
1045.000, 0.496	1045.000, 0.556	1045.000, 0.625	1045.000, 0.472	1045.000, 0.474	1045.000, 0.475
1046.000, 0.501	1046.000, 0.567	1046.000, 0.626	1046.000, 0.475	1046.000, 0.475	1046.000, 0.472
1047.000, 0.485	1047.000, 0.571	1047.000, 0.613	1047.000, 0.451	1047.000, 0.465	1047.000, 0.463
1048.000, 0.473	1048.000, 0.547	1048.000, 0.599	1048.000, 0.455	1048.000, 0.463	1048.000, 0.440
1049.000, 0.475	1049.000, 0.547	1049.000, 0.589	1049.000, 0.449	1049.000, 0.455	1049.000, 0.446
1050.000, 0.490	1050.000, 0.564	1050.000, 0.583	1050.000, 0.433	1050.000, 0.444	1050.000, 0.477
1051.000, 0.499	1051.000, 0.525	1051.000, 0.589	1051.000, 0.438	1051.000, 0.454	1051.000, 0.469
1052.000, 0.494	1052.000, 0.503	1052.000, 0.597	1052.000, 0.439	1052.000, 0.476	1052.000, 0.460
1053.000, 0.474	1053.000, 0.532	1053.000, 0.602	1053.000, 0.424	1053.000, 0.500	1053.000, 0.465
1054.000, 0.474	1054.000, 0.573	1054.000, 0.607	1054.000, 0.412	1054.000, 0.491	1054.000, 0.458
1055.000, 0.480	1055.000, 0.607	1055.000, 0.609	1055.000, 0.404	1055.000, 0.469	1055.000, 0.448
1056.000, 0.473	1056.000, 0.612	1056.000, 0.605	1056.000, 0.401	1056.000, 0.466	1056.000, 0.448
1057.000, 0.448	1057.000, 0.579	1057.000, 0.605	1057.000, 0.427	1057.000, 0.453	1057.000, 0.438
1058.000, 0.425	1058.000, 0.525	1058.000, 0.606	1058.000, 0.467	1058.000, 0.439	1058.000, 0.434
1059.000, 0.464	1059.000, 0.508	1059.000, 0.603	1059.000, 0.465	1059.000, 0.463	1059.000, 0.487
1060.000, 0.486	1060.000, 0.520	1060.000, 0.609	1060.000, 0.459	1060.000, 0.473	1060.000, 0.508
1061.000, 0.475	1061.000, 0.551	1061.000, 0.618	1061.000, 0.463	1061.000, 0.460	1061.000, 0.483
1062.000, 0.484	1062.000, 0.578	1062.000, 0.595	1062.000, 0.477	1062.000, 0.465	1062.000, 0.477
1063.000, 0.489	1063.000, 0.580	1063.000, 0.583	1063.000, 0.486	1063.000, 0.482	1063.000, 0.482
1064.000, 0.473	1064.000, 0.547	1064.000, 0.613	1064.000, 0.473	1064.000, 0.494	1064.000, 0.490
1065.000, 0.464	1065.000, 0.555	1065.000, 0.589	1065.000, 0.415	1065.000, 0.446	1065.000, 0.485
1066.000, 0.453	1066.000, 0.575	1066.000, 0.552	1066.000, 0.346	1066.000, 0.385	1066.000, 0.468
1067.000, 0.425	1067.000, 0.549	1067.000, 0.583	1067.000, 0.334	1067.000, 0.404	1067.000, 0.448
1068.000, 0.417	1068.000, 0.562	1068.000, 0.611	1068.000, 0.390	1068.000, 0.428	1068.000, 0.429
1069.000, 0.436	1069.000, 0.608	1069.000, 0.613	1069.000, 0.464	1069.000, 0.433	1069.000, 0.423
1070.000, 0.468	1070.000, 0.629	1070.000, 0.599	1070.000, 0.452	1070.000, 0.428	1070.000, 0.442
1071.000, 0.473	1071.000, 0.606	1071.000, 0.568	1071.000, 0.422	1071.000, 0.432	1071.000, 0.445
1072.000, 0.445	1072.000, 0.546	1072.000, 0.543	1072.000, 0.408	1072.000, 0.453	1072.000, 0.423
1073.000, 0.459	1073.000, 0.543	1073.000, 0.620	1073.000, 0.416	1073.000, 0.502	1073.000, 0.444
1074.000, 0.471	1074.000, 0.544	1074.000, 0.686	1074.000, 0.416	1074.000, 0.512	1074.000, 0.469
1075.000, 0.426	1075.000, 0.491	1075.000, 0.601	1075.000, 0.382	1075.000, 0.414	1075.000, 0.451
