325.000, 0.232	325.000, 0.238	325.000, 0.235	325.000, 0.222	325.000, 0.234
326.000, 0.235	326.000, 0.242	326.000, 0.238	326.000, 0.226	326.000, 0.234
327.000, 0.243	327.000, 0.244	327.000, 0.242	327.000, 0.232	327.000, 0.237
328.000, 0.246	328.000, 0.246	328.000, 0.246	328.000, 0.235	328.000, 0.242
329.000, 0.245	329.000, 0.244	329.000, 0.247	329.000, 0.237	329.000, 0.244
330.000, 0.241	330.000, 0.242	330.000, 0.246	330.000, 0.238	330.000, 0.243
331.000, 0.242	331.000, 0.243	331.000, 0.243	331.000, 0.236	331.000, 0.239
332.000, 0.246	332.000, 0.245	332.000, 0.243	332.000, 0.238	332.000, 0.240
333.000, 0.249	333.000, 0.248	333.000, 0.247	333.000, 0.244	333.000, 0.246
334.000, 0.247	334.000, 0.249	334.000, 0.246	334.000, 0.247	334.000, 0.248
335.000, 0.247	335.000, 0.250	335.000, 0.247	335.000, 0.248	335.000, 0.249
336.000, 0.252	336.000, 0.253	336.000, 0.252	336.000, 0.248	336.000, 0.251
337.000, 0.255	337.000, 0.255	337.000, 0.254	337.000, 0.248	337.000, 0.252
338.000, 0.256	338.000, 0.256	338.000, 0.252	338.000, 0.247	338.000, 0.250
339.000, 0.254	339.000, 0.252	339.000, 0.252	339.000, 0.249	339.000, 0.249
340.000, 0.254	340.000, 0.252	340.000, 0.253	340.000, 0.250	340.000, 0.251
341.000, 0.257	341.000, 0.256	341.000, 0.256	341.000, 0.251	341.000, 0.255
342.000, 0.258	342.000, 0.257	342.000, 0.257	342.000, 0.255	342.000, 0.256
343.000, 0.258	343.000, 0.258	343.000, 0.257	343.000, 0.257	343.000, 0.257
344.000, 0.260	344.000, 0.259	344.000, 0.258	344.000, 0.256	344.000, 0.257
345.000, 0.260	345.000, 0.260	345.000, 0.259	345.000, 0.256	345.000, 0.257
346.000, 0.260	346.000, 0.261	346.000, 0.262	346.000, 0.258	346.000, 0.258
347.000, 0.263	347.000, 0.264	347.000, 0.264	347.000, 0.260	347.000, 0.261
348.000, 0.266	348.000, 0.266	348.000, 0.265	348.000, 0.261	348.000, 0.264
349.000, 0.269	349.000, 0.266	349.000, 0.265	349.000, 0.263	349.000, 0.265
350.000, 0.269	350.000, 0.269	350.000, 0.267	350.000, 0.266	350.000, 0.265
351.000, 0.270	351.000, 0.271	351.000, 0.269	351.000, 0.268	351.000, 0.267
352.000, 0.271	352.000, 0.271	352.000, 0.271	352.000, 0.268	352.000, 0.268
353.000, 0.271	353.000, 0.271	353.000, 0.273	353.000, 0.270	353.000, 0.270
354.000, 0.272	354.000, 0.272	354.000, 0.273	354.000, 0.271	354.000, 0.271
355.000, 0.274	355.000, 0.274	355.000, 0.273	355.000, 0.272	355.000, 0.272
356.000, 0.274	356.000, 0.275	356.000, 0.275	356.000, 0.272	356.000, 0.273
357.000, 0.275	357.000, 0.276	357.000, 0.277	357.000, 0.273	357.000, 0.275
358.000, 0.277	358.000, 0.278	358.000, 0.277	358.000, 0.275	358.000, 0.275
359.000, 0.279	359.000, 0.279	359.000, 0.278	359.000, 0.277	359.000, 0.276
360.000, 0.280	360.000, 0.281	360.000, 0.280	360.000, 0.278	360.000, 0.279
361.000, 0.282	361.000, 0.283	361.000, 0.282	361.000, 0.279	361.000, 0.280
362.000, 0.284	362.000, 0.285	362.000, 0.284	362.000, 0.280	362.000, 0.281
363.000, 0.284	363.000, 0.285	363.000, 0.285	363.000, 0.282	363.000, 0.282
364.000, 0.285	364.000, 0.285	364.000, 0.285	364.000, 0.283	364.000, 0.283
365.000, 0.287	365.000, 0.287	365.000, 0.286	365.000, 0.284	365.000, 0.285
366.000, 0.289	366.000, 0.289	366.000, 0.287	366.000, 0.286	366.000, 0.287
367.000, 0.290	367.000, 0.290	367.000, 0.289	367.000, 0.287	367.000, 0.288
368.000, 0.290	368.000, 0.291	368.000, 0.291	368.000, 0.288	368.000, 0.288
369.000, 0.291	369.000, 0.292	369.000, 0.292	369.000, 0.290	369.000, 0.290
370.000, 0.293	370.000, 0.293	370.000, 0.293	370.000, 0.290	370.000, 0.292
371.000, 0.294	371.000, 0.294	371.000, 0.293	371.000, 0.291	371.000, 0.293
372.000, 0.296	372.000, 0.296	372.000, 0.295	372.000, 0.293	372.000, 0.293
373.000, 0.297	373.000, 0.297	373.000, 0.296	373.000, 0.295	373.000, 0.295
374.000, 0.299	374.000, 0.299	374.000, 0.297	374.000, 0.296	374.000, 0.297
375.000, 0.301	375.000, 0.301	375.000, 0.299	375.000, 0.297	375.000, 0.299
376.000, 0.303	376.000, 0.303	376.000, 0.302	376.000, 0.299	376.000, 0.301
377.000, 0.304	377.000, 0.305	377.000, 0.304	377.000, 0.302	377.000, 0.302
378.000, 0.305	378.000, 0.307	378.000, 0.306	378.000, 0.304	378.000, 0.304
379.000, 0.308	379.000, 0.308	379.000, 0.307	379.000, 0.305	379.000, 0.306
380.000, 0.309	380.000, 0.309	380.000, 0.308	380.000, 0.307	380.000, 0.306
381.000, 0.310	381.000, 0.310	381.000, 0.309	381.000, 0.308	381.000, 0.308
382.000, 0.312	382.000, 0.312	382.000, 0.311	382.000, 0.310	382.000, 0.311
383.000, 0.314	383.000, 0.314	383.000, 0.314	383.000, 0.311	383.000, 0.313
384.000, 0.317	384.000, 0.317	384.000, 0.316	384.000, 0.313	384.000, 0.314
385.000, 0.319	385.000, 0.319	385.000, 0.318	385.000, 0.316	385.000, 0.317
386.000, 0.322	386.000, 0.322	386.000, 0.321	386.000, 0.319	386.000, 0.320
387.000, 0.324	387.000, 0.326	387.000, 0.323	387.000, 0.321	387.000, 0.322
388.000, 0.326	388.000, 0.328	388.000, 0.324	388.000, 0.322	388.000, 0.323
389.000, 0.328	389.000, 0.329	389.000, 0.327	389.000, 0.325	389.000, 0.325
390.000, 0.330	390.000, 0.330	390.000, 0.330	390.000, 0.328	390.000, 0.327
391.000, 0.331	391.000, 0.331	391.000, 0.331	391.000, 0.330	391.000, 0.329
392.000, 0.333	392.000, 0.333	392.000, 0.332	392.000, 0.331	392.000, 0.331
393.000, 0.335	393.000, 0.335	393.000, 0.335	393.000, 0.333	393.000, 0.334
394.000, 0.338	394.000, 0.338	394.000, 0.337	394.000, 0.334	394.000, 0.335
395.000, 0.339	395.000, 0.339	395.000, 0.339	395.000, 0.336	395.000, 0.336
396.000, 0.340	396.000, 0.340	396.000, 0.340	396.000, 0.338	396.000, 0.338
397.000, 0.343	397.000, 0.342	397.000, 0.342	397.000, 0.340	397.000, 0.341
398.000, 0.345	398.000, 0.345	398.000, 0.345	398.000, 0.343	398.000, 0.343
399.000, 0.346	399.000, 0.346	399.000, 0.345	399.000, 0.344	399.000, 0.344
400.000, 0.347	400.000, 0.348	400.000, 0.346	400.000, 0.345	400.000, 0.345
401.000, 0.349	401.000, 0.350	401.000, 0.349	401.000, 0.347	401.000, 0.347
402.000, 0.351	402.000, 0.351	402.000, 0.350	402.000, 0.348	402.000, 0.349
403.000, 0.352	403.000, 0.352	403.000, 0.351	403.000, 0.349	403.000, 0.350
404.000, 0.353	404.000, 0.353	404.000, 0.353	404.000, 0.351	404.000, 0.351
405.000, 0.355	405.000, 0.355	405.000, 0.354	405.000, 0.352	405.000, 0.353
406.000, 0.356	406.000, 0.357	406.000, 0.356	406.000, 0.353	406.000, 0.355
407.000, 0.357	407.000, 0.358	407.000, 0.357	407.000, 0.354	407.000, 0.355
408.000, 0.359	408.000, 0.359	408.000, 0.358	408.000, 0.356	408.000, 0.357
409.000, 0.360	409.000, 0.361	409.000, 0.360	409.000, 0.358	409.000, 0.359
410.000, 0.362	410.000, 0.362	410.000, 0.361	410.000, 0.359	410.000, 0.360
411.000, 0.363	411.000, 0.363	411.000, 0.362	411.000, 0.360	411.000, 0.361
412.000, 0.365	412.000, 0.365	412.000, 0.364	412.000, 0.362	412.000, 0.363
413.000, 0.366	413.000, 0.366	413.000, 0.365	413.000, 0.363	413.000, 0.364
414.000, 0.367	414.000, 0.367	414.000, 0.366	414.000, 0.365	414.000, 0.365
415.000, 0.369	415.000, 0.369	415.000, 0.368	415.000, 0.366	415.000, 0.367
416.000, 0.370	416.000, 0.370	416.000, 0.369	416.000, 0.367	416.000, 0.368
417.000, 0.372	417.000, 0.372	417.000, 0.370	417.000, 0.369	417.000, 0.369
418.000, 0.373	418.000, 0.373	418.000, 0.372	418.000, 0.371	418.000, 0.371
419.000, 0.374	419.000, 0.374	419.000, 0.373	419.000, 0.371	419.000, 0.372
420.000, 0.375	420.000, 0.375	420.000, 0.374	420.000, 0.372	420.000, 0.373
421.000, 0.376	421.000, 0.377	421.000, 0.375	421.000, 0.374	421.000, 0.375
422.000, 0.378	422.000, 0.378	422.000, 0.377	422.000, 0.375	422.000, 0.376
423.000, 0.379	423.000, 0.380	423.000, 0.379	423.000, 0.377	423.000, 0.378
424.000, 0.381	424.000, 0.381	424.000, 0.380	424.000, 0.379	424.000, 0.379
425.000, 0.383	425.000, 0.383	425.000, 0.381	425.000, 0.380	425.000, 0.381
426.000, 0.383	426.000, 0.384	426.000, 0.383	426.000, 0.381	426.000, 0.382
427.000, 0.385	427.000, 0.385	427.000, 0.384	427.000, 0.382	427.000, 0.383
428.000, 0.387	428.000, 0.387	428.000, 0.386	428.000, 0.384	428.000, 0.385
429.000, 0.388	429.000, 0.389	429.000, 0.387	429.000, 0.386	429.000, 0.386
430.000, 0.389	430.000, 0.390	430.000, 0.389	430.000, 0.387	430.000, 0.388
431.000, 0.391	431.000, 0.392	431.000, 0.391	431.000, 0.389	431.000, 0.389
432.000, 0.393	432.000, 0.393	432.000, 0.392	432.000, 0.390	432.000, 0.391
433.000, 0.394	433.000, 0.395	433.000, 0.393	433.000, 0.392	433.000, 0.392
434.000, 0.396	434.000, 0.396	434.000, 0.395	434.000, 0.394	434.000, 0.394
435.000, 0.398	435.000, 0.398	435.000, 0.397	435.000, 0.395	435.000, 0.396
436.000, 0.399	436.000, 0.399	436.000, 0.398	436.000, 0.397	436.000, 0.397
437.000, 0.401	437.000, 0.401	437.000, 0.400	437.000, 0.398	437.000, 0.399
438.000, 0.402	438.000, 0.402	438.000, 0.401	438.000, 0.400	438.000, 0.400
439.000, 0.404	439.000, 0.404	439.000, 0.402	439.000, 0.401	439.000, 0.402
440.000, 0.405	440.000, 0.405	440.000, 0.404	440.000, 0.403	440.000, 0.403
441.000, 0.407	441.000, 0.407	441.000, 0.405	441.000, 0.404	441.000, 0.405
442.000, 0.408	442.000, 0.408	442.000, 0.407	442.000, 0.406	442.000, 0.406
443.000, 0.409	443.000, 0.410	443.000, 0.409	443.000, 0.407	443.000, 0.408
444.000, 0.411	444.000, 0.411	444.000, 0.410	444.000, 0.408	444.000, 0.409
445.000, 0.412	445.000, 0.413	445.000, 0.411	445.000, 0.410	445.000, 0.411
446.000, 0.414	446.000, 0.414	446.000, 0.412	446.000, 0.411	446.000, 0.412
447.000, 0.415	447.000, 0.415	447.000, 0.414	447.000, 0.413	447.000, 0.413
448.000, 0.416	448.000, 0.417	448.000, 0.415	448.000, 0.414	448.000, 0.414
449.000, 0.417	449.000, 0.418	449.000, 0.417	449.000, 0.415	449.000, 0.416
450.000, 0.419	450.000, 0.419	450.000, 0.418	450.000, 0.417	450.000, 0.417
451.000, 0.420	451.000, 0.420	451.000, 0.419	451.000, 0.418	451.000, 0.418
452.000, 0.421	452.000, 0.421	452.000, 0.420	452.000, 0.419	452.000, 0.419
453.000, 0.422	453.000, 0.422	453.000, 0.421	453.000, 0.420	453.000, 0.420
454.000, 0.423	454.000, 0.423	454.000, 0.422	454.000, 0.421	454.000, 0.422
455.000, 0.424	455.000, 0.424	455.000, 0.424	455.000, 0.422	455.000, 0.423
456.000, 0.425	456.000, 0.425	456.000, 0.424	456.000, 0.423	456.000, 0.423
457.000, 0.426	457.000, 0.427	457.000, 0.425	457.000, 0.424	457.000, 0.424
458.000, 0.427	458.000, 0.428	458.000, 0.426	458.000, 0.425	458.000, 0.426
459.000, 0.428	459.000, 0.428	459.000, 0.427	459.000, 0.425	459.000, 0.426
460.000, 0.429	460.000, 0.429	460.000, 0.428	460.000, 0.426	460.000, 0.427
461.000, 0.429	461.000, 0.430	461.000, 0.429	461.000, 0.427	461.000, 0.427
462.000, 0.430	462.000, 0.431	462.000, 0.429	462.000, 0.428	462.000, 0.428
463.000, 0.431	463.000, 0.432	463.000, 0.430	463.000, 0.429	463.000, 0.430
464.000, 0.432	464.000, 0.432	464.000, 0.431	464.000, 0.429	464.000, 0.430
465.000, 0.432	465.000, 0.433	465.000, 0.431	465.000, 0.430	465.000, 0.431
466.000, 0.433	466.000, 0.434	466.000, 0.432	466.000, 0.431	466.000, 0.432
467.000, 0.434	467.000, 0.434	467.000, 0.433	467.000, 0.431	467.000, 0.432
468.000, 0.435	468.000, 0.435	468.000, 0.434	468.000, 0.432	468.000, 0.433
469.000, 0.435	469.000, 0.436	469.000, 0.434	469.000, 0.433	469.000, 0.434
470.000, 0.436	470.000, 0.437	470.000, 0.435	470.000, 0.434	470.000, 0.435
471.000, 0.437	471.000, 0.438	471.000, 0.436	471.000, 0.435	471.000, 0.436
472.000, 0.438	472.000, 0.438	472.000, 0.437	472.000, 0.435	472.000, 0.436
473.000, 0.438	473.000, 0.439	473.000, 0.437	473.000, 0.436	473.000, 0.437
474.000, 0.439	474.000, 0.440	474.000, 0.438	474.000, 0.437	474.000, 0.438
475.000, 0.440	475.000, 0.440	475.000, 0.439	475.000, 0.438	475.000, 0.439
476.000, 0.441	476.000, 0.441	476.000, 0.440	476.000, 0.438	476.000, 0.439
477.000, 0.442	477.000, 0.442	477.000, 0.441	477.000, 0.439	477.000, 0.440
478.000, 0.442	478.000, 0.443	478.000, 0.441	478.000, 0.440	478.000, 0.441
479.000, 0.443	479.000, 0.443	479.000, 0.442	479.000, 0.441	479.000, 0.442
480.000, 0.444	480.000, 0.444	480.000, 0.443	480.000, 0.442	480.000, 0.442
481.000, 0.445	481.000, 0.445	481.000, 0.444	481.000, 0.442	481.000, 0.443
482.000, 0.445	482.000, 0.446	482.000, 0.444	482.000, 0.443	482.000, 0.443
483.000, 0.446	483.000, 0.447	483.000, 0.445	483.000, 0.444	483.000, 0.444
484.000, 0.447	484.000, 0.448	484.000, 0.446	484.000, 0.445	484.000, 0.445
485.000, 0.448	485.000, 0.448	485.000, 0.447	485.000, 0.446	485.000, 0.446
486.000, 0.449	486.000, 0.450	486.000, 0.448	486.000, 0.447	486.000, 0.447
487.000, 0.450	487.000, 0.451	487.000, 0.449	487.000, 0.448	487.000, 0.448
488.000, 0.451	488.000, 0.452	488.000, 0.450	488.000, 0.449	488.000, 0.449
489.000, 0.452	489.000, 0.452	489.000, 0.451	489.000, 0.450	489.000, 0.450
490.000, 0.453	490.000, 0.453	490.000, 0.452	490.000, 0.450	490.000, 0.451
491.000, 0.454	491.000, 0.454	491.000, 0.453	491.000, 0.451	491.000, 0.452
492.000, 0.455	492.000, 0.456	492.000, 0.454	492.000, 0.452	492.000, 0.453
493.000, 0.456	493.000, 0.457	493.000, 0.455	493.000, 0.454	493.000, 0.454
494.000, 0.457	494.000, 0.458	494.000, 0.456	494.000, 0.455	494.000, 0.455
495.000, 0.458	495.000, 0.459	495.000, 0.457	495.000, 0.456	495.000, 0.456
496.000, 0.460	496.000, 0.460	496.000, 0.458	496.000, 0.457	496.000, 0.457
497.000, 0.460	497.000, 0.461	497.000, 0.459	497.000, 0.458	497.000, 0.458
498.000, 0.461	498.000, 0.462	498.000, 0.460	498.000, 0.459	498.000, 0.459
499.000, 0.462	499.000, 0.463	499.000, 0.461	499.000, 0.460	499.000, 0.460
500.000, 0.464	500.000, 0.464	500.000, 0.463	500.000, 0.461	500.000, 0.462
501.000, 0.465	501.000, 0.465	501.000, 0.464	501.000, 0.462	501.000, 0.463
502.000, 0.466	502.000, 0.466	502.000, 0.465	502.000, 0.464	502.000, 0.464
503.000, 0.467	503.000, 0.467	503.000, 0.466	503.000, 0.465	503.000, 0.465
504.000, 0.468	504.000, 0.468	504.000, 0.468	504.000, 0.466	504.000, 0.466
505.000, 0.470	505.000, 0.470	505.000, 0.469	505.000, 0.467	505.000, 0.468
506.000, 0.471	506.000, 0.471	506.000, 0.470	506.000, 0.468	506.000, 0.469
507.000, 0.472	507.000, 0.472	507.000, 0.471	507.000, 0.469	507.000, 0.470
508.000, 0.473	508.000, 0.473	508.000, 0.472	508.000, 0.470	508.000, 0.471
509.000, 0.474	509.000, 0.475	509.000, 0.473	509.000, 0.471	509.000, 0.472
510.000, 0.475	510.000, 0.476	510.000, 0.474	510.000, 0.472	510.000, 0.474
511.000, 0.476	511.000, 0.477	511.000, 0.475	511.000, 0.474	511.000, 0.475
512.000, 0.478	512.000, 0.478	512.000, 0.477	512.000, 0.475	512.000, 0.476
513.000, 0.479	513.000, 0.479	513.000, 0.478	513.000, 0.476	513.000, 0.477
514.000, 0.480	514.000, 0.480	514.000, 0.479	514.000, 0.477	514.000, 0.478
515.000, 0.481	515.000, 0.481	515.000, 0.480	515.000, 0.479	515.000, 0.479
516.000, 0.482	516.000, 0.483	516.000, 0.481	516.000, 0.480	516.000, 0.480
517.000, 0.484	517.000, 0.484	517.000, 0.482	517.000, 0.481	517.000, 0.482
518.000, 0.485	518.000, 0.485	518.000, 0.483	518.000, 0.483	518.000, 0.483
519.000, 0.486	519.000, 0.486	519.000, 0.485	519.000, 0.484	519.000, 0.485
520.000, 0.488	520.000, 0.488	520.000, 0.487	520.000, 0.485	520.000, 0.486
521.000, 0.489	521.000, 0.489	521.000, 0.488	521.000, 0.486	521.000, 0.487
522.000, 0.490	522.000, 0.490	522.000, 0.489	522.000, 0.488	522.000, 0.488
523.000, 0.491	523.000, 0.491	523.000, 0.490	523.000, 0.489	523.000, 0.489
524.000, 0.492	524.000, 0.492	524.000, 0.491	524.000, 0.490	524.000, 0.490
525.000, 0.493	525.000, 0.493	525.000, 0.492	525.000, 0.491	525.000, 0.491
526.000, 0.495	526.000, 0.494	526.000, 0.494	526.000, 0.492	526.000, 0.492
527.000, 0.496	527.000, 0.496	527.000, 0.495	527.000, 0.493	527.000, 0.494
528.000, 0.497	528.000, 0.497	528.000, 0.496	528.000, 0.495	528.000, 0.495
529.000, 0.498	529.000, 0.498	529.000, 0.497	529.000, 0.496	529.000, 0.496
530.000, 0.500	530.000, 0.500	530.000, 0.499	530.000, 0.497	530.000, 0.498
531.000, 0.501	531.000, 0.501	531.000, 0.500	531.000, 0.498	531.000, 0.499
532.000, 0.502	532.000, 0.502	532.000, 0.501	532.000, 0.499	532.000, 0.500
533.000, 0.503	533.000, 0.503	533.000, 0.502	533.000, 0.501	533.000, 0.501
534.000, 0.504	534.000, 0.504	534.000, 0.503	534.000, 0.502	534.000, 0.502
535.000, 0.506	535.000, 0.505	535.000, 0.504	535.000, 0.503	535.000, 0.504
536.000, 0.507	536.000, 0.507	536.000, 0.506	536.000, 0.504	536.000, 0.505
537.000, 0.508	537.000, 0.508	537.000, 0.507	537.000, 0.505	537.000, 0.506
538.000, 0.509	538.000, 0.509	538.000, 0.508	538.000, 0.506	538.000, 0.507
539.000, 0.510	539.000, 0.510	539.000, 0.509	539.000, 0.507	539.000, 0.508
540.000, 0.511	540.000, 0.511	540.000, 0.510	540.000, 0.508	540.000, 0.509
541.000, 0.512	541.000, 0.512	541.000, 0.511	541.000, 0.510	541.000, 0.510
542.000, 0.513	542.000, 0.513	542.000, 0.512	542.000, 0.511	542.000, 0.511
543.000, 0.514	543.000, 0.514	543.000, 0.514	543.000, 0.512	543.000, 0.512
544.000, 0.516	544.000, 0.516	544.000, 0.515	544.000, 0.513	544.000, 0.514
545.000, 0.517	545.000, 0.517	545.000, 0.516	545.000, 0.514	545.000, 0.515
546.000, 0.518	546.000, 0.518	546.000, 0.517	546.000, 0.516	546.000, 0.516
547.000, 0.519	547.000, 0.519	547.000, 0.518	547.000, 0.517	547.000, 0.517
548.000, 0.520	548.000, 0.520	548.000, 0.519	548.000, 0.518	548.000, 0.518
549.000, 0.521	549.000, 0.521	549.000, 0.520	549.000, 0.519	549.000, 0.519
550.000, 0.522	550.000, 0.522	550.000, 0.521	550.000, 0.520	550.000, 0.520
551.000, 0.523	551.000, 0.523	551.000, 0.522	551.000, 0.521	551.000, 0.521
552.000, 0.524	552.000, 0.524	552.000, 0.523	552.000, 0.522	552.000, 0.522
553.000, 0.525	553.000, 0.525	553.000, 0.524	553.000, 0.523	553.000, 0.523
554.000, 0.526	554.000, 0.526	554.000, 0.525	554.000, 0.524	554.000, 0.524
555.000, 0.527	555.000, 0.527	555.000, 0.526	555.000, 0.525	555.000, 0.525
556.000, 0.528	556.000, 0.528	556.000, 0.527	556.000, 0.526	556.000, 0.526
557.000, 0.529	557.000, 0.529	557.000, 0.528	557.000, 0.527	557.000, 0.527
558.000, 0.530	558.000, 0.530	558.000, 0.529	558.000, 0.528	558.000, 0.528
559.000, 0.531	559.000, 0.531	559.000, 0.530	559.000, 0.529	559.000, 0.529
560.000, 0.532	560.000, 0.532	560.000, 0.531	560.000, 0.530	560.000, 0.530
561.000, 0.533	561.000, 0.533	561.000, 0.532	561.000, 0.531	561.000, 0.531
562.000, 0.534	562.000, 0.534	562.000, 0.533	562.000, 0.532	562.000, 0.532
563.000, 0.535	563.000, 0.535	563.000, 0.534	563.000, 0.533	563.000, 0.533
564.000, 0.536	564.000, 0.536	564.000, 0.535	564.000, 0.534	564.000, 0.534
565.000, 0.536	565.000, 0.537	565.000, 0.536	565.000, 0.534	565.000, 0.535
566.000, 0.537	566.000, 0.538	566.000, 0.536	566.000, 0.535	566.000, 0.535
567.000, 0.538	567.000, 0.538	567.000, 0.537	567.000, 0.536	567.000, 0.536
568.000, 0.539	568.000, 0.539	568.000, 0.538	568.000, 0.537	568.000, 0.537
569.000, 0.540	569.000, 0.540	569.000, 0.539	569.000, 0.538	569.000, 0.538
570.000, 0.541	570.000, 0.541	570.000, 0.540	570.000, 0.538	570.000, 0.539
571.000, 0.542	571.000, 0.541	571.000, 0.540	571.000, 0.539	571.000, 0.539
572.000, 0.542	572.000, 0.542	572.000, 0.541	572.000, 0.540	572.000, 0.540
573.000, 0.543	573.000, 0.543	573.000, 0.542	573.000, 0.541	573.000, 0.541
574.000, 0.544	574.000, 0.544	574.000, 0.543	574.000, 0.542	574.000, 0.542
575.000, 0.545	575.000, 0.545	575.000, 0.544	575.000, 0.542	575.000, 0.543
576.000, 0.546	576.000, 0.546	576.000, 0.545	576.000, 0.543	576.000, 0.544
577.000, 0.546	577.000, 0.546	577.000, 0.545	577.000, 0.544	577.000, 0.544
578.000, 0.547	578.000, 0.547	578.000, 0.546	578.000, 0.545	578.000, 0.545
579.000, 0.548	579.000, 0.548	579.000, 0.547	579.000, 0.546	579.000, 0.546
580.000, 0.548	580.000, 0.548	580.000, 0.547	580.000, 0.546	580.000, 0.547
581.000, 0.549	581.000, 0.549	581.000, 0.548	581.000, 0.547	581.000, 0.547
582.000, 0.550	582.000, 0.550	582.000, 0.549	582.000, 0.547	582.000, 0.548
583.000, 0.550	583.000, 0.550	583.000, 0.549	583.000, 0.548	583.000, 0.548
584.000, 0.551	584.000, 0.551	584.000, 0.550	584.000, 0.549	584.000, 0.549
585.000, 0.552	585.000, 0.552	585.000, 0.550	585.000, 0.549	585.000, 0.550
586.000, 0.552	586.000, 0.552	586.000, 0.551	586.000, 0.550	586.000, 0.550
587.000, 0.553	587.000, 0.553	587.000, 0.552	587.000, 0.550	587.000, 0.551
588.000, 0.553	588.000, 0.553	588.000, 0.553	588.000, 0.551	588.000, 0.552
589.000, 0.554	589.000, 0.554	589.000, 0.553	589.000, 0.551	589.000, 0.552
590.000, 0.554	590.000, 0.554	590.000, 0.553	590.000, 0.551	590.000, 0.552
591.000, 0.555	591.000, 0.555	591.000, 0.554	591.000, 0.552	591.000, 0.553
592.000, 0.556	592.000, 0.556	592.000, 0.555	592.000, 0.553	592.000, 0.554
593.000, 0.556	593.000, 0.556	593.000, 0.555	593.000, 0.553	593.000, 0.554
594.000, 0.557	594.000, 0.557	594.000, 0.556	594.000, 0.554	594.000, 0.554
595.000, 0.557	595.000, 0.557	595.000, 0.556	595.000, 0.554	595.000, 0.555
596.000, 0.558	596.000, 0.558	596.000, 0.557	596.000, 0.555	596.000, 0.556
597.000, 0.558	597.000, 0.558	597.000, 0.557	597.000, 0.555	597.000, 0.556
598.000, 0.558	598.000, 0.558	598.000, 0.557	598.000, 0.556	598.000, 0.556
599.000, 0.558	599.000, 0.559	599.000, 0.558	599.000, 0.556	599.000, 0.557
600.000, 0.559	600.000, 0.559	600.000, 0.558	600.000, 0.556	600.000, 0.557
601.000, 0.559	601.000, 0.559	601.000, 0.559	601.000, 0.557	601.000, 0.557
602.000, 0.560	602.000, 0.560	602.000, 0.559	602.000, 0.558	602.000, 0.558
603.000, 0.560	603.000, 0.560	603.000, 0.560	603.000, 0.558	603.000, 0.559
604.000, 0.561	604.000, 0.561	604.000, 0.560	604.000, 0.558	604.000, 0.559
605.000, 0.561	605.000, 0.561	605.000, 0.560	605.000, 0.559	605.000, 0.560
606.000, 0.562	606.000, 0.562	606.000, 0.561	606.000, 0.560	606.000, 0.560
607.000, 0.563	607.000, 0.562	607.000, 0.562	607.000, 0.561	607.000, 0.561
608.000, 0.563	608.000, 0.563	608.000, 0.562	608.000, 0.561	608.000, 0.561
609.000, 0.563	609.000, 0.564	609.000, 0.563	609.000, 0.561	609.000, 0.562
610.000, 0.564	610.000, 0.564	610.000, 0.563	610.000, 0.562	610.000, 0.562
611.000, 0.565	611.000, 0.565	611.000, 0.564	611.000, 0.562	611.000, 0.563
612.000, 0.565	612.000, 0.565	612.000, 0.564	612.000, 0.563	612.000, 0.563
613.000, 0.565	613.000, 0.566	613.000, 0.565	613.000, 0.563	613.000, 0.564
614.000, 0.566	614.000, 0.566	614.000, 0.565	614.000, 0.564	614.000, 0.564
615.000, 0.566	615.000, 0.567	615.000, 0.566	615.000, 0.564	615.000, 0.565
616.000, 0.567	616.000, 0.567	616.000, 0.566	616.000, 0.565	616.000, 0.565
617.000, 0.567	617.000, 0.568	617.000, 0.566	617.000, 0.565	617.000, 0.565
618.000, 0.567	618.000, 0.568	618.000, 0.567	618.000, 0.565	618.000, 0.566
619.000, 0.568	619.000, 0.568	619.000, 0.567	619.000, 0.566	619.000, 0.566
620.000, 0.569	620.000, 0.569	620.000, 0.568	620.000, 0.566	620.000, 0.567
621.000, 0.569	621.000, 0.569	621.000, 0.568	621.000, 0.567	621.000, 0.567
622.000, 0.570	622.000, 0.569	622.000, 0.568	622.000, 0.567	622.000, 0.567
623.000, 0.570	623.000, 0.569	623.000, 0.569	623.000, 0.567	623.000, 0.568
624.000, 0.570	624.000, 0.570	624.000, 0.569	624.000, 0.568	624.000, 0.568
625.000, 0.571	625.000, 0.571	625.000, 0.570	625.000, 0.568	625.000, 0.569
626.000, 0.571	626.000, 0.571	626.000, 0.570	626.000, 0.568	626.000, 0.569
627.000, 0.571	627.000, 0.572	627.000, 0.570	627.000, 0.569	627.000, 0.569
628.000, 0.572	628.000, 0.572	628.000, 0.570	628.000, 0.569	628.000, 0.569
629.000, 0.572	629.000, 0.572	629.000, 0.571	629.000, 0.569	629.000, 0.570
630.000, 0.572	630.000, 0.572	630.000, 0.572	630.000, 0.570	630.000, 0.570
631.000, 0.573	631.000, 0.573	631.000, 0.572	631.000, 0.570	631.000, 0.571
632.000, 0.573	632.000, 0.573	632.000, 0.572	632.000, 0.571	632.000, 0.571
633.000, 0.573	633.000, 0.573	633.000, 0.573	633.000, 0.571	633.000, 0.572
634.000, 0.573	634.000, 0.574	634.000, 0.573	634.000, 0.571	634.000, 0.572
635.000, 0.574	635.000, 0.574	635.000, 0.574	635.000, 0.572	635.000, 0.572
636.000, 0.575	636.000, 0.575	636.000, 0.574	636.000, 0.572	636.000, 0.573
637.000, 0.575	637.000, 0.575	637.000, 0.575	637.000, 0.573	637.000, 0.573
638.000, 0.576	638.000, 0.576	638.000, 0.575	638.000, 0.573	638.000, 0.574
639.000, 0.576	639.000, 0.576	639.000, 0.575	639.000, 0.573	639.000, 0.574
640.000, 0.576	640.000, 0.576	640.000, 0.575	640.000, 0.574	640.000, 0.574
641.000, 0.577	641.000, 0.577	641.000, 0.576	641.000, 0.574	641.000, 0.575
642.000, 0.577	642.000, 0.577	642.000, 0.576	642.000, 0.575	642.000, 0.575
643.000, 0.577	643.000, 0.577	643.000, 0.577	643.000, 0.575	643.000, 0.575
644.000, 0.578	644.000, 0.578	644.000, 0.577	644.000, 0.575	644.000, 0.576
645.000, 0.578	645.000, 0.578	645.000, 0.577	645.000, 0.575	645.000, 0.576
646.000, 0.578	646.000, 0.578	646.000, 0.578	646.000, 0.576	646.000, 0.576
647.000, 0.579	647.000, 0.579	647.000, 0.578	647.000, 0.576	647.000, 0.577
648.000, 0.579	648.000, 0.579	648.000, 0.578	648.000, 0.577	648.000, 0.577
649.000, 0.580	649.000, 0.580	649.000, 0.579	649.000, 0.577	649.000, 0.578
650.000, 0.580	650.000, 0.580	650.000, 0.579	650.000, 0.578	650.000, 0.578
651.000, 0.580	651.000, 0.580	651.000, 0.579	651.000, 0.577	651.000, 0.578
652.000, 0.580	652.000, 0.580	652.000, 0.579	652.000, 0.578	652.000, 0.578
653.000, 0.581	653.000, 0.581	653.000, 0.580	653.000, 0.579	653.000, 0.579
654.000, 0.581	654.000, 0.581	654.000, 0.580	654.000, 0.579	654.000, 0.579
655.000, 0.582	655.000, 0.582	655.000, 0.581	655.000, 0.579	655.000, 0.580
656.000, 0.582	656.000, 0.582	656.000, 0.581	656.000, 0.580	656.000, 0.580
657.000, 0.582	657.000, 0.582	657.000, 0.581	657.000, 0.580	657.000, 0.580
658.000, 0.583	658.000, 0.582	658.000, 0.582	658.000, 0.580	658.000, 0.581
659.000, 0.583	659.000, 0.584	659.000, 0.583	659.000, 0.581	659.000, 0.582
660.000, 0.584	660.000, 0.584	660.000, 0.583	660.000, 0.581	660.000, 0.582
661.000, 0.584	661.000, 0.584	661.000, 0.583	661.000, 0.582	661.000, 0.582
662.000, 0.585	662.000, 0.585	662.000, 0.584	662.000, 0.583	662.000, 0.583
663.000, 0.585	663.000, 0.585	663.000, 0.584	663.000, 0.583	663.000, 0.583
664.000, 0.585	664.000, 0.585	664.000, 0.585	664.000, 0.582	664.000, 0.583
665.000, 0.586	665.000, 0.586	665.000, 0.585	665.000, 0.583	665.000, 0.584
666.000, 0.586	666.000, 0.586	666.000, 0.586	666.000, 0.584	666.000, 0.584
667.000, 0.586	667.000, 0.586	667.000, 0.586	667.000, 0.584	667.000, 0.584
668.000, 0.587	668.000, 0.587	668.000, 0.586	668.000, 0.585	668.000, 0.585
669.000, 0.588	669.000, 0.588	669.000, 0.587	669.000, 0.585	669.000, 0.586
670.000, 0.588	670.000, 0.587	670.000, 0.587	670.000, 0.585	670.000, 0.586
671.000, 0.588	671.000, 0.588	671.000, 0.587	671.000, 0.586	671.000, 0.586
672.000, 0.588	672.000, 0.588	672.000, 0.588	672.000, 0.586	672.000, 0.587
673.000, 0.589	673.000, 0.588	673.000, 0.588	673.000, 0.586	673.000, 0.587
674.000, 0.589	674.000, 0.589	674.000, 0.588	674.000, 0.587	674.000, 0.587
675.000, 0.589	675.000, 0.590	675.000, 0.589	675.000, 0.587	675.000, 0.588
676.000, 0.590	676.000, 0.590	676.000, 0.589	676.000, 0.588	676.000, 0.588
677.000, 0.590	677.000, 0.590	677.000, 0.589	677.000, 0.588	677.000, 0.588
678.000, 0.590	678.000, 0.590	678.000, 0.590	678.000, 0.589	678.000, 0.589
679.000, 0.591	679.000, 0.591	679.000, 0.590	679.000, 0.589	679.000, 0.589
680.000, 0.591	680.000, 0.591	680.000, 0.591	680.000, 0.589	680.000, 0.589
681.000, 0.592	681.000, 0.592	681.000, 0.592	681.000, 0.590	681.000, 0.590
682.000, 0.592	682.000, 0.592	682.000, 0.592	682.000, 0.590	682.000, 0.590
683.000, 0.592	683.000, 0.592	683.000, 0.592	683.000, 0.590	683.000, 0.591
684.000, 0.593	684.000, 0.593	684.000, 0.592	684.000, 0.591	684.000, 0.591
685.000, 0.593	685.000, 0.593	685.000, 0.593	685.000, 0.591	685.000, 0.591
686.000, 0.593	686.000, 0.593	686.000, 0.592	686.000, 0.591	686.000, 0.591
687.000, 0.594	687.000, 0.593	687.000, 0.593	687.000, 0.591	687.000, 0.591
688.000, 0.594	688.000, 0.594	688.000, 0.594	688.000, 0.592	688.000, 0.592
689.000, 0.595	689.000, 0.594	689.000, 0.594	689.000, 0.592	689.000, 0.592
690.000, 0.596	690.000, 0.595	690.000, 0.595	690.000, 0.593	690.000, 0.593
691.000, 0.596	691.000, 0.596	691.000, 0.595	691.000, 0.594	691.000, 0.594
692.000, 0.596	692.000, 0.596	692.000, 0.595	692.000, 0.594	692.000, 0.594
693.000, 0.597	693.000, 0.596	693.000, 0.596	693.000, 0.594	693.000, 0.595
694.000, 0.597	694.000, 0.597	694.000, 0.596	694.000, 0.595	694.000, 0.595
695.000, 0.598	695.000, 0.597	695.000, 0.597	695.000, 0.595	695.000, 0.596
696.000, 0.598	696.000, 0.598	696.000, 0.598	696.000, 0.596	696.000, 0.596
697.000, 0.599	697.000, 0.598	697.000, 0.598	697.000, 0.597	697.000, 0.597
698.000, 0.600	698.000, 0.599	698.000, 0.599	698.000, 0.598	698.000, 0.598
699.000, 0.600	699.000, 0.600	699.000, 0.599	699.000, 0.598	699.000, 0.598
700.000, 0.600	700.000, 0.600	700.000, 0.599	700.000, 0.598	700.000, 0.598
701.000, 0.600	701.000, 0.600	701.000, 0.599	701.000, 0.598	701.000, 0.598
702.000, 0.601	702.000, 0.601	702.000, 0.600	702.000, 0.599	702.000, 0.599
703.000, 0.601	703.000, 0.601	703.000, 0.601	703.000, 0.599	703.000, 0.599
704.000, 0.602	704.000, 0.601	704.000, 0.601	704.000, 0.600	704.000, 0.600
705.000, 0.603	705.000, 0.602	705.000, 0.602	705.000, 0.600	705.000, 0.600
706.000, 0.603	706.000, 0.602	706.000, 0.602	706.000, 0.601	706.000, 0.601
707.000, 0.603	707.000, 0.603	707.000, 0.603	707.000, 0.601	707.000, 0.602
708.000, 0.604	708.000, 0.603	708.000, 0.603	708.000, 0.602	708.000, 0.602
709.000, 0.604	709.000, 0.604	709.000, 0.603	709.000, 0.602	709.000, 0.602
710.000, 0.604	710.000, 0.604	710.000, 0.604	710.000, 0.602	710.000, 0.602
711.000, 0.605	711.000, 0.605	711.000, 0.605	711.000, 0.603	711.000, 0.603
712.000, 0.605	712.000, 0.605	712.000, 0.605	712.000, 0.603	712.000, 0.604
713.000, 0.606	713.000, 0.606	713.000, 0.605	713.000, 0.603	713.000, 0.604
714.000, 0.606	714.000, 0.606	714.000, 0.605	714.000, 0.604	714.000, 0.604
715.000, 0.606	715.000, 0.606	715.000, 0.605	715.000, 0.604	715.000, 0.604
716.000, 0.607	716.000, 0.606	716.000, 0.606	716.000, 0.605	716.000, 0.605
717.000, 0.607	717.000, 0.607	717.000, 0.606	717.000, 0.605	717.000, 0.605
718.000, 0.608	718.000, 0.608	718.000, 0.607	718.000, 0.605	718.000, 0.606
719.000, 0.608	719.000, 0.608	719.000, 0.608	719.000, 0.606	719.000, 0.606
720.000, 0.609	720.000, 0.608	720.000, 0.608	720.000, 0.607	720.000, 0.607
721.000, 0.609	721.000, 0.609	721.000, 0.609	721.000, 0.607	721.000, 0.608
722.000, 0.610	722.000, 0.609	722.000, 0.609	722.000, 0.607	722.000, 0.608
723.000, 0.610	723.000, 0.609	723.000, 0.609	723.000, 0.607	723.000, 0.608
724.000, 0.610	724.000, 0.610	724.000, 0.610	724.000, 0.608	724.000, 0.608
725.000, 0.610	725.000, 0.610	725.000, 0.610	725.000, 0.608	725.000, 0.609
726.000, 0.611	726.000, 0.611	726.000, 0.611	726.000, 0.609	726.000, 0.609
727.000, 0.612	727.000, 0.612	727.000, 0.611	727.000, 0.609	727.000, 0.610
728.000, 0.612	728.000, 0.612	728.000, 0.611	728.000, 0.609	728.000, 0.610
729.000, 0.612	729.000, 0.612	729.000, 0.612	729.000, 0.609	729.000, 0.610
730.000, 0.613	730.000, 0.613	730.000, 0.612	730.000, 0.611	730.000, 0.611
731.000, 0.614	731.000, 0.614	731.000, 0.613	731.000, 0.611	731.000, 0.612
732.000, 0.614	732.000, 0.614	732.000, 0.614	732.000, 0.612	732.000, 0.612
733.000, 0.615	733.000, 0.614	733.000, 0.614	733.000, 0.612	733.000, 0.613
734.000, 0.615	734.000, 0.615	734.000, 0.615	734.000, 0.612	734.000, 0.613
735.000, 0.615	735.000, 0.615	735.000, 0.615	735.000, 0.613	735.000, 0.614
736.000, 0.616	736.000, 0.616	736.000, 0.615	736.000, 0.613	736.000, 0.614
737.000, 0.616	737.000, 0.616	737.000, 0.615	737.000, 0.614	737.000, 0.614
738.000, 0.616	738.000, 0.616	738.000, 0.616	738.000, 0.614	738.000, 0.615
739.000, 0.618	739.000, 0.617	739.000, 0.617	739.000, 0.615	739.000, 0.616
740.000, 0.619	740.000, 0.618	740.000, 0.618	740.000, 0.616	740.000, 0.616
741.000, 0.618	741.000, 0.618	741.000, 0.618	741.000, 0.616	741.000, 0.617
742.000, 0.618	742.000, 0.618	742.000, 0.618	742.000, 0.616	742.000, 0.617
743.000, 0.619	743.000, 0.619	743.000, 0.619	743.000, 0.617	743.000, 0.617
744.000, 0.619	744.000, 0.619	744.000, 0.619	744.000, 0.617	744.000, 0.618
745.000, 0.620	745.000, 0.620	745.000, 0.620	745.000, 0.617	745.000, 0.618
746.000, 0.620	746.000, 0.620	746.000, 0.620	746.000, 0.618	746.000, 0.619
747.000, 0.621	747.000, 0.620	747.000, 0.620	747.000, 0.618	747.000, 0.619
748.000, 0.621	748.000, 0.621	748.000, 0.621	748.000, 0.619	748.000, 0.619
749.000, 0.622	749.000, 0.621	749.000, 0.621	749.000, 0.619	749.000, 0.620
750.000, 0.622	750.000, 0.622	750.000, 0.622	750.000, 0.620	750.000, 0.620
751.000, 0.622	751.000, 0.622	751.000, 0.622	751.000, 0.621	751.000, 0.621
752.000, 0.623	752.000, 0.623	752.000, 0.623	752.000, 0.621	752.000, 0.622
753.000, 0.623	753.000, 0.623	753.000, 0.623	753.000, 0.621	753.000, 0.622
754.000, 0.623	754.000, 0.623	754.000, 0.623	754.000, 0.621	754.000, 0.622
755.000, 0.624	755.000, 0.624	755.000, 0.624	755.000, 0.622	755.000, 0.622
756.000, 0.624	756.000, 0.624	756.000, 0.624	756.000, 0.622	756.000, 0.622
757.000, 0.624	757.000, 0.624	757.000, 0.624	757.000, 0.622	757.000, 0.623
758.000, 0.623	758.000, 0.624	758.000, 0.623	758.000, 0.621	758.000, 0.622
759.000, 0.623	759.000, 0.623	759.000, 0.622	759.000, 0.620	759.000, 0.621
760.000, 0.624	760.000, 0.623	760.000, 0.623	760.000, 0.620	760.000, 0.621
761.000, 0.624	761.000, 0.624	761.000, 0.624	761.000, 0.621	761.000, 0.622
762.000, 0.624	762.000, 0.625	762.000, 0.625	762.000, 0.622	762.000, 0.622
763.000, 0.625	763.000, 0.625	763.000, 0.626	763.000, 0.623	763.000, 0.623
764.000, 0.627	764.000, 0.626	764.000, 0.627	764.000, 0.624	764.000, 0.624
765.000, 0.628	765.000, 0.627	765.000, 0.627	765.000, 0.625	765.000, 0.625
766.000, 0.628	766.000, 0.628	766.000, 0.628	766.000, 0.626	766.000, 0.626
767.000, 0.629	767.000, 0.628	767.000, 0.628	767.000, 0.626	767.000, 0.627
768.000, 0.629	768.000, 0.629	768.000, 0.629	768.000, 0.627	768.000, 0.628
769.000, 0.629	769.000, 0.629	769.000, 0.629	769.000, 0.627	769.000, 0.628
770.000, 0.630	770.000, 0.630	770.000, 0.630	770.000, 0.628	770.000, 0.628
771.000, 0.630	771.000, 0.630	771.000, 0.630	771.000, 0.628	771.000, 0.628
772.000, 0.631	772.000, 0.631	772.000, 0.631	772.000, 0.629	772.000, 0.629
773.000, 0.632	773.000, 0.631	773.000, 0.631	773.000, 0.629	773.000, 0.629
774.000, 0.632	774.000, 0.631	774.000, 0.631	774.000, 0.629	774.000, 0.630
775.000, 0.632	775.000, 0.632	775.000, 0.632	775.000, 0.629	775.000, 0.631
776.000, 0.632	776.000, 0.633	776.000, 0.632	776.000, 0.630	776.000, 0.631
777.000, 0.633	777.000, 0.633	777.000, 0.632	777.000, 0.631	777.000, 0.631
778.000, 0.633	778.000, 0.633	778.000, 0.633	778.000, 0.631	778.000, 0.631
779.000, 0.634	779.000, 0.633	779.000, 0.633	779.000, 0.631	779.000, 0.632
780.000, 0.634	780.000, 0.634	780.000, 0.634	780.000, 0.632	780.000, 0.632
781.000, 0.635	781.000, 0.635	781.000, 0.634	781.000, 0.633	781.000, 0.633
782.000, 0.634	782.000, 0.634	782.000, 0.634	782.000, 0.632	782.000, 0.632
783.000, 0.634	783.000, 0.634	783.000, 0.634	783.000, 0.632	783.000, 0.632
784.000, 0.635	784.000, 0.635	784.000, 0.635	784.000, 0.633	784.000, 0.634
785.000, 0.636	785.000, 0.635	785.000, 0.635	785.000, 0.634	785.000, 0.634
786.000, 0.636	786.000, 0.636	786.000, 0.636	786.000, 0.634	786.000, 0.634
787.000, 0.636	787.000, 0.636	787.000, 0.636	787.000, 0.634	787.000, 0.635
788.000, 0.637	788.000, 0.637	788.000, 0.637	788.000, 0.635	788.000, 0.635
789.000, 0.637	789.000, 0.637	789.000, 0.637	789.000, 0.635	789.000, 0.635
790.000, 0.638	790.000, 0.637	790.000, 0.637	790.000, 0.636	790.000, 0.636
791.000, 0.638	791.000, 0.637	791.000, 0.638	791.000, 0.636	791.000, 0.636
792.000, 0.638	792.000, 0.638	792.000, 0.638	792.000, 0.636	792.000, 0.636
793.000, 0.639	793.000, 0.638	793.000, 0.638	793.000, 0.637	793.000, 0.637
794.000, 0.639	794.000, 0.639	794.000, 0.638	794.000, 0.637	794.000, 0.637
795.000, 0.639	795.000, 0.639	795.000, 0.639	795.000, 0.637	795.000, 0.638
796.000, 0.639	796.000, 0.639	796.000, 0.639	796.000, 0.637	796.000, 0.638
797.000, 0.639	797.000, 0.639	797.000, 0.639	797.000, 0.637	797.000, 0.638
798.000, 0.639	798.000, 0.639	798.000, 0.639	798.000, 0.637	798.000, 0.638
799.000, 0.640	799.000, 0.639	799.000, 0.640	799.000, 0.638	799.000, 0.639
800.000, 0.640	800.000, 0.640	800.000, 0.641	800.000, 0.639	800.000, 0.639
801.000, 0.640	801.000, 0.640	801.000, 0.640	801.000, 0.638	801.000, 0.639
802.000, 0.640	802.000, 0.641	802.000, 0.640	802.000, 0.639	802.000, 0.639
803.000, 0.641	803.000, 0.641	803.000, 0.641	803.000, 0.640	803.000, 0.640
804.000, 0.642	804.000, 0.641	804.000, 0.641	804.000, 0.640	804.000, 0.640
805.000, 0.641	805.000, 0.641	805.000, 0.641	805.000, 0.640	805.000, 0.640
806.000, 0.641	806.000, 0.641	806.000, 0.641	806.000, 0.639	806.000, 0.639
807.000, 0.641	807.000, 0.641	807.000, 0.641	807.000, 0.639	807.000, 0.639
808.000, 0.642	808.000, 0.642	808.000, 0.641	808.000, 0.640	808.000, 0.640
809.000, 0.643	809.000, 0.643	809.000, 0.642	809.000, 0.641	809.000, 0.641
810.000, 0.643	810.000, 0.643	810.000, 0.642	810.000, 0.642	810.000, 0.642
811.000, 0.642	811.000, 0.643	811.000, 0.642	811.000, 0.641	811.000, 0.641
812.000, 0.643	812.000, 0.642	812.000, 0.643	812.000, 0.641	812.000, 0.641
813.000, 0.643	813.000, 0.643	813.000, 0.643	813.000, 0.642	813.000, 0.642
814.000, 0.644	814.000, 0.644	814.000, 0.644	814.000, 0.643	814.000, 0.642
815.000, 0.644	815.000, 0.644	815.000, 0.645	815.000, 0.643	815.000, 0.643
816.000, 0.645	816.000, 0.645	816.000, 0.645	816.000, 0.643	816.000, 0.644
817.000, 0.646	817.000, 0.645	817.000, 0.645	817.000, 0.643	817.000, 0.644
818.000, 0.646	818.000, 0.645	818.000, 0.645	818.000, 0.643	818.000, 0.644
819.000, 0.645	819.000, 0.645	819.000, 0.645	819.000, 0.643	819.000, 0.644
820.000, 0.645	820.000, 0.645	820.000, 0.645	820.000, 0.644	820.000, 0.644
821.000, 0.646	821.000, 0.645	821.000, 0.646	821.000, 0.644	821.000, 0.644
822.000, 0.646	822.000, 0.645	822.000, 0.646	822.000, 0.644	822.000, 0.644
823.000, 0.646	823.000, 0.646	823.000, 0.647	823.000, 0.645	823.000, 0.645
824.000, 0.647	824.000, 0.647	824.000, 0.648	824.000, 0.645	824.000, 0.646
825.000, 0.646	825.000, 0.647	825.000, 0.646	825.000, 0.646	825.000, 0.646
826.000, 0.647	826.000, 0.648	826.000, 0.647	826.000, 0.646	826.000, 0.646
827.000, 0.647	827.000, 0.648	827.000, 0.648	827.000, 0.646	827.000, 0.646
828.000, 0.647	828.000, 0.647	828.000, 0.648	828.000, 0.646	828.000, 0.647
829.000, 0.648	829.000, 0.647	829.000, 0.649	829.000, 0.647	829.000, 0.647
830.000, 0.649	830.000, 0.648	830.000, 0.649	830.000, 0.647	830.000, 0.647
831.000, 0.649	831.000, 0.648	831.000, 0.649	831.000, 0.647	831.000, 0.647
832.000, 0.649	832.000, 0.649	832.000, 0.649	832.000, 0.647	832.000, 0.647
833.000, 0.649	833.000, 0.650	833.000, 0.650	833.000, 0.648	833.000, 0.648
834.000, 0.649	834.000, 0.649	834.000, 0.650	834.000, 0.648	834.000, 0.649
835.000, 0.650	835.000, 0.649	835.000, 0.650	835.000, 0.648	835.000, 0.649
836.000, 0.650	836.000, 0.650	836.000, 0.650	836.000, 0.649	836.000, 0.649
837.000, 0.650	837.000, 0.650	837.000, 0.650	837.000, 0.648	837.000, 0.649
838.000, 0.650	838.000, 0.649	838.000, 0.650	838.000, 0.647	838.000, 0.649
839.000, 0.651	839.000, 0.650	839.000, 0.651	839.000, 0.649	839.000, 0.650
840.000, 0.651	840.000, 0.650	840.000, 0.652	840.000, 0.650	840.000, 0.651
841.000, 0.651	841.000, 0.650	841.000, 0.650	841.000, 0.649	841.000, 0.650
842.000, 0.650	842.000, 0.650	842.000, 0.651	842.000, 0.649	842.000, 0.650
843.000, 0.651	843.000, 0.651	843.000, 0.652	843.000, 0.650	843.000, 0.650
844.000, 0.652	844.000, 0.652	844.000, 0.653	844.000, 0.651	844.000, 0.652
845.000, 0.653	845.000, 0.652	845.000, 0.653	845.000, 0.651	845.000, 0.651
846.000, 0.652	846.000, 0.651	846.000, 0.652	846.000, 0.650	846.000, 0.650
847.000, 0.652	847.000, 0.652	847.000, 0.653	847.000, 0.651	847.000, 0.651
848.000, 0.653	848.000, 0.653	848.000, 0.653	848.000, 0.652	848.000, 0.652
849.000, 0.654	849.000, 0.652	849.000, 0.653	849.000, 0.651	849.000, 0.653
850.000, 0.653	850.000, 0.653	850.000, 0.653	850.000, 0.651	850.000, 0.652
851.000, 0.653	851.000, 0.653	851.000, 0.654	851.000, 0.651	851.000, 0.652
852.000, 0.655	852.000, 0.653	852.000, 0.654	852.000, 0.652	852.000, 0.652
853.000, 0.654	853.000, 0.653	853.000, 0.654	853.000, 0.651	853.000, 0.652
854.000, 0.652	854.000, 0.653	854.000, 0.654	854.000, 0.651	854.000, 0.652
855.000, 0.653	855.000, 0.654	855.000, 0.654	855.000, 0.652	855.000, 0.652
856.000, 0.654	856.000, 0.654	856.000, 0.654	856.000, 0.654	856.000, 0.653
857.000, 0.654	857.000, 0.655	857.000, 0.655	857.000, 0.654	857.000, 0.654
858.000, 0.656	858.000, 0.656	858.000, 0.656	858.000, 0.655	858.000, 0.654
859.000, 0.656	859.000, 0.656	859.000, 0.656	859.000, 0.655	859.000, 0.654
860.000, 0.655	860.000, 0.656	860.000, 0.656	860.000, 0.654	860.000, 0.654
861.000, 0.655	861.000, 0.656	861.000, 0.656	861.000, 0.654	861.000, 0.655
862.000, 0.655	862.000, 0.656	862.000, 0.656	862.000, 0.654	862.000, 0.655
863.000, 0.655	863.000, 0.655	863.000, 0.655	863.000, 0.654	863.000, 0.654
864.000, 0.656	864.000, 0.655	864.000, 0.656	864.000, 0.654	864.000, 0.654
865.000, 0.657	865.000, 0.656	865.000, 0.657	865.000, 0.655	865.000, 0.656
866.000, 0.656	866.000, 0.655	866.000, 0.657	866.000, 0.655	866.000, 0.656
867.000, 0.656	867.000, 0.656	867.000, 0.658	867.000, 0.655	867.000, 0.656
868.000, 0.657	868.000, 0.659	868.000, 0.658	868.000, 0.656	868.000, 0.657
869.000, 0.657	869.000, 0.657	869.000, 0.658	869.000, 0.656	869.000, 0.657
870.000, 0.657	870.000, 0.656	870.000, 0.657	870.000, 0.656	870.000, 0.656
871.000, 0.658	871.000, 0.657	871.000, 0.658	871.000, 0.656	871.000, 0.656
872.000, 0.659	872.000, 0.659	872.000, 0.659	872.000, 0.657	872.000, 0.658
873.000, 0.658	873.000, 0.660	873.000, 0.661	873.000, 0.657	873.000, 0.659
874.000, 0.658	874.000, 0.658	874.000, 0.659	874.000, 0.657	874.000, 0.657
875.000, 0.658	875.000, 0.657	875.000, 0.658	875.000, 0.656	875.000, 0.656
876.000, 0.659	876.000, 0.657	876.000, 0.659	876.000, 0.656	876.000, 0.657
877.000, 0.657	877.000, 0.658	877.000, 0.659	877.000, 0.657	877.000, 0.658
878.000, 0.658	878.000, 0.659	878.000, 0.659	878.000, 0.657	878.000, 0.658
879.000, 0.660	879.000, 0.658	879.000, 0.660	879.000, 0.657	879.000, 0.657
880.000, 0.660	880.000, 0.659	880.000, 0.660	880.000, 0.656	880.000, 0.658
881.000, 0.660	881.000, 0.659	881.000, 0.659	881.000, 0.656	881.000, 0.658
882.000, 0.659	882.000, 0.659	882.000, 0.659	882.000, 0.657	882.000, 0.658
883.000, 0.660	883.000, 0.660	883.000, 0.661	883.000, 0.659	883.000, 0.659
884.000, 0.661	884.000, 0.662	884.000, 0.662	884.000, 0.659	884.000, 0.659
885.000, 0.661	885.000, 0.660	885.000, 0.662	885.000, 0.659	885.000, 0.658
886.000, 0.662	886.000, 0.660	886.000, 0.662	886.000, 0.658	886.000, 0.658
887.000, 0.663	887.000, 0.661	887.000, 0.662	887.000, 0.659	887.000, 0.660
888.000, 0.662	888.000, 0.660	888.000, 0.663	888.000, 0.659	888.000, 0.660
889.000, 0.661	889.000, 0.660	889.000, 0.662	889.000, 0.659	889.000, 0.660
890.000, 0.662	890.000, 0.661	890.000, 0.662	890.000, 0.660	890.000, 0.660
891.000, 0.661	891.000, 0.661	891.000, 0.662	891.000, 0.660	891.000, 0.660
892.000, 0.659	892.000, 0.660	892.000, 0.662	892.000, 0.658	892.000, 0.659
893.000, 0.660	893.000, 0.659	893.000, 0.662	893.000, 0.659	893.000, 0.659
894.000, 0.662	894.000, 0.659	894.000, 0.662	894.000, 0.660	894.000, 0.660
895.000, 0.663	895.000, 0.661	895.000, 0.661	895.000, 0.660	895.000, 0.660
896.000, 0.660	896.000, 0.660	896.000, 0.659	896.000, 0.657	896.000, 0.658
897.000, 0.660	897.000, 0.660	897.000, 0.659	897.000, 0.657	897.000, 0.658
898.000, 0.662	898.000, 0.662	898.000, 0.663	898.000, 0.660	898.000, 0.661
899.000, 0.663	899.000, 0.663	899.000, 0.664	899.000, 0.662	899.000, 0.660
900.000, 0.663	900.000, 0.663	900.000, 0.663	900.000, 0.661	900.000, 0.660
901.000, 0.662	901.000, 0.663	901.000, 0.662	901.000, 0.660	901.000, 0.661
902.000, 0.662	902.000, 0.663	902.000, 0.662	902.000, 0.659	902.000, 0.661
903.000, 0.661	903.000, 0.663	903.000, 0.663	903.000, 0.658	903.000, 0.660
904.000, 0.663	904.000, 0.664	904.000, 0.663	904.000, 0.659	904.000, 0.662
905.000, 0.664	905.000, 0.663	905.000, 0.664	905.000, 0.660	905.000, 0.663
906.000, 0.665	906.000, 0.663	906.000, 0.666	906.000, 0.662	906.000, 0.664
907.000, 0.666	907.000, 0.662	907.000, 0.667	907.000, 0.662	907.000, 0.663
908.000, 0.667	908.000, 0.664	908.000, 0.668	908.000, 0.663	908.000, 0.662
909.000, 0.667	909.000, 0.666	909.000, 0.669	909.000, 0.664	909.000, 0.665
910.000, 0.665	910.000, 0.664	910.000, 0.667	910.000, 0.662	910.000, 0.663
911.000, 0.663	911.000, 0.662	911.000, 0.665	911.000, 0.661	911.000, 0.662
912.000, 0.664	912.000, 0.664	912.000, 0.667	912.000, 0.663	912.000, 0.663
913.000, 0.664	913.000, 0.662	913.000, 0.665	913.000, 0.663	913.000, 0.661
914.000, 0.662	914.000, 0.659	914.000, 0.662	914.000, 0.662	914.000, 0.659
915.000, 0.664	915.000, 0.662	915.000, 0.666	915.000, 0.661	915.000, 0.662
916.000, 0.665	916.000, 0.665	916.000, 0.668	916.000, 0.661	916.000, 0.664
917.000, 0.665	917.000, 0.664	917.000, 0.666	917.000, 0.661	917.000, 0.663
918.000, 0.665	918.000, 0.664	918.000, 0.665	918.000, 0.661	918.000, 0.663
919.000, 0.665	919.000, 0.664	919.000, 0.667	919.000, 0.661	919.000, 0.664
920.000, 0.667	920.000, 0.667	920.000, 0.670	920.000, 0.662	920.000, 0.667
921.000, 0.668	921.000, 0.668	921.000, 0.669	921.000, 0.663	921.000, 0.667
922.000, 0.668	922.000, 0.668	922.000, 0.667	922.000, 0.663	922.000, 0.666
923.000, 0.668	923.000, 0.666	923.000, 0.669	923.000, 0.666	923.000, 0.668
924.000, 0.668	924.000, 0.667	924.000, 0.670	924.000, 0.665	924.000, 0.668
925.000, 0.667	925.000, 0.669	925.000, 0.669	925.000, 0.662	925.000, 0.667
926.000, 0.667	926.000, 0.669	926.000, 0.666	926.000, 0.664	926.000, 0.668
927.000, 0.668	927.000, 0.668	927.000, 0.666	927.000, 0.663	927.000, 0.668
928.000, 0.668	928.000, 0.667	928.000, 0.669	928.000, 0.659	928.000, 0.667
929.000, 0.665	929.000, 0.667	929.000, 0.670	929.000, 0.658	929.000, 0.665
930.000, 0.663	930.000, 0.667	930.000, 0.668	930.000, 0.661	930.000, 0.663
931.000, 0.668	931.000, 0.669	931.000, 0.666	931.000, 0.664	931.000, 0.664
932.000, 0.669	932.000, 0.670	932.000, 0.666	932.000, 0.661	932.000, 0.664
933.000, 0.666	933.000, 0.669	933.000, 0.668	933.000, 0.655	933.000, 0.663
934.000, 0.663	934.000, 0.668	934.000, 0.669	934.000, 0.660	934.000, 0.666
935.000, 0.664	935.000, 0.666	935.000, 0.672	935.000, 0.663	935.000, 0.668
936.000, 0.669	936.000, 0.665	936.000, 0.675	936.000, 0.661	936.000, 0.668
937.000, 0.670	937.000, 0.667	937.000, 0.671	937.000, 0.663	937.000, 0.671
938.000, 0.669	938.000, 0.667	938.000, 0.665	938.000, 0.663	938.000, 0.670
939.000, 0.670	939.000, 0.662	939.000, 0.665	939.000, 0.661	939.000, 0.664
940.000, 0.672	940.000, 0.661	940.000, 0.670	940.000, 0.664	940.000, 0.668
941.000, 0.671	941.000, 0.662	941.000, 0.673	941.000, 0.668	941.000, 0.672
942.000, 0.665	942.000, 0.664	942.000, 0.668	942.000, 0.665	942.000, 0.668
943.000, 0.665	943.000, 0.667	943.000, 0.664	943.000, 0.663	943.000, 0.664
944.000, 0.670	944.000, 0.671	944.000, 0.665	944.000, 0.663	944.000, 0.664
945.000, 0.672	945.000, 0.675	945.000, 0.676	945.000, 0.664	945.000, 0.664
946.000, 0.675	946.000, 0.677	946.000, 0.682	946.000, 0.667	946.000, 0.665
947.000, 0.679	947.000, 0.677	947.000, 0.678	947.000, 0.672	947.000, 0.669
948.000, 0.674	948.000, 0.673	948.000, 0.677	948.000, 0.669	948.000, 0.673
949.000, 0.668	949.000, 0.671	949.000, 0.676	949.000, 0.665	949.000, 0.676
950.000, 0.671	950.000, 0.673	950.000, 0.674	950.000, 0.667	950.000, 0.673
951.000, 0.672	951.000, 0.671	951.000, 0.670	951.000, 0.665	951.000, 0.667
952.000, 0.672	952.000, 0.667	952.000, 0.669	952.000, 0.663	952.000, 0.665
953.000, 0.678	953.000, 0.673	953.000, 0.677	953.000, 0.670	953.000, 0.674
954.000, 0.682	954.000, 0.681	954.000, 0.681	954.000, 0.672	954.000, 0.680
955.000, 0.683	955.000, 0.687	955.000, 0.676	955.000, 0.668	955.000, 0.678
956.000, 0.678	956.000, 0.684	956.000, 0.672	956.000, 0.668	956.000, 0.678
957.000, 0.671	957.000, 0.679	957.000, 0.670	957.000, 0.665	957.000, 0.676
958.000, 0.666	958.000, 0.676	958.000, 0.670	958.000, 0.658	958.000, 0.668
959.000, 0.672	959.000, 0.673	959.000, 0.674	959.000, 0.659	959.000, 0.669
960.000, 0.677	960.000, 0.672	960.000, 0.676	960.000, 0.664	960.000, 0.670
961.000, 0.668	961.000, 0.670	961.000, 0.671	961.000, 0.664	961.000, 0.660
962.000, 0.670	962.000, 0.670	962.000, 0.670	962.000, 0.669	962.000, 0.659
963.000, 0.679	963.000, 0.670	963.000, 0.673	963.000, 0.676	963.000, 0.667
964.000, 0.675	964.000, 0.672	964.000, 0.670	964.000, 0.669	964.000, 0.670
965.000, 0.672	965.000, 0.675	965.000, 0.672	965.000, 0.665	965.000, 0.670
966.000, 0.677	966.000, 0.679	966.000, 0.680	966.000, 0.668	966.000, 0.669
967.000, 0.679	967.000, 0.678	967.000, 0.677	967.000, 0.671	967.000, 0.672
968.000, 0.679	968.000, 0.675	968.000, 0.675	968.000, 0.675	968.000, 0.674
969.000, 0.678	969.000, 0.674	969.000, 0.684	969.000, 0.679	969.000, 0.673
970.000, 0.680	970.000, 0.674	970.000, 0.686	970.000, 0.678	970.000, 0.677
971.000, 0.681	971.000, 0.676	971.000, 0.682	971.000, 0.674	971.000, 0.682
972.000, 0.675	972.000, 0.679	972.000, 0.679	972.000, 0.671	972.000, 0.674
973.000, 0.674	973.000, 0.679	973.000, 0.677	973.000, 0.674	973.000, 0.673
974.000, 0.680	974.000, 0.677	974.000, 0.675	974.000, 0.679	974.000, 0.678
975.000, 0.678	975.000, 0.678	975.000, 0.680	975.000, 0.674	975.000, 0.677
976.000, 0.672	976.000, 0.679	976.000, 0.679	976.000, 0.668	976.000, 0.673
977.000, 0.665	977.000, 0.675	977.000, 0.669	977.000, 0.664	977.000, 0.668
978.000, 0.668	978.000, 0.676	978.000, 0.673	978.000, 0.668	978.000, 0.671
979.000, 0.674	979.000, 0.680	979.000, 0.681	979.000, 0.672	979.000, 0.678
980.000, 0.675	980.000, 0.682	980.000, 0.681	980.000, 0.670	980.000, 0.682
981.000, 0.675	981.000, 0.683	981.000, 0.679	981.000, 0.671	981.000, 0.677
982.000, 0.676	982.000, 0.684	982.000, 0.679	982.000, 0.674	982.000, 0.667
983.000, 0.679	983.000, 0.678	983.000, 0.680	983.000, 0.673	983.000, 0.668
984.000, 0.682	984.000, 0.672	984.000, 0.680	984.000, 0.670	984.000, 0.669
985.000, 0.684	985.000, 0.670	985.000, 0.677	985.000, 0.667	985.000, 0.671
986.000, 0.682	986.000, 0.670	986.000, 0.678	986.000, 0.666	986.000, 0.675
987.000, 0.678	987.000, 0.671	987.000, 0.680	987.000, 0.666	987.000, 0.675
988.000, 0.675	988.000, 0.673	988.000, 0.680	988.000, 0.666	988.000, 0.667
989.000, 0.677	989.000, 0.675	989.000, 0.675	989.000, 0.669	989.000, 0.669
990.000, 0.681	990.000, 0.678	990.000, 0.670	990.000, 0.673	990.000, 0.677
991.000, 0.679	991.000, 0.681	991.000, 0.674	991.000, 0.670	991.000, 0.678
992.000, 0.677	992.000, 0.680	992.000, 0.682	992.000, 0.671	992.000, 0.678
993.000, 0.679	993.000, 0.677	993.000, 0.690	993.000, 0.675	993.000, 0.678
994.000, 0.681	994.000, 0.677	994.000, 0.685	994.000, 0.675	994.000, 0.676
995.000, 0.682	995.000, 0.675	995.000, 0.674	995.000, 0.672	995.000, 0.674
996.000, 0.679	996.000, 0.672	996.000, 0.663	996.000, 0.669	996.000, 0.671
997.000, 0.674	997.000, 0.676	997.000, 0.672	997.000, 0.674	997.000, 0.672
998.000, 0.672	998.000, 0.681	998.000, 0.684	998.000, 0.677	998.000, 0.676
999.000, 0.679	999.000, 0.680	999.000, 0.682	999.000, 0.668	999.000, 0.681
1000.000, 0.683	1000.000, 0.683	1000.000, 0.680	1000.000, 0.669	1000.000, 0.681
1001.000, 0.683	1001.000, 0.687	1001.000, 0.680	1001.000, 0.676	1001.000, 0.676
1002.000, 0.683	1002.000, 0.680	1002.000, 0.673	1002.000, 0.670	1002.000, 0.674
1003.000, 0.684	1003.000, 0.674	1003.000, 0.675	1003.000, 0.669	1003.000, 0.677
1004.000, 0.686	1004.000, 0.673	1004.000, 0.689	1004.000, 0.675	1004.000, 0.682
1005.000, 0.688	1005.000, 0.672	1005.000, 0.685	1005.000, 0.669	1005.000, 0.673
1006.000, 0.689	1006.000, 0.678	1006.000, 0.681	1006.000, 0.667	1006.000, 0.670
1007.000, 0.690	1007.000, 0.695	1007.000, 0.687	1007.000, 0.679	1007.000, 0.687
1008.000, 0.681	1008.000, 0.692	1008.000, 0.685	1008.000, 0.681	1008.000, 0.687
1009.000, 0.673	1009.000, 0.678	1009.000, 0.679	1009.000, 0.674	1009.000, 0.676
1010.000, 0.686	1010.000, 0.676	1010.000, 0.677	1010.000, 0.668	1010.000, 0.671
1011.000, 0.689	1011.000, 0.682	1011.000, 0.678	1011.000, 0.664	1011.000, 0.669
1012.000, 0.678	1012.000, 0.688	1012.000, 0.681	1012.000, 0.666	1012.000, 0.669
1013.000, 0.682	1013.000, 0.681	1013.000, 0.683	1013.000, 0.671	1013.000, 0.674
1014.000, 0.687	1014.000, 0.672	1014.000, 0.685	1014.000, 0.675	1014.000, 0.678
1015.000, 0.686	1015.000, 0.670	1015.000, 0.685	1015.000, 0.674	1015.000, 0.678
1016.000, 0.684	1016.000, 0.687	1016.000, 0.687	1016.000, 0.674	1016.000, 0.681
1017.000, 0.683	1017.000, 0.701	1017.000, 0.690	1017.000, 0.677	1017.000, 0.686
1018.000, 0.687	1018.000, 0.688	1018.000, 0.695	1018.000, 0.683	1018.000, 0.690
1019.000, 0.695	1019.000, 0.693	1019.000, 0.702	1019.000, 0.690	1019.000, 0.692
1020.000, 0.700	1020.000, 0.707	1020.000, 0.703	1020.000, 0.692	1020.000, 0.691
1021.000, 0.689	1021.000, 0.690	1021.000, 0.685	1021.000, 0.673	1021.000, 0.678
1022.000, 0.687	1022.000, 0.675	1022.000, 0.669	1022.000, 0.665	1022.000, 0.677
1023.000, 0.697	1023.000, 0.672	1023.000, 0.665	1023.000, 0.673	1023.000, 0.687
1024.000, 0.688	1024.000, 0.669	1024.000, 0.671	1024.000, 0.666	1024.000, 0.672
1025.000, 0.676	1025.000, 0.670	1025.000, 0.679	1025.000, 0.657	1025.000, 0.658
1026.000, 0.676	1026.000, 0.675	1026.000, 0.680	1026.000, 0.657	1026.000, 0.667
1027.000, 0.678	1027.000, 0.673	1027.000, 0.678	1027.000, 0.663	1027.000, 0.662
1028.000, 0.685	1028.000, 0.674	1028.000, 0.683	1028.000, 0.671	1028.000, 0.656
1029.000, 0.701	1029.000, 0.700	1029.000, 0.711	1029.000, 0.677	1029.000, 0.678
1030.000, 0.703	1030.000, 0.700	1030.000, 0.715	1030.000, 0.672	1030.000, 0.682
1031.000, 0.691	1031.000, 0.675	1031.000, 0.693	1031.000, 0.661	1031.000, 0.669
1032.000, 0.680	1032.000, 0.682	1032.000, 0.697	1032.000, 0.681	1032.000, 0.691
1033.000, 0.671	1033.000, 0.685	1033.000, 0.693	1033.000, 0.680	1033.000, 0.701
1034.000, 0.664	1034.000, 0.668	1034.000, 0.670	1034.000, 0.643	1034.000, 0.684
1035.000, 0.674	1035.000, 0.666	1035.000, 0.672	1035.000, 0.646	1035.000, 0.680
1036.000, 0.686	1036.000, 0.677	1036.000, 0.682	1036.000, 0.669	1036.000, 0.677
1037.000, 0.684	1037.000, 0.693	1037.000, 0.680	1037.000, 0.682	1037.000, 0.661
1038.000, 0.681	1038.000, 0.705	1038.000, 0.687	1038.000, 0.690	1038.000, 0.668
1039.000, 0.682	1039.000, 0.706	1039.000, 0.700	1039.000, 0.689	1039.000, 0.690
1040.000, 0.698	1040.000, 0.678	1040.000, 0.700	1040.000, 0.660	1040.000, 0.688
1041.000, 0.708	1041.000, 0.672	1041.000, 0.689	1041.000, 0.662	1041.000, 0.679
1042.000, 0.708	1042.000, 0.698	1042.000, 0.675	1042.000, 0.696	1042.000, 0.673
1043.000, 0.706	1043.000, 0.705	1043.000, 0.687	1043.000, 0.683	1043.000, 0.674
1044.000, 0.707	1044.000, 0.705	1044.000, 0.698	1044.000, 0.663	1044.000, 0.682
1045.000, 0.711	1045.000, 0.704	1045.000, 0.688	1045.000, 0.666	1045.000, 0.693
1046.000, 0.687	1046.000, 0.697	1046.000, 0.692	1046.000, 0.660	1046.000, 0.694
1047.000, 0.663	1047.000, 0.685	1047.000, 0.701	1047.000, 0.651	1047.000, 0.694
1048.000, 0.684	1048.000, 0.669	1048.000, 0.702	1048.000, 0.654	1048.000, 0.706
1049.000, 0.700	1049.000, 0.691	1049.000, 0.707	1049.000, 0.678	1049.000, 0.718
1050.000, 0.700	1050.000, 0.734	1050.000, 0.711	1050.000, 0.701	1050.000, 0.715
1051.000, 0.691	1051.000, 0.688	1051.000, 0.677	1051.000, 0.640	1051.000, 0.652
1052.000, 0.689	1052.000, 0.665	1052.000, 0.677	1052.000, 0.616	1052.000, 0.633
1053.000, 0.700	1053.000, 0.702	1053.000, 0.730	1053.000, 0.666	1053.000, 0.684
1054.000, 0.700	1054.000, 0.713	1054.000, 0.731	1054.000, 0.669	1054.000, 0.684
1055.000, 0.701	1055.000, 0.706	1055.000, 0.709	1055.000, 0.649	1055.000, 0.668
1056.000, 0.717	1056.000, 0.700	1056.000, 0.706	1056.000, 0.645	1056.000, 0.689
1057.000, 0.713	1057.000, 0.685	1057.000, 0.681	1057.000, 0.637	1057.000, 0.688
1058.000, 0.695	1058.000, 0.676	1058.000, 0.663	1058.000, 0.635	1058.000, 0.675
1059.000, 0.688	1059.000, 0.706	1059.000, 0.729	1059.000, 0.670	1059.000, 0.698
1060.000, 0.661	1060.000, 0.708	1060.000, 0.745	1060.000, 0.660	1060.000, 0.688
1061.000, 0.622	1061.000, 0.673	1061.000, 0.693	1061.000, 0.607	1061.000, 0.649
1062.000, 0.645	1062.000, 0.654	1062.000, 0.691	1062.000, 0.636	1062.000, 0.687
1063.000, 0.693	1063.000, 0.668	1063.000, 0.712	1063.000, 0.685	1063.000, 0.748
1064.000, 0.721	1064.000, 0.715	1064.000, 0.725	1064.000, 0.695	1064.000, 0.769
1065.000, 0.684	1065.000, 0.737	1065.000, 0.720	1065.000, 0.651	1065.000, 0.697
1066.000, 0.634	1066.000, 0.736	1066.000, 0.703	1066.000, 0.597	1066.000, 0.622
1067.000, 0.660	1067.000, 0.721	1067.000, 0.684	1067.000, 0.609	1067.000, 0.699
1068.000, 0.685	1068.000, 0.720	1068.000, 0.709	1068.000, 0.679	1068.000, 0.707
1069.000, 0.686	1069.000, 0.726	1069.000, 0.757	1069.000, 0.753	1069.000, 0.628
1070.000, 0.677	1070.000, 0.680	1070.000, 0.719	1070.000, 0.682	1070.000, 0.639
1071.000, 0.677	1071.000, 0.661	1071.000, 0.681	1071.000, 0.642	1071.000, 0.683
1072.000, 0.695	1072.000, 0.694	1072.000, 0.675	1072.000, 0.684	1072.000, 0.736
1073.000, 0.704	1073.000, 0.695	1073.000, 0.724	1073.000, 0.647	1073.000, 0.735
1074.000, 0.719	1074.000, 0.709	1074.000, 0.770	1074.000, 0.605	1074.000, 0.713
1075.000, 0.763	1075.000, 0.783	1075.000, 0.774	1075.000, 0.628	1075.000, 0.707
