325.000, 0.237	325.000, 0.235	325.000, 0.241	325.000, 0.234	325.000, 0.241
326.000, 0.240	326.000, 0.238	326.000, 0.241	326.000, 0.240	326.000, 0.243
327.000, 0.246	327.000, 0.243	327.000, 0.244	327.000, 0.249	327.000, 0.250
328.000, 0.252	328.000, 0.248	328.000, 0.249	328.000, 0.251	328.000, 0.253
329.000, 0.253	329.000, 0.250	329.000, 0.251	329.000, 0.249	329.000, 0.252
330.000, 0.251	330.000, 0.247	330.000, 0.249	330.000, 0.247	330.000, 0.250
331.000, 0.249	331.000, 0.245	331.000, 0.247	331.000, 0.248	331.000, 0.251
332.000, 0.250	332.000, 0.244	332.000, 0.248	332.000, 0.248	332.000, 0.254
333.000, 0.255	333.000, 0.246	333.000, 0.251	333.000, 0.249	333.000, 0.257
334.000, 0.254	334.000, 0.249	334.000, 0.254	334.000, 0.250	334.000, 0.255
335.000, 0.253	335.000, 0.252	335.000, 0.256	335.000, 0.253	335.000, 0.255
336.000, 0.257	336.000, 0.255	336.000, 0.259	336.000, 0.256	336.000, 0.259
337.000, 0.259	337.000, 0.259	337.000, 0.260	337.000, 0.257	337.000, 0.261
338.000, 0.260	338.000, 0.261	338.000, 0.260	338.000, 0.257	338.000, 0.260
339.000, 0.257	339.000, 0.259	339.000, 0.258	339.000, 0.259	339.000, 0.259
340.000, 0.258	340.000, 0.258	340.000, 0.260	340.000, 0.260	340.000, 0.260
341.000, 0.262	341.000, 0.259	341.000, 0.263	341.000, 0.262	341.000, 0.263
342.000, 0.262	342.000, 0.263	342.000, 0.265	342.000, 0.263	342.000, 0.265
343.000, 0.263	343.000, 0.265	343.000, 0.266	343.000, 0.264	343.000, 0.266
344.000, 0.265	344.000, 0.264	344.000, 0.265	344.000, 0.265	344.000, 0.267
345.000, 0.267	345.000, 0.265	345.000, 0.267	345.000, 0.267	345.000, 0.269
346.000, 0.268	346.000, 0.267	346.000, 0.269	346.000, 0.269	346.000, 0.271
347.000, 0.270	347.000, 0.269	347.000, 0.273	347.000, 0.272	347.000, 0.273
348.000, 0.272	348.000, 0.271	348.000, 0.274	348.000, 0.274	348.000, 0.275
349.000, 0.274	349.000, 0.272	349.000, 0.274	349.000, 0.275	349.000, 0.278
350.000, 0.274	350.000, 0.275	350.000, 0.277	350.000, 0.277	350.000, 0.278
351.000, 0.276	351.000, 0.277	351.000, 0.280	351.000, 0.278	351.000, 0.279
352.000, 0.279	352.000, 0.279	352.000, 0.280	352.000, 0.279	352.000, 0.282
353.000, 0.281	353.000, 0.280	353.000, 0.283	353.000, 0.281	353.000, 0.283
354.000, 0.281	354.000, 0.281	354.000, 0.284	354.000, 0.283	354.000, 0.283
355.000, 0.281	355.000, 0.282	355.000, 0.284	355.000, 0.283	355.000, 0.283
356.000, 0.283	356.000, 0.283	356.000, 0.285	356.000, 0.285	356.000, 0.286
357.000, 0.285	357.000, 0.285	357.000, 0.287	357.000, 0.288	357.000, 0.289
358.000, 0.286	358.000, 0.285	358.000, 0.287	358.000, 0.289	358.000, 0.288
359.000, 0.288	359.000, 0.286	359.000, 0.289	359.000, 0.290	359.000, 0.290
360.000, 0.291	360.000, 0.288	360.000, 0.292	360.000, 0.292	360.000, 0.293
361.000, 0.292	361.000, 0.292	361.000, 0.294	361.000, 0.294	361.000, 0.295
362.000, 0.294	362.000, 0.294	362.000, 0.295	362.000, 0.295	362.000, 0.297
363.000, 0.294	363.000, 0.293	363.000, 0.297	363.000, 0.297	363.000, 0.299
364.000, 0.295	364.000, 0.295	364.000, 0.298	364.000, 0.298	364.000, 0.299
365.000, 0.297	365.000, 0.296	365.000, 0.299	365.000, 0.299	365.000, 0.300
366.000, 0.299	366.000, 0.298	366.000, 0.300	366.000, 0.301	366.000, 0.302
367.000, 0.300	367.000, 0.300	367.000, 0.302	367.000, 0.303	367.000, 0.303
368.000, 0.301	368.000, 0.301	368.000, 0.303	368.000, 0.304	368.000, 0.304
369.000, 0.302	369.000, 0.302	369.000, 0.305	369.000, 0.305	369.000, 0.306
370.000, 0.303	370.000, 0.303	370.000, 0.306	370.000, 0.306	370.000, 0.308
371.000, 0.304	371.000, 0.305	371.000, 0.307	371.000, 0.307	371.000, 0.309
372.000, 0.306	372.000, 0.307	372.000, 0.309	372.000, 0.309	372.000, 0.311
373.000, 0.309	373.000, 0.309	373.000, 0.311	373.000, 0.312	373.000, 0.312
374.000, 0.311	374.000, 0.310	374.000, 0.312	374.000, 0.313	374.000, 0.313
375.000, 0.312	375.000, 0.312	375.000, 0.314	375.000, 0.315	375.000, 0.316
376.000, 0.313	376.000, 0.314	376.000, 0.316	376.000, 0.317	376.000, 0.319
377.000, 0.316	377.000, 0.316	377.000, 0.317	377.000, 0.318	377.000, 0.320
378.000, 0.319	378.000, 0.318	378.000, 0.319	378.000, 0.320	378.000, 0.321
379.000, 0.321	379.000, 0.319	379.000, 0.321	379.000, 0.323	379.000, 0.323
380.000, 0.322	380.000, 0.320	380.000, 0.323	380.000, 0.324	380.000, 0.324
381.000, 0.322	381.000, 0.322	381.000, 0.325	381.000, 0.325	381.000, 0.326
382.000, 0.324	382.000, 0.324	382.000, 0.326	382.000, 0.326	382.000, 0.329
383.000, 0.326	383.000, 0.326	383.000, 0.327	383.000, 0.328	383.000, 0.331
384.000, 0.329	384.000, 0.329	384.000, 0.329	384.000, 0.331	384.000, 0.333
385.000, 0.332	385.000, 0.332	385.000, 0.333	385.000, 0.334	385.000, 0.335
386.000, 0.334	386.000, 0.335	386.000, 0.336	386.000, 0.337	386.000, 0.338
387.000, 0.337	387.000, 0.338	387.000, 0.339	387.000, 0.339	387.000, 0.341
388.000, 0.339	388.000, 0.340	388.000, 0.340	388.000, 0.341	388.000, 0.343
389.000, 0.341	389.000, 0.342	389.000, 0.342	389.000, 0.343	389.000, 0.345
390.000, 0.342	390.000, 0.343	390.000, 0.345	390.000, 0.346	390.000, 0.347
391.000, 0.344	391.000, 0.344	391.000, 0.347	391.000, 0.348	391.000, 0.348
392.000, 0.346	392.000, 0.346	392.000, 0.348	392.000, 0.350	392.000, 0.350
393.000, 0.349	393.000, 0.349	393.000, 0.351	393.000, 0.352	393.000, 0.353
394.000, 0.351	394.000, 0.351	394.000, 0.353	394.000, 0.354	394.000, 0.355
395.000, 0.352	395.000, 0.353	395.000, 0.354	395.000, 0.356	395.000, 0.357
396.000, 0.354	396.000, 0.355	396.000, 0.356	396.000, 0.357	396.000, 0.358
397.000, 0.357	397.000, 0.358	397.000, 0.359	397.000, 0.360	397.000, 0.361
398.000, 0.360	398.000, 0.360	398.000, 0.362	398.000, 0.363	398.000, 0.364
399.000, 0.361	399.000, 0.361	399.000, 0.363	399.000, 0.365	399.000, 0.365
400.000, 0.362	400.000, 0.362	400.000, 0.365	400.000, 0.366	400.000, 0.366
401.000, 0.364	401.000, 0.364	401.000, 0.367	401.000, 0.367	401.000, 0.368
402.000, 0.366	402.000, 0.366	402.000, 0.368	402.000, 0.369	402.000, 0.370
403.000, 0.367	403.000, 0.367	403.000, 0.369	403.000, 0.371	403.000, 0.371
404.000, 0.368	404.000, 0.369	404.000, 0.371	404.000, 0.372	404.000, 0.372
405.000, 0.370	405.000, 0.370	405.000, 0.373	405.000, 0.373	405.000, 0.374
406.000, 0.372	406.000, 0.372	406.000, 0.374	406.000, 0.375	406.000, 0.375
407.000, 0.372	407.000, 0.373	407.000, 0.376	407.000, 0.376	407.000, 0.377
408.000, 0.374	408.000, 0.374	408.000, 0.377	408.000, 0.378	408.000, 0.378
409.000, 0.376	409.000, 0.376	409.000, 0.379	409.000, 0.380	409.000, 0.380
410.000, 0.378	410.000, 0.377	410.000, 0.380	410.000, 0.381	410.000, 0.381
411.000, 0.379	411.000, 0.378	411.000, 0.381	411.000, 0.382	411.000, 0.383
412.000, 0.380	412.000, 0.380	412.000, 0.383	412.000, 0.384	412.000, 0.384
413.000, 0.382	413.000, 0.382	413.000, 0.385	413.000, 0.385	413.000, 0.386
414.000, 0.383	414.000, 0.384	414.000, 0.386	414.000, 0.387	414.000, 0.387
415.000, 0.384	415.000, 0.385	415.000, 0.387	415.000, 0.388	415.000, 0.388
416.000, 0.386	416.000, 0.386	416.000, 0.388	416.000, 0.389	416.000, 0.390
417.000, 0.387	417.000, 0.387	417.000, 0.390	417.000, 0.390	417.000, 0.391
418.000, 0.389	418.000, 0.389	418.000, 0.391	418.000, 0.392	418.000, 0.393
419.000, 0.390	419.000, 0.390	419.000, 0.393	419.000, 0.394	419.000, 0.394
420.000, 0.391	420.000, 0.391	420.000, 0.394	420.000, 0.395	420.000, 0.395
421.000, 0.392	421.000, 0.393	421.000, 0.395	421.000, 0.396	421.000, 0.397
422.000, 0.394	422.000, 0.394	422.000, 0.397	422.000, 0.397	422.000, 0.398
423.000, 0.395	423.000, 0.396	423.000, 0.398	423.000, 0.399	423.000, 0.400
424.000, 0.397	424.000, 0.397	424.000, 0.400	424.000, 0.400	424.000, 0.401
425.000, 0.398	425.000, 0.398	425.000, 0.401	425.000, 0.402	425.000, 0.402
426.000, 0.400	426.000, 0.400	426.000, 0.402	426.000, 0.403	426.000, 0.404
427.000, 0.401	427.000, 0.402	427.000, 0.404	427.000, 0.405	427.000, 0.405
428.000, 0.403	428.000, 0.403	428.000, 0.406	428.000, 0.406	428.000, 0.407
429.000, 0.404	429.000, 0.405	429.000, 0.407	429.000, 0.408	429.000, 0.408
430.000, 0.405	430.000, 0.406	430.000, 0.409	430.000, 0.410	430.000, 0.410
431.000, 0.407	431.000, 0.408	431.000, 0.410	431.000, 0.411	431.000, 0.412
432.000, 0.409	432.000, 0.410	432.000, 0.412	432.000, 0.413	432.000, 0.413
433.000, 0.411	433.000, 0.411	433.000, 0.414	433.000, 0.414	433.000, 0.415
434.000, 0.412	434.000, 0.413	434.000, 0.415	434.000, 0.416	434.000, 0.416
435.000, 0.414	435.000, 0.414	435.000, 0.417	435.000, 0.418	435.000, 0.418
436.000, 0.415	436.000, 0.416	436.000, 0.418	436.000, 0.419	436.000, 0.420
437.000, 0.417	437.000, 0.417	437.000, 0.420	437.000, 0.421	437.000, 0.421
438.000, 0.419	438.000, 0.419	438.000, 0.422	438.000, 0.423	438.000, 0.423
439.000, 0.420	439.000, 0.420	439.000, 0.423	439.000, 0.424	439.000, 0.424
440.000, 0.422	440.000, 0.422	440.000, 0.425	440.000, 0.425	440.000, 0.426
441.000, 0.423	441.000, 0.423	441.000, 0.426	441.000, 0.427	441.000, 0.427
442.000, 0.425	442.000, 0.425	442.000, 0.428	442.000, 0.429	442.000, 0.429
443.000, 0.426	443.000, 0.427	443.000, 0.429	443.000, 0.430	443.000, 0.431
444.000, 0.428	444.000, 0.428	444.000, 0.431	444.000, 0.432	444.000, 0.432
445.000, 0.429	445.000, 0.429	445.000, 0.432	445.000, 0.433	445.000, 0.433
446.000, 0.430	446.000, 0.431	446.000, 0.433	446.000, 0.434	446.000, 0.435
447.000, 0.432	447.000, 0.432	447.000, 0.435	447.000, 0.436	447.000, 0.436
448.000, 0.433	448.000, 0.433	448.000, 0.436	448.000, 0.437	448.000, 0.437
449.000, 0.435	449.000, 0.435	449.000, 0.438	449.000, 0.439	449.000, 0.439
450.000, 0.436	450.000, 0.436	450.000, 0.439	450.000, 0.440	450.000, 0.440
451.000, 0.437	451.000, 0.437	451.000, 0.440	451.000, 0.441	451.000, 0.441
452.000, 0.438	452.000, 0.438	452.000, 0.441	452.000, 0.442	452.000, 0.442
453.000, 0.439	453.000, 0.439	453.000, 0.442	453.000, 0.443	453.000, 0.444
454.000, 0.440	454.000, 0.441	454.000, 0.444	454.000, 0.444	454.000, 0.445
455.000, 0.441	455.000, 0.442	455.000, 0.445	455.000, 0.445	455.000, 0.446
456.000, 0.442	456.000, 0.443	456.000, 0.446	456.000, 0.446	456.000, 0.447
457.000, 0.443	457.000, 0.444	457.000, 0.447	457.000, 0.447	457.000, 0.448
458.000, 0.445	458.000, 0.445	458.000, 0.448	458.000, 0.448	458.000, 0.449
459.000, 0.445	459.000, 0.445	459.000, 0.448	459.000, 0.449	459.000, 0.450
460.000, 0.446	460.000, 0.446	460.000, 0.449	460.000, 0.450	460.000, 0.450
461.000, 0.447	461.000, 0.447	461.000, 0.450	461.000, 0.451	461.000, 0.451
462.000, 0.448	462.000, 0.448	462.000, 0.451	462.000, 0.452	462.000, 0.452
463.000, 0.449	463.000, 0.449	463.000, 0.452	463.000, 0.453	463.000, 0.453
464.000, 0.449	464.000, 0.450	464.000, 0.452	464.000, 0.453	464.000, 0.453
465.000, 0.450	465.000, 0.450	465.000, 0.453	465.000, 0.454	465.000, 0.454
466.000, 0.451	466.000, 0.451	466.000, 0.454	466.000, 0.455	466.000, 0.455
467.000, 0.451	467.000, 0.452	467.000, 0.455	467.000, 0.456	467.000, 0.456
468.000, 0.452	468.000, 0.453	468.000, 0.455	468.000, 0.456	468.000, 0.456
469.000, 0.453	469.000, 0.453	469.000, 0.456	469.000, 0.457	469.000, 0.457
470.000, 0.453	470.000, 0.454	470.000, 0.457	470.000, 0.458	470.000, 0.458
471.000, 0.454	471.000, 0.455	471.000, 0.458	471.000, 0.459	471.000, 0.459
472.000, 0.455	472.000, 0.455	472.000, 0.458	472.000, 0.459	472.000, 0.459
473.000, 0.456	473.000, 0.456	473.000, 0.459	473.000, 0.460	473.000, 0.460
474.000, 0.456	474.000, 0.457	474.000, 0.460	474.000, 0.461	474.000, 0.461
475.000, 0.457	475.000, 0.458	475.000, 0.461	475.000, 0.462	475.000, 0.462
476.000, 0.458	476.000, 0.459	476.000, 0.462	476.000, 0.462	476.000, 0.463
477.000, 0.459	477.000, 0.460	477.000, 0.462	477.000, 0.463	477.000, 0.463
478.000, 0.460	478.000, 0.460	478.000, 0.463	478.000, 0.464	478.000, 0.464
479.000, 0.461	479.000, 0.461	479.000, 0.464	479.000, 0.465	479.000, 0.465
480.000, 0.461	480.000, 0.462	480.000, 0.465	480.000, 0.466	480.000, 0.466
481.000, 0.462	481.000, 0.462	481.000, 0.466	481.000, 0.466	481.000, 0.467
482.000, 0.463	482.000, 0.463	482.000, 0.466	482.000, 0.467	482.000, 0.467
483.000, 0.464	483.000, 0.464	483.000, 0.467	483.000, 0.468	483.000, 0.468
484.000, 0.465	484.000, 0.465	484.000, 0.468	484.000, 0.469	484.000, 0.469
485.000, 0.466	485.000, 0.466	485.000, 0.469	485.000, 0.470	485.000, 0.470
486.000, 0.467	486.000, 0.467	486.000, 0.470	486.000, 0.471	486.000, 0.471
487.000, 0.468	487.000, 0.468	487.000, 0.471	487.000, 0.472	487.000, 0.472
488.000, 0.469	488.000, 0.470	488.000, 0.472	488.000, 0.473	488.000, 0.473
489.000, 0.470	489.000, 0.471	489.000, 0.473	489.000, 0.474	489.000, 0.474
490.000, 0.471	490.000, 0.472	490.000, 0.475	490.000, 0.476	490.000, 0.475
491.000, 0.472	491.000, 0.473	491.000, 0.475	491.000, 0.476	491.000, 0.476
492.000, 0.473	492.000, 0.474	492.000, 0.476	492.000, 0.477	492.000, 0.477
493.000, 0.474	493.000, 0.475	493.000, 0.478	493.000, 0.479	493.000, 0.479
494.000, 0.476	494.000, 0.476	494.000, 0.479	494.000, 0.480	494.000, 0.480
495.000, 0.477	495.000, 0.477	495.000, 0.480	495.000, 0.481	495.000, 0.481
496.000, 0.478	496.000, 0.478	496.000, 0.481	496.000, 0.482	496.000, 0.482
497.000, 0.478	497.000, 0.479	497.000, 0.482	497.000, 0.483	497.000, 0.483
498.000, 0.479	498.000, 0.480	498.000, 0.483	498.000, 0.484	498.000, 0.484
499.000, 0.481	499.000, 0.481	499.000, 0.484	499.000, 0.485	499.000, 0.485
500.000, 0.482	500.000, 0.483	500.000, 0.485	500.000, 0.486	500.000, 0.487
501.000, 0.483	501.000, 0.484	501.000, 0.487	501.000, 0.488	501.000, 0.488
502.000, 0.484	502.000, 0.485	502.000, 0.488	502.000, 0.489	502.000, 0.489
503.000, 0.486	503.000, 0.486	503.000, 0.489	503.000, 0.490	503.000, 0.490
504.000, 0.487	504.000, 0.487	504.000, 0.490	504.000, 0.492	504.000, 0.491
505.000, 0.488	505.000, 0.489	505.000, 0.492	505.000, 0.493	505.000, 0.493
506.000, 0.489	506.000, 0.490	506.000, 0.493	506.000, 0.494	506.000, 0.494
507.000, 0.491	507.000, 0.491	507.000, 0.494	507.000, 0.495	507.000, 0.496
508.000, 0.492	508.000, 0.493	508.000, 0.496	508.000, 0.497	508.000, 0.497
509.000, 0.493	509.000, 0.494	509.000, 0.497	509.000, 0.498	509.000, 0.498
510.000, 0.494	510.000, 0.495	510.000, 0.498	510.000, 0.499	510.000, 0.499
511.000, 0.495	511.000, 0.496	511.000, 0.499	511.000, 0.500	511.000, 0.500
512.000, 0.497	512.000, 0.498	512.000, 0.500	512.000, 0.502	512.000, 0.502
513.000, 0.498	513.000, 0.499	513.000, 0.502	513.000, 0.503	513.000, 0.503
514.000, 0.499	514.000, 0.500	514.000, 0.503	514.000, 0.504	514.000, 0.504
515.000, 0.501	515.000, 0.501	515.000, 0.504	515.000, 0.505	515.000, 0.505
516.000, 0.502	516.000, 0.503	516.000, 0.506	516.000, 0.506	516.000, 0.507
517.000, 0.503	517.000, 0.504	517.000, 0.507	517.000, 0.508	517.000, 0.508
518.000, 0.505	518.000, 0.505	518.000, 0.508	518.000, 0.510	518.000, 0.510
519.000, 0.506	519.000, 0.507	519.000, 0.510	519.000, 0.511	519.000, 0.511
520.000, 0.508	520.000, 0.508	520.000, 0.511	520.000, 0.512	520.000, 0.512
521.000, 0.509	521.000, 0.510	521.000, 0.513	521.000, 0.514	521.000, 0.513
522.000, 0.510	522.000, 0.511	522.000, 0.514	522.000, 0.515	522.000, 0.515
523.000, 0.512	523.000, 0.512	523.000, 0.515	523.000, 0.516	523.000, 0.516
524.000, 0.513	524.000, 0.513	524.000, 0.516	524.000, 0.517	524.000, 0.517
525.000, 0.514	525.000, 0.514	525.000, 0.517	525.000, 0.519	525.000, 0.519
526.000, 0.515	526.000, 0.515	526.000, 0.519	526.000, 0.520	526.000, 0.520
527.000, 0.516	527.000, 0.517	527.000, 0.520	527.000, 0.521	527.000, 0.521
528.000, 0.518	528.000, 0.518	528.000, 0.521	528.000, 0.522	528.000, 0.523
529.000, 0.519	529.000, 0.520	529.000, 0.523	529.000, 0.524	529.000, 0.524
530.000, 0.520	530.000, 0.521	530.000, 0.524	530.000, 0.525	530.000, 0.525
531.000, 0.522	531.000, 0.522	531.000, 0.525	531.000, 0.527	531.000, 0.526
532.000, 0.523	532.000, 0.524	532.000, 0.527	532.000, 0.528	532.000, 0.528
533.000, 0.524	533.000, 0.525	533.000, 0.528	533.000, 0.529	533.000, 0.529
534.000, 0.526	534.000, 0.526	534.000, 0.529	534.000, 0.530	534.000, 0.530
535.000, 0.527	535.000, 0.527	535.000, 0.530	535.000, 0.532	535.000, 0.532
536.000, 0.528	536.000, 0.528	536.000, 0.532	536.000, 0.533	536.000, 0.533
537.000, 0.529	537.000, 0.529	537.000, 0.533	537.000, 0.534	537.000, 0.534
538.000, 0.530	538.000, 0.531	538.000, 0.534	538.000, 0.535	538.000, 0.535
539.000, 0.531	539.000, 0.532	539.000, 0.535	539.000, 0.536	539.000, 0.536
540.000, 0.532	540.000, 0.533	540.000, 0.536	540.000, 0.537	540.000, 0.537
541.000, 0.534	541.000, 0.534	541.000, 0.537	541.000, 0.538	541.000, 0.538
542.000, 0.535	542.000, 0.535	542.000, 0.539	542.000, 0.540	542.000, 0.540
543.000, 0.536	543.000, 0.537	543.000, 0.540	543.000, 0.541	543.000, 0.541
544.000, 0.538	544.000, 0.538	544.000, 0.541	544.000, 0.542	544.000, 0.542
545.000, 0.539	545.000, 0.539	545.000, 0.542	545.000, 0.544	545.000, 0.543
546.000, 0.540	546.000, 0.540	546.000, 0.543	546.000, 0.545	546.000, 0.544
547.000, 0.541	547.000, 0.541	547.000, 0.545	547.000, 0.546	547.000, 0.546
548.000, 0.542	548.000, 0.542	548.000, 0.546	548.000, 0.547	548.000, 0.547
549.000, 0.543	549.000, 0.544	549.000, 0.547	549.000, 0.548	549.000, 0.548
550.000, 0.544	550.000, 0.545	550.000, 0.548	550.000, 0.549	550.000, 0.549
551.000, 0.545	551.000, 0.546	551.000, 0.549	551.000, 0.550	551.000, 0.550
552.000, 0.547	552.000, 0.547	552.000, 0.550	552.000, 0.551	552.000, 0.551
553.000, 0.548	553.000, 0.548	553.000, 0.551	553.000, 0.552	553.000, 0.552
554.000, 0.549	554.000, 0.549	554.000, 0.552	554.000, 0.554	554.000, 0.553
555.000, 0.550	555.000, 0.550	555.000, 0.553	555.000, 0.555	555.000, 0.554
556.000, 0.551	556.000, 0.551	556.000, 0.555	556.000, 0.556	556.000, 0.555
557.000, 0.552	557.000, 0.552	557.000, 0.555	557.000, 0.557	557.000, 0.556
558.000, 0.552	558.000, 0.553	558.000, 0.556	558.000, 0.557	558.000, 0.557
559.000, 0.554	559.000, 0.554	559.000, 0.557	559.000, 0.558	559.000, 0.558
560.000, 0.555	560.000, 0.555	560.000, 0.558	560.000, 0.559	560.000, 0.559
561.000, 0.556	561.000, 0.556	561.000, 0.559	561.000, 0.561	561.000, 0.560
562.000, 0.557	562.000, 0.557	562.000, 0.560	562.000, 0.562	562.000, 0.561
563.000, 0.558	563.000, 0.558	563.000, 0.561	563.000, 0.562	563.000, 0.562
564.000, 0.558	564.000, 0.559	564.000, 0.562	564.000, 0.563	564.000, 0.563
565.000, 0.559	565.000, 0.560	565.000, 0.563	565.000, 0.564	565.000, 0.564
566.000, 0.560	566.000, 0.560	566.000, 0.564	566.000, 0.565	566.000, 0.565
567.000, 0.561	567.000, 0.561	567.000, 0.565	567.000, 0.566	567.000, 0.566
568.000, 0.562	568.000, 0.562	568.000, 0.566	568.000, 0.567	568.000, 0.566
569.000, 0.563	569.000, 0.563	569.000, 0.566	569.000, 0.568	569.000, 0.567
570.000, 0.563	570.000, 0.564	570.000, 0.567	570.000, 0.568	570.000, 0.568
571.000, 0.564	571.000, 0.565	571.000, 0.568	571.000, 0.569	571.000, 0.569
572.000, 0.565	572.000, 0.565	572.000, 0.569	572.000, 0.570	572.000, 0.570
573.000, 0.566	573.000, 0.566	573.000, 0.569	573.000, 0.571	573.000, 0.571
574.000, 0.566	574.000, 0.567	574.000, 0.570	574.000, 0.572	574.000, 0.571
575.000, 0.567	575.000, 0.568	575.000, 0.571	575.000, 0.572	575.000, 0.572
576.000, 0.568	576.000, 0.569	576.000, 0.572	576.000, 0.573	576.000, 0.573
577.000, 0.569	577.000, 0.570	577.000, 0.573	577.000, 0.574	577.000, 0.574
578.000, 0.570	578.000, 0.570	578.000, 0.574	578.000, 0.575	578.000, 0.575
579.000, 0.571	579.000, 0.571	579.000, 0.574	579.000, 0.576	579.000, 0.576
580.000, 0.571	580.000, 0.571	580.000, 0.575	580.000, 0.576	580.000, 0.576
581.000, 0.572	581.000, 0.572	581.000, 0.575	581.000, 0.577	581.000, 0.576
582.000, 0.572	582.000, 0.573	582.000, 0.576	582.000, 0.577	582.000, 0.577
583.000, 0.573	583.000, 0.573	583.000, 0.577	583.000, 0.578	583.000, 0.578
584.000, 0.574	584.000, 0.574	584.000, 0.578	584.000, 0.579	584.000, 0.579
585.000, 0.574	585.000, 0.575	585.000, 0.578	585.000, 0.579	585.000, 0.579
586.000, 0.575	586.000, 0.575	586.000, 0.578	586.000, 0.580	586.000, 0.580
587.000, 0.575	587.000, 0.576	587.000, 0.579	587.000, 0.580	587.000, 0.580
588.000, 0.576	588.000, 0.577	588.000, 0.580	588.000, 0.581	588.000, 0.581
589.000, 0.577	589.000, 0.577	589.000, 0.580	589.000, 0.581	589.000, 0.581
590.000, 0.577	590.000, 0.577	590.000, 0.581	590.000, 0.582	590.000, 0.582
591.000, 0.578	591.000, 0.578	591.000, 0.582	591.000, 0.583	591.000, 0.583
592.000, 0.579	592.000, 0.579	592.000, 0.582	592.000, 0.584	592.000, 0.584
593.000, 0.579	593.000, 0.579	593.000, 0.583	593.000, 0.584	593.000, 0.584
594.000, 0.580	594.000, 0.580	594.000, 0.584	594.000, 0.584	594.000, 0.584
595.000, 0.580	595.000, 0.581	595.000, 0.584	595.000, 0.585	595.000, 0.585
596.000, 0.581	596.000, 0.581	596.000, 0.584	596.000, 0.585	596.000, 0.586
597.000, 0.581	597.000, 0.581	597.000, 0.585	597.000, 0.586	597.000, 0.586
598.000, 0.581	598.000, 0.582	598.000, 0.585	598.000, 0.586	598.000, 0.586
599.000, 0.582	599.000, 0.582	599.000, 0.586	599.000, 0.587	599.000, 0.587
600.000, 0.582	600.000, 0.582	600.000, 0.586	600.000, 0.587	600.000, 0.587
601.000, 0.582	601.000, 0.583	601.000, 0.586	601.000, 0.588	601.000, 0.588
602.000, 0.583	602.000, 0.583	602.000, 0.587	602.000, 0.588	602.000, 0.588
603.000, 0.583	603.000, 0.584	603.000, 0.587	603.000, 0.589	603.000, 0.589
604.000, 0.584	604.000, 0.584	604.000, 0.588	604.000, 0.589	604.000, 0.589
605.000, 0.584	605.000, 0.585	605.000, 0.588	605.000, 0.590	605.000, 0.589
606.000, 0.585	606.000, 0.585	606.000, 0.589	606.000, 0.590	606.000, 0.590
607.000, 0.586	607.000, 0.586	607.000, 0.590	607.000, 0.591	607.000, 0.590
608.000, 0.586	608.000, 0.587	608.000, 0.590	608.000, 0.591	608.000, 0.591
609.000, 0.587	609.000, 0.587	609.000, 0.591	609.000, 0.592	609.000, 0.592
610.000, 0.587	610.000, 0.588	610.000, 0.592	610.000, 0.593	610.000, 0.592
611.000, 0.588	611.000, 0.588	611.000, 0.592	611.000, 0.593	611.000, 0.593
612.000, 0.588	612.000, 0.589	612.000, 0.592	612.000, 0.593	612.000, 0.594
613.000, 0.589	613.000, 0.589	613.000, 0.593	613.000, 0.594	613.000, 0.594
614.000, 0.589	614.000, 0.590	614.000, 0.593	614.000, 0.594	614.000, 0.594
615.000, 0.590	615.000, 0.590	615.000, 0.594	615.000, 0.595	615.000, 0.595
616.000, 0.590	616.000, 0.591	616.000, 0.594	616.000, 0.595	616.000, 0.595
617.000, 0.591	617.000, 0.591	617.000, 0.595	617.000, 0.596	617.000, 0.595
618.000, 0.591	618.000, 0.591	618.000, 0.595	618.000, 0.596	618.000, 0.596
619.000, 0.591	619.000, 0.592	619.000, 0.595	619.000, 0.596	619.000, 0.596
620.000, 0.592	620.000, 0.592	620.000, 0.596	620.000, 0.597	620.000, 0.597
621.000, 0.593	621.000, 0.593	621.000, 0.596	621.000, 0.597	621.000, 0.597
622.000, 0.593	622.000, 0.593	622.000, 0.597	622.000, 0.598	622.000, 0.598
623.000, 0.593	623.000, 0.593	623.000, 0.597	623.000, 0.598	623.000, 0.598
624.000, 0.594	624.000, 0.594	624.000, 0.598	624.000, 0.599	624.000, 0.598
625.000, 0.594	625.000, 0.595	625.000, 0.598	625.000, 0.599	625.000, 0.599
626.000, 0.595	626.000, 0.595	626.000, 0.598	626.000, 0.600	626.000, 0.599
627.000, 0.595	627.000, 0.595	627.000, 0.598	627.000, 0.600	627.000, 0.599
628.000, 0.595	628.000, 0.595	628.000, 0.599	628.000, 0.600	628.000, 0.600
629.000, 0.596	629.000, 0.596	629.000, 0.599	629.000, 0.600	629.000, 0.600
630.000, 0.596	630.000, 0.596	630.000, 0.600	630.000, 0.601	630.000, 0.601
631.000, 0.597	631.000, 0.597	631.000, 0.600	631.000, 0.602	631.000, 0.601
632.000, 0.597	632.000, 0.597	632.000, 0.601	632.000, 0.602	632.000, 0.602
633.000, 0.597	633.000, 0.598	633.000, 0.601	633.000, 0.602	633.000, 0.602
634.000, 0.598	634.000, 0.598	634.000, 0.602	634.000, 0.602	634.000, 0.602
635.000, 0.598	635.000, 0.598	635.000, 0.602	635.000, 0.603	635.000, 0.603
636.000, 0.599	636.000, 0.599	636.000, 0.602	636.000, 0.604	636.000, 0.604
637.000, 0.599	637.000, 0.599	637.000, 0.603	637.000, 0.604	637.000, 0.604
638.000, 0.599	638.000, 0.600	638.000, 0.603	638.000, 0.604	638.000, 0.604
639.000, 0.600	639.000, 0.600	639.000, 0.603	639.000, 0.604	639.000, 0.604
640.000, 0.600	640.000, 0.600	640.000, 0.604	640.000, 0.605	640.000, 0.605
641.000, 0.601	641.000, 0.601	641.000, 0.604	641.000, 0.606	641.000, 0.605
642.000, 0.601	642.000, 0.601	642.000, 0.605	642.000, 0.606	642.000, 0.606
643.000, 0.602	643.000, 0.602	643.000, 0.605	643.000, 0.607	643.000, 0.606
644.000, 0.602	644.000, 0.602	644.000, 0.605	644.000, 0.607	644.000, 0.607
645.000, 0.602	645.000, 0.602	645.000, 0.606	645.000, 0.607	645.000, 0.607
646.000, 0.603	646.000, 0.602	646.000, 0.606	646.000, 0.607	646.000, 0.607
647.000, 0.603	647.000, 0.603	647.000, 0.607	647.000, 0.608	647.000, 0.608
648.000, 0.604	648.000, 0.603	648.000, 0.607	648.000, 0.608	648.000, 0.608
649.000, 0.604	649.000, 0.604	649.000, 0.608	649.000, 0.609	649.000, 0.609
650.000, 0.604	650.000, 0.605	650.000, 0.608	650.000, 0.609	650.000, 0.609
651.000, 0.605	651.000, 0.604	651.000, 0.608	651.000, 0.609	651.000, 0.609
652.000, 0.605	652.000, 0.605	652.000, 0.609	652.000, 0.610	652.000, 0.610
653.000, 0.606	653.000, 0.606	653.000, 0.609	653.000, 0.610	653.000, 0.610
654.000, 0.605	654.000, 0.606	654.000, 0.610	654.000, 0.611	654.000, 0.610
655.000, 0.606	655.000, 0.606	655.000, 0.610	655.000, 0.611	655.000, 0.611
656.000, 0.607	656.000, 0.607	656.000, 0.610	656.000, 0.612	656.000, 0.611
657.000, 0.607	657.000, 0.607	657.000, 0.611	657.000, 0.612	657.000, 0.612
658.000, 0.608	658.000, 0.608	658.000, 0.611	658.000, 0.613	658.000, 0.612
659.000, 0.609	659.000, 0.609	659.000, 0.612	659.000, 0.613	659.000, 0.613
660.000, 0.609	660.000, 0.609	660.000, 0.613	660.000, 0.614	660.000, 0.614
661.000, 0.609	661.000, 0.610	661.000, 0.613	661.000, 0.614	661.000, 0.614
662.000, 0.610	662.000, 0.610	662.000, 0.613	662.000, 0.615	662.000, 0.614
663.000, 0.610	663.000, 0.610	663.000, 0.614	663.000, 0.615	663.000, 0.615
664.000, 0.610	664.000, 0.611	664.000, 0.614	664.000, 0.615	664.000, 0.615
665.000, 0.611	665.000, 0.611	665.000, 0.614	665.000, 0.616	665.000, 0.616
666.000, 0.611	666.000, 0.612	666.000, 0.615	666.000, 0.616	666.000, 0.616
667.000, 0.611	667.000, 0.612	667.000, 0.615	667.000, 0.616	667.000, 0.617
668.000, 0.612	668.000, 0.612	668.000, 0.616	668.000, 0.617	668.000, 0.617
669.000, 0.613	669.000, 0.613	669.000, 0.617	669.000, 0.618	669.000, 0.618
670.000, 0.613	670.000, 0.613	670.000, 0.617	670.000, 0.618	670.000, 0.618
671.000, 0.613	671.000, 0.614	671.000, 0.617	671.000, 0.618	671.000, 0.619
672.000, 0.614	672.000, 0.614	672.000, 0.617	672.000, 0.619	672.000, 0.619
673.000, 0.614	673.000, 0.614	673.000, 0.618	673.000, 0.619	673.000, 0.619
674.000, 0.615	674.000, 0.615	674.000, 0.618	674.000, 0.619	674.000, 0.619
675.000, 0.616	675.000, 0.616	675.000, 0.619	675.000, 0.620	675.000, 0.620
676.000, 0.615	676.000, 0.616	676.000, 0.619	676.000, 0.621	676.000, 0.621
677.000, 0.616	677.000, 0.616	677.000, 0.620	677.000, 0.621	677.000, 0.621
678.000, 0.617	678.000, 0.617	678.000, 0.620	678.000, 0.622	678.000, 0.621
679.000, 0.617	679.000, 0.617	679.000, 0.621	679.000, 0.622	679.000, 0.622
680.000, 0.617	680.000, 0.617	680.000, 0.621	680.000, 0.622	680.000, 0.622
681.000, 0.618	681.000, 0.618	681.000, 0.622	681.000, 0.623	681.000, 0.623
682.000, 0.618	682.000, 0.618	682.000, 0.622	682.000, 0.623	682.000, 0.623
683.000, 0.618	683.000, 0.618	683.000, 0.622	683.000, 0.623	683.000, 0.623
684.000, 0.618	684.000, 0.619	684.000, 0.623	684.000, 0.624	684.000, 0.624
685.000, 0.619	685.000, 0.619	685.000, 0.623	685.000, 0.624	685.000, 0.624
686.000, 0.619	686.000, 0.619	686.000, 0.623	686.000, 0.623	686.000, 0.623
687.000, 0.619	687.000, 0.620	687.000, 0.623	687.000, 0.624	687.000, 0.624
688.000, 0.620	688.000, 0.620	688.000, 0.624	688.000, 0.625	688.000, 0.625
689.000, 0.621	689.000, 0.621	689.000, 0.625	689.000, 0.626	689.000, 0.625
690.000, 0.622	690.000, 0.622	690.000, 0.625	690.000, 0.627	690.000, 0.626
691.000, 0.622	691.000, 0.622	691.000, 0.626	691.000, 0.627	691.000, 0.627
692.000, 0.623	692.000, 0.623	692.000, 0.626	692.000, 0.627	692.000, 0.627
693.000, 0.623	693.000, 0.623	693.000, 0.627	693.000, 0.628	693.000, 0.628
694.000, 0.623	694.000, 0.624	694.000, 0.627	694.000, 0.629	694.000, 0.628
695.000, 0.624	695.000, 0.625	695.000, 0.628	695.000, 0.629	695.000, 0.629
696.000, 0.625	696.000, 0.626	696.000, 0.629	696.000, 0.630	696.000, 0.630
697.000, 0.625	697.000, 0.626	697.000, 0.630	697.000, 0.631	697.000, 0.630
698.000, 0.626	698.000, 0.627	698.000, 0.630	698.000, 0.631	698.000, 0.631
699.000, 0.627	699.000, 0.627	699.000, 0.630	699.000, 0.631	699.000, 0.631
700.000, 0.627	700.000, 0.626	700.000, 0.630	700.000, 0.631	700.000, 0.631
701.000, 0.627	701.000, 0.627	701.000, 0.631	701.000, 0.632	701.000, 0.632
702.000, 0.628	702.000, 0.628	702.000, 0.632	702.000, 0.633	702.000, 0.633
703.000, 0.629	703.000, 0.629	703.000, 0.632	703.000, 0.633	703.000, 0.633
704.000, 0.629	704.000, 0.629	704.000, 0.633	704.000, 0.634	704.000, 0.634
705.000, 0.630	705.000, 0.630	705.000, 0.634	705.000, 0.634	705.000, 0.634
706.000, 0.630	706.000, 0.631	706.000, 0.634	706.000, 0.635	706.000, 0.635
707.000, 0.631	707.000, 0.631	707.000, 0.635	707.000, 0.636	707.000, 0.635
708.000, 0.631	708.000, 0.631	708.000, 0.635	708.000, 0.636	708.000, 0.636
709.000, 0.631	709.000, 0.632	709.000, 0.635	709.000, 0.636	709.000, 0.636
710.000, 0.632	710.000, 0.632	710.000, 0.636	710.000, 0.637	710.000, 0.637
711.000, 0.633	711.000, 0.633	711.000, 0.636	711.000, 0.638	711.000, 0.638
712.000, 0.633	712.000, 0.633	712.000, 0.637	712.000, 0.638	712.000, 0.638
713.000, 0.634	713.000, 0.634	713.000, 0.638	713.000, 0.638	713.000, 0.639
714.000, 0.634	714.000, 0.634	714.000, 0.638	714.000, 0.639	714.000, 0.639
715.000, 0.634	715.000, 0.634	715.000, 0.638	715.000, 0.639	715.000, 0.639
716.000, 0.634	716.000, 0.634	716.000, 0.638	716.000, 0.639	716.000, 0.639
717.000, 0.635	717.000, 0.635	717.000, 0.638	717.000, 0.639	717.000, 0.640
718.000, 0.636	718.000, 0.636	718.000, 0.639	718.000, 0.640	718.000, 0.641
719.000, 0.636	719.000, 0.637	719.000, 0.640	719.000, 0.641	719.000, 0.641
720.000, 0.637	720.000, 0.637	720.000, 0.641	720.000, 0.642	720.000, 0.642
721.000, 0.638	721.000, 0.638	721.000, 0.642	721.000, 0.642	721.000, 0.643
722.000, 0.638	722.000, 0.638	722.000, 0.642	722.000, 0.643	722.000, 0.643
723.000, 0.638	723.000, 0.639	723.000, 0.642	723.000, 0.643	723.000, 0.643
724.000, 0.639	724.000, 0.639	724.000, 0.642	724.000, 0.643	724.000, 0.643
725.000, 0.639	725.000, 0.639	725.000, 0.643	725.000, 0.644	725.000, 0.644
726.000, 0.640	726.000, 0.640	726.000, 0.644	726.000, 0.645	726.000, 0.645
727.000, 0.641	727.000, 0.641	727.000, 0.644	727.000, 0.646	727.000, 0.645
728.000, 0.641	728.000, 0.641	728.000, 0.644	728.000, 0.646	728.000, 0.646
729.000, 0.641	729.000, 0.641	729.000, 0.645	729.000, 0.646	729.000, 0.646
730.000, 0.643	730.000, 0.643	730.000, 0.646	730.000, 0.647	730.000, 0.647
731.000, 0.644	731.000, 0.644	731.000, 0.647	731.000, 0.648	731.000, 0.648
732.000, 0.645	732.000, 0.644	732.000, 0.648	732.000, 0.649	732.000, 0.648
733.000, 0.645	733.000, 0.644	733.000, 0.648	733.000, 0.649	733.000, 0.649
734.000, 0.645	734.000, 0.645	734.000, 0.648	734.000, 0.650	734.000, 0.650
735.000, 0.646	735.000, 0.646	735.000, 0.649	735.000, 0.650	735.000, 0.650
736.000, 0.646	736.000, 0.646	736.000, 0.650	736.000, 0.651	736.000, 0.650
737.000, 0.647	737.000, 0.647	737.000, 0.650	737.000, 0.651	737.000, 0.650
738.000, 0.648	738.000, 0.648	738.000, 0.650	738.000, 0.652	738.000, 0.652
739.000, 0.648	739.000, 0.648	739.000, 0.651	739.000, 0.652	739.000, 0.653
740.000, 0.649	740.000, 0.649	740.000, 0.652	740.000, 0.653	740.000, 0.654
741.000, 0.649	741.000, 0.649	741.000, 0.653	741.000, 0.654	741.000, 0.654
742.000, 0.650	742.000, 0.650	742.000, 0.653	742.000, 0.654	742.000, 0.654
743.000, 0.651	743.000, 0.651	743.000, 0.654	743.000, 0.655	743.000, 0.655
744.000, 0.651	744.000, 0.651	744.000, 0.654	744.000, 0.655	744.000, 0.655
745.000, 0.651	745.000, 0.651	745.000, 0.655	745.000, 0.656	745.000, 0.655
746.000, 0.652	746.000, 0.652	746.000, 0.655	746.000, 0.656	746.000, 0.656
747.000, 0.652	747.000, 0.652	747.000, 0.655	747.000, 0.657	747.000, 0.657
748.000, 0.653	748.000, 0.653	748.000, 0.656	748.000, 0.657	748.000, 0.657
749.000, 0.654	749.000, 0.653	749.000, 0.657	749.000, 0.658	749.000, 0.658
750.000, 0.654	750.000, 0.654	750.000, 0.658	750.000, 0.658	750.000, 0.658
751.000, 0.655	751.000, 0.655	751.000, 0.658	751.000, 0.659	751.000, 0.659
752.000, 0.655	752.000, 0.656	752.000, 0.659	752.000, 0.660	752.000, 0.660
753.000, 0.656	753.000, 0.656	753.000, 0.659	753.000, 0.660	753.000, 0.661
754.000, 0.656	754.000, 0.656	754.000, 0.659	754.000, 0.660	754.000, 0.660
755.000, 0.656	755.000, 0.656	755.000, 0.660	755.000, 0.661	755.000, 0.661
756.000, 0.656	756.000, 0.657	756.000, 0.660	756.000, 0.661	756.000, 0.661
757.000, 0.656	757.000, 0.656	757.000, 0.659	757.000, 0.660	757.000, 0.660
758.000, 0.654	758.000, 0.654	758.000, 0.658	758.000, 0.658	758.000, 0.659
759.000, 0.653	759.000, 0.652	759.000, 0.656	759.000, 0.657	759.000, 0.657
760.000, 0.654	760.000, 0.654	760.000, 0.657	760.000, 0.658	760.000, 0.658
761.000, 0.656	761.000, 0.656	761.000, 0.659	761.000, 0.660	761.000, 0.660
762.000, 0.657	762.000, 0.657	762.000, 0.660	762.000, 0.661	762.000, 0.661
763.000, 0.659	763.000, 0.659	763.000, 0.662	763.000, 0.663	763.000, 0.664
764.000, 0.660	764.000, 0.661	764.000, 0.664	764.000, 0.664	764.000, 0.665
765.000, 0.662	765.000, 0.662	765.000, 0.664	765.000, 0.665	765.000, 0.666
766.000, 0.662	766.000, 0.662	766.000, 0.665	766.000, 0.666	766.000, 0.666
767.000, 0.663	767.000, 0.662	767.000, 0.666	767.000, 0.667	767.000, 0.666
768.000, 0.664	768.000, 0.663	768.000, 0.666	768.000, 0.668	768.000, 0.667
769.000, 0.664	769.000, 0.663	769.000, 0.667	769.000, 0.668	769.000, 0.667
770.000, 0.664	770.000, 0.664	770.000, 0.667	770.000, 0.668	770.000, 0.668
771.000, 0.665	771.000, 0.665	771.000, 0.668	771.000, 0.668	771.000, 0.669
772.000, 0.666	772.000, 0.665	772.000, 0.668	772.000, 0.669	772.000, 0.669
773.000, 0.666	773.000, 0.665	773.000, 0.669	773.000, 0.670	773.000, 0.669
774.000, 0.666	774.000, 0.666	774.000, 0.669	774.000, 0.670	774.000, 0.670
775.000, 0.667	775.000, 0.667	775.000, 0.670	775.000, 0.671	775.000, 0.671
776.000, 0.668	776.000, 0.667	776.000, 0.670	776.000, 0.671	776.000, 0.672
777.000, 0.668	777.000, 0.668	777.000, 0.671	777.000, 0.672	777.000, 0.672
778.000, 0.668	778.000, 0.668	778.000, 0.671	778.000, 0.672	778.000, 0.672
779.000, 0.668	779.000, 0.668	779.000, 0.672	779.000, 0.672	779.000, 0.672
780.000, 0.669	780.000, 0.669	780.000, 0.673	780.000, 0.673	780.000, 0.673
781.000, 0.670	781.000, 0.670	781.000, 0.673	781.000, 0.674	781.000, 0.673
782.000, 0.670	782.000, 0.670	782.000, 0.673	782.000, 0.674	782.000, 0.673
783.000, 0.670	783.000, 0.670	783.000, 0.673	783.000, 0.674	783.000, 0.674
784.000, 0.671	784.000, 0.671	784.000, 0.674	784.000, 0.675	784.000, 0.675
785.000, 0.671	785.000, 0.672	785.000, 0.675	785.000, 0.675	785.000, 0.675
786.000, 0.672	786.000, 0.672	786.000, 0.675	786.000, 0.675	786.000, 0.675
787.000, 0.672	787.000, 0.672	787.000, 0.675	787.000, 0.676	787.000, 0.676
788.000, 0.673	788.000, 0.673	788.000, 0.676	788.000, 0.676	788.000, 0.677
789.000, 0.673	789.000, 0.673	789.000, 0.676	789.000, 0.677	789.000, 0.676
790.000, 0.674	790.000, 0.673	790.000, 0.676	790.000, 0.677	790.000, 0.677
791.000, 0.674	791.000, 0.674	791.000, 0.677	791.000, 0.677	791.000, 0.678
792.000, 0.674	792.000, 0.674	792.000, 0.678	792.000, 0.678	792.000, 0.678
793.000, 0.675	793.000, 0.674	793.000, 0.678	793.000, 0.679	793.000, 0.679
794.000, 0.675	794.000, 0.675	794.000, 0.678	794.000, 0.679	794.000, 0.679
795.000, 0.676	795.000, 0.675	795.000, 0.678	795.000, 0.679	795.000, 0.679
796.000, 0.676	796.000, 0.676	796.000, 0.679	796.000, 0.679	796.000, 0.679
797.000, 0.676	797.000, 0.676	797.000, 0.679	797.000, 0.679	797.000, 0.680
798.000, 0.676	798.000, 0.677	798.000, 0.679	798.000, 0.680	798.000, 0.680
799.000, 0.677	799.000, 0.677	799.000, 0.680	799.000, 0.680	799.000, 0.680
800.000, 0.677	800.000, 0.677	800.000, 0.680	800.000, 0.681	800.000, 0.680
801.000, 0.677	801.000, 0.678	801.000, 0.680	801.000, 0.681	801.000, 0.680
802.000, 0.678	802.000, 0.678	802.000, 0.681	802.000, 0.682	802.000, 0.681
803.000, 0.679	803.000, 0.678	803.000, 0.682	803.000, 0.683	803.000, 0.683
804.000, 0.680	804.000, 0.679	804.000, 0.682	804.000, 0.683	804.000, 0.683
805.000, 0.680	805.000, 0.679	805.000, 0.682	805.000, 0.683	805.000, 0.683
806.000, 0.679	806.000, 0.679	806.000, 0.682	806.000, 0.682	806.000, 0.682
807.000, 0.679	807.000, 0.679	807.000, 0.682	807.000, 0.682	807.000, 0.683
808.000, 0.680	808.000, 0.680	808.000, 0.682	808.000, 0.683	808.000, 0.683
809.000, 0.681	809.000, 0.680	809.000, 0.683	809.000, 0.684	809.000, 0.684
810.000, 0.681	810.000, 0.680	810.000, 0.684	810.000, 0.684	810.000, 0.684
811.000, 0.680	811.000, 0.680	811.000, 0.683	811.000, 0.684	811.000, 0.684
812.000, 0.681	812.000, 0.680	812.000, 0.683	812.000, 0.685	812.000, 0.684
813.000, 0.681	813.000, 0.681	813.000, 0.684	813.000, 0.685	813.000, 0.684
814.000, 0.682	814.000, 0.681	814.000, 0.684	814.000, 0.685	814.000, 0.686
815.000, 0.683	815.000, 0.682	815.000, 0.685	815.000, 0.685	815.000, 0.687
816.000, 0.684	816.000, 0.683	816.000, 0.686	816.000, 0.686	816.000, 0.687
817.000, 0.684	817.000, 0.683	817.000, 0.687	817.000, 0.687	817.000, 0.687
818.000, 0.684	818.000, 0.684	818.000, 0.687	818.000, 0.688	818.000, 0.688
819.000, 0.684	819.000, 0.684	819.000, 0.686	819.000, 0.687	819.000, 0.688
820.000, 0.685	820.000, 0.684	820.000, 0.687	820.000, 0.687	820.000, 0.688
821.000, 0.686	821.000, 0.684	821.000, 0.687	821.000, 0.687	821.000, 0.688
822.000, 0.686	822.000, 0.684	822.000, 0.687	822.000, 0.688	822.000, 0.688
823.000, 0.686	823.000, 0.685	823.000, 0.688	823.000, 0.689	823.000, 0.689
824.000, 0.686	824.000, 0.686	824.000, 0.689	824.000, 0.690	824.000, 0.690
825.000, 0.686	825.000, 0.686	825.000, 0.689	825.000, 0.689	825.000, 0.690
826.000, 0.686	826.000, 0.685	826.000, 0.689	826.000, 0.689	826.000, 0.690
827.000, 0.687	827.000, 0.686	827.000, 0.689	827.000, 0.690	827.000, 0.690
828.000, 0.687	828.000, 0.686	828.000, 0.689	828.000, 0.690	828.000, 0.690
829.000, 0.687	829.000, 0.687	829.000, 0.690	829.000, 0.690	829.000, 0.690
830.000, 0.688	830.000, 0.687	830.000, 0.690	830.000, 0.691	830.000, 0.691
831.000, 0.688	831.000, 0.687	831.000, 0.690	831.000, 0.691	831.000, 0.691
832.000, 0.688	832.000, 0.687	832.000, 0.691	832.000, 0.692	832.000, 0.692
833.000, 0.689	833.000, 0.689	833.000, 0.692	833.000, 0.693	833.000, 0.693
834.000, 0.690	834.000, 0.689	834.000, 0.692	834.000, 0.693	834.000, 0.693
835.000, 0.690	835.000, 0.689	835.000, 0.692	835.000, 0.692	835.000, 0.693
836.000, 0.691	836.000, 0.690	836.000, 0.692	836.000, 0.692	836.000, 0.694
837.000, 0.690	837.000, 0.690	837.000, 0.693	837.000, 0.693	837.000, 0.694
838.000, 0.689	838.000, 0.689	838.000, 0.693	838.000, 0.694	838.000, 0.693
839.000, 0.691	839.000, 0.690	839.000, 0.694	839.000, 0.695	839.000, 0.694
840.000, 0.692	840.000, 0.691	840.000, 0.694	840.000, 0.695	840.000, 0.694
841.000, 0.691	841.000, 0.691	841.000, 0.694	841.000, 0.694	841.000, 0.694
842.000, 0.691	842.000, 0.691	842.000, 0.694	842.000, 0.694	842.000, 0.694
843.000, 0.691	843.000, 0.691	843.000, 0.695	843.000, 0.695	843.000, 0.695
844.000, 0.692	844.000, 0.692	844.000, 0.696	844.000, 0.696	844.000, 0.697
845.000, 0.693	845.000, 0.692	845.000, 0.696	845.000, 0.696	845.000, 0.696
846.000, 0.693	846.000, 0.692	846.000, 0.696	846.000, 0.695	846.000, 0.696
847.000, 0.693	847.000, 0.693	847.000, 0.695	847.000, 0.696	847.000, 0.696
848.000, 0.694	848.000, 0.694	848.000, 0.696	848.000, 0.697	848.000, 0.697
849.000, 0.694	849.000, 0.695	849.000, 0.697	849.000, 0.698	849.000, 0.697
850.000, 0.694	850.000, 0.693	850.000, 0.696	850.000, 0.697	850.000, 0.697
851.000, 0.694	851.000, 0.693	851.000, 0.696	851.000, 0.697	851.000, 0.697
852.000, 0.695	852.000, 0.694	852.000, 0.697	852.000, 0.697	852.000, 0.698
853.000, 0.694	853.000, 0.695	853.000, 0.698	853.000, 0.697	853.000, 0.698
854.000, 0.694	854.000, 0.695	854.000, 0.698	854.000, 0.698	854.000, 0.698
855.000, 0.695	855.000, 0.695	855.000, 0.699	855.000, 0.699	855.000, 0.698
856.000, 0.696	856.000, 0.695	856.000, 0.699	856.000, 0.698	856.000, 0.699
857.000, 0.696	857.000, 0.697	857.000, 0.699	857.000, 0.698	857.000, 0.700
858.000, 0.697	858.000, 0.697	858.000, 0.700	858.000, 0.700	858.000, 0.700
859.000, 0.697	859.000, 0.697	859.000, 0.701	859.000, 0.700	859.000, 0.700
860.000, 0.698	860.000, 0.697	860.000, 0.700	860.000, 0.700	860.000, 0.701
861.000, 0.698	861.000, 0.697	861.000, 0.699	861.000, 0.700	861.000, 0.701
862.000, 0.697	862.000, 0.697	862.000, 0.698	862.000, 0.700	862.000, 0.700
863.000, 0.697	863.000, 0.697	863.000, 0.698	863.000, 0.700	863.000, 0.700
864.000, 0.697	864.000, 0.698	864.000, 0.700	864.000, 0.701	864.000, 0.701
865.000, 0.698	865.000, 0.699	865.000, 0.702	865.000, 0.703	865.000, 0.702
866.000, 0.698	866.000, 0.698	866.000, 0.701	866.000, 0.703	866.000, 0.702
867.000, 0.699	867.000, 0.698	867.000, 0.701	867.000, 0.703	867.000, 0.702
868.000, 0.700	868.000, 0.699	868.000, 0.703	868.000, 0.703	868.000, 0.704
869.000, 0.700	869.000, 0.700	869.000, 0.702	869.000, 0.702	869.000, 0.703
870.000, 0.700	870.000, 0.700	870.000, 0.701	870.000, 0.702	870.000, 0.703
871.000, 0.700	871.000, 0.700	871.000, 0.701	871.000, 0.703	871.000, 0.703
872.000, 0.701	872.000, 0.700	872.000, 0.704	872.000, 0.704	872.000, 0.705
873.000, 0.702	873.000, 0.701	873.000, 0.705	873.000, 0.705	873.000, 0.706
874.000, 0.701	874.000, 0.701	874.000, 0.705	874.000, 0.705	874.000, 0.707
875.000, 0.701	875.000, 0.700	875.000, 0.704	875.000, 0.704	875.000, 0.705
876.000, 0.700	876.000, 0.701	876.000, 0.703	876.000, 0.703	876.000, 0.703
877.000, 0.701	877.000, 0.701	877.000, 0.705	877.000, 0.703	877.000, 0.704
878.000, 0.702	878.000, 0.702	878.000, 0.706	878.000, 0.705	878.000, 0.704
879.000, 0.703	879.000, 0.702	879.000, 0.705	879.000, 0.707	879.000, 0.705
880.000, 0.703	880.000, 0.702	880.000, 0.705	880.000, 0.706	880.000, 0.705
881.000, 0.702	881.000, 0.701	881.000, 0.704	881.000, 0.704	881.000, 0.705
882.000, 0.702	882.000, 0.701	882.000, 0.704	882.000, 0.705	882.000, 0.705
883.000, 0.703	883.000, 0.702	883.000, 0.706	883.000, 0.706	883.000, 0.706
884.000, 0.704	884.000, 0.704	884.000, 0.707	884.000, 0.707	884.000, 0.708
885.000, 0.703	885.000, 0.703	885.000, 0.706	885.000, 0.707	885.000, 0.708
886.000, 0.703	886.000, 0.703	886.000, 0.707	886.000, 0.707	886.000, 0.708
887.000, 0.704	887.000, 0.704	887.000, 0.708	887.000, 0.707	887.000, 0.707
888.000, 0.704	888.000, 0.704	888.000, 0.708	888.000, 0.708	888.000, 0.708
889.000, 0.705	889.000, 0.704	889.000, 0.708	889.000, 0.709	889.000, 0.709
890.000, 0.705	890.000, 0.705	890.000, 0.707	890.000, 0.709	890.000, 0.709
891.000, 0.706	891.000, 0.703	891.000, 0.707	891.000, 0.707	891.000, 0.708
892.000, 0.705	892.000, 0.702	892.000, 0.707	892.000, 0.705	892.000, 0.707
893.000, 0.703	893.000, 0.703	893.000, 0.707	893.000, 0.707	893.000, 0.707
894.000, 0.704	894.000, 0.704	894.000, 0.708	894.000, 0.708	894.000, 0.708
895.000, 0.706	895.000, 0.705	895.000, 0.708	895.000, 0.708	895.000, 0.709
896.000, 0.703	896.000, 0.701	896.000, 0.706	896.000, 0.707	896.000, 0.706
897.000, 0.702	897.000, 0.700	897.000, 0.705	897.000, 0.708	897.000, 0.706
898.000, 0.707	898.000, 0.704	898.000, 0.707	898.000, 0.710	898.000, 0.709
899.000, 0.707	899.000, 0.705	899.000, 0.707	899.000, 0.707	899.000, 0.710
900.000, 0.706	900.000, 0.705	900.000, 0.707	900.000, 0.706	900.000, 0.709
901.000, 0.707	901.000, 0.706	901.000, 0.710	901.000, 0.708	901.000, 0.709
902.000, 0.706	902.000, 0.704	902.000, 0.709	902.000, 0.708	902.000, 0.710
903.000, 0.705	903.000, 0.702	903.000, 0.707	903.000, 0.707	903.000, 0.710
904.000, 0.706	904.000, 0.705	904.000, 0.708	904.000, 0.708	904.000, 0.708
905.000, 0.707	905.000, 0.706	905.000, 0.710	905.000, 0.710	905.000, 0.709
906.000, 0.709	906.000, 0.705	906.000, 0.712	906.000, 0.712	906.000, 0.712
907.000, 0.711	907.000, 0.706	907.000, 0.710	907.000, 0.712	907.000, 0.713
908.000, 0.712	908.000, 0.708	908.000, 0.711	908.000, 0.711	908.000, 0.713
909.000, 0.713	909.000, 0.709	909.000, 0.714	909.000, 0.712	909.000, 0.713
910.000, 0.711	910.000, 0.708	910.000, 0.712	910.000, 0.712	910.000, 0.710
911.000, 0.709	911.000, 0.706	911.000, 0.710	911.000, 0.712	911.000, 0.709
912.000, 0.712	912.000, 0.708	912.000, 0.713	912.000, 0.711	912.000, 0.713
913.000, 0.710	913.000, 0.708	913.000, 0.713	913.000, 0.711	913.000, 0.713
914.000, 0.706	914.000, 0.708	914.000, 0.710	914.000, 0.711	914.000, 0.712
915.000, 0.708	915.000, 0.708	915.000, 0.711	915.000, 0.710	915.000, 0.712
916.000, 0.710	916.000, 0.708	916.000, 0.712	916.000, 0.710	916.000, 0.713
917.000, 0.709	917.000, 0.707	917.000, 0.713	917.000, 0.713	917.000, 0.714
918.000, 0.709	918.000, 0.707	918.000, 0.713	918.000, 0.713	918.000, 0.712
919.000, 0.711	919.000, 0.708	919.000, 0.713	919.000, 0.714	919.000, 0.712
920.000, 0.715	920.000, 0.711	920.000, 0.716	920.000, 0.718	920.000, 0.716
921.000, 0.715	921.000, 0.711	921.000, 0.715	921.000, 0.717	921.000, 0.717
922.000, 0.712	922.000, 0.710	922.000, 0.714	922.000, 0.715	922.000, 0.716
923.000, 0.713	923.000, 0.712	923.000, 0.717	923.000, 0.714	923.000, 0.717
924.000, 0.713	924.000, 0.711	924.000, 0.717	924.000, 0.715	924.000, 0.717
925.000, 0.713	925.000, 0.709	925.000, 0.715	925.000, 0.716	925.000, 0.717
926.000, 0.714	926.000, 0.707	926.000, 0.715	926.000, 0.714	926.000, 0.715
927.000, 0.713	927.000, 0.708	927.000, 0.714	927.000, 0.712	927.000, 0.714
928.000, 0.710	928.000, 0.711	928.000, 0.710	928.000, 0.711	928.000, 0.715
929.000, 0.710	929.000, 0.711	929.000, 0.709	929.000, 0.712	929.000, 0.713
930.000, 0.711	930.000, 0.709	930.000, 0.710	930.000, 0.713	930.000, 0.712
931.000, 0.711	931.000, 0.707	931.000, 0.714	931.000, 0.716	931.000, 0.716
932.000, 0.713	932.000, 0.708	932.000, 0.715	932.000, 0.715	932.000, 0.716
933.000, 0.715	933.000, 0.710	933.000, 0.713	933.000, 0.711	933.000, 0.713
934.000, 0.716	934.000, 0.712	934.000, 0.711	934.000, 0.712	934.000, 0.714
935.000, 0.718	935.000, 0.712	935.000, 0.712	935.000, 0.715	935.000, 0.718
936.000, 0.722	936.000, 0.710	936.000, 0.714	936.000, 0.717	936.000, 0.721
937.000, 0.720	937.000, 0.708	937.000, 0.713	937.000, 0.715	937.000, 0.716
938.000, 0.714	938.000, 0.708	938.000, 0.711	938.000, 0.711	938.000, 0.712
939.000, 0.705	939.000, 0.712	939.000, 0.712	939.000, 0.706	939.000, 0.714
940.000, 0.706	940.000, 0.712	940.000, 0.716	940.000, 0.709	940.000, 0.722
941.000, 0.709	941.000, 0.709	941.000, 0.718	941.000, 0.713	941.000, 0.727
942.000, 0.705	942.000, 0.706	942.000, 0.713	942.000, 0.712	942.000, 0.720
943.000, 0.713	943.000, 0.706	943.000, 0.709	943.000, 0.712	943.000, 0.719
944.000, 0.728	944.000, 0.708	944.000, 0.709	944.000, 0.714	944.000, 0.723
945.000, 0.723	945.000, 0.715	945.000, 0.716	945.000, 0.721	945.000, 0.721
946.000, 0.718	946.000, 0.723	946.000, 0.723	946.000, 0.727	946.000, 0.723
947.000, 0.720	947.000, 0.729	947.000, 0.727	947.000, 0.729	947.000, 0.732
948.000, 0.721	948.000, 0.723	948.000, 0.723	948.000, 0.725	948.000, 0.728
949.000, 0.723	949.000, 0.716	949.000, 0.720	949.000, 0.722	949.000, 0.723
950.000, 0.727	950.000, 0.715	950.000, 0.724	950.000, 0.726	950.000, 0.727
951.000, 0.723	951.000, 0.711	951.000, 0.720	951.000, 0.719	951.000, 0.724
952.000, 0.717	952.000, 0.708	952.000, 0.713	952.000, 0.710	952.000, 0.717
953.000, 0.721	953.000, 0.712	953.000, 0.720	953.000, 0.720	953.000, 0.722
954.000, 0.725	954.000, 0.722	954.000, 0.726	954.000, 0.724	954.000, 0.729
955.000, 0.723	955.000, 0.730	955.000, 0.727	955.000, 0.719	955.000, 0.733
956.000, 0.720	956.000, 0.721	956.000, 0.726	956.000, 0.716	956.000, 0.728
957.000, 0.714	957.000, 0.710	957.000, 0.722	957.000, 0.712	957.000, 0.722
958.000, 0.706	958.000, 0.707	958.000, 0.717	958.000, 0.707	958.000, 0.718
959.000, 0.713	959.000, 0.713	959.000, 0.721	959.000, 0.713	959.000, 0.721
960.000, 0.721	960.000, 0.719	960.000, 0.724	960.000, 0.720	960.000, 0.725
961.000, 0.716	961.000, 0.716	961.000, 0.717	961.000, 0.718	961.000, 0.720
962.000, 0.716	962.000, 0.714	962.000, 0.717	962.000, 0.719	962.000, 0.721
963.000, 0.721	963.000, 0.715	963.000, 0.723	963.000, 0.723	963.000, 0.726
964.000, 0.723	964.000, 0.715	964.000, 0.719	964.000, 0.720	964.000, 0.723
965.000, 0.723	965.000, 0.716	965.000, 0.722	965.000, 0.719	965.000, 0.720
966.000, 0.721	966.000, 0.717	966.000, 0.733	966.000, 0.720	966.000, 0.720
967.000, 0.723	967.000, 0.716	967.000, 0.728	967.000, 0.724	967.000, 0.720
968.000, 0.724	968.000, 0.716	968.000, 0.722	968.000, 0.727	968.000, 0.722
969.000, 0.722	969.000, 0.721	969.000, 0.724	969.000, 0.726	969.000, 0.726
970.000, 0.727	970.000, 0.723	970.000, 0.727	970.000, 0.725	970.000, 0.730
971.000, 0.734	971.000, 0.721	971.000, 0.728	971.000, 0.724	971.000, 0.733
972.000, 0.733	972.000, 0.717	972.000, 0.730	972.000, 0.722	972.000, 0.734
973.000, 0.730	973.000, 0.717	973.000, 0.730	973.000, 0.726	973.000, 0.730
974.000, 0.728	974.000, 0.722	974.000, 0.729	974.000, 0.731	974.000, 0.724
975.000, 0.725	975.000, 0.724	975.000, 0.730	975.000, 0.723	975.000, 0.729
976.000, 0.720	976.000, 0.722	976.000, 0.729	976.000, 0.717	976.000, 0.730
977.000, 0.717	977.000, 0.717	977.000, 0.724	977.000, 0.719	977.000, 0.723
978.000, 0.718	978.000, 0.717	978.000, 0.724	978.000, 0.722	978.000, 0.726
979.000, 0.721	979.000, 0.720	979.000, 0.727	979.000, 0.725	979.000, 0.731
980.000, 0.724	980.000, 0.723	980.000, 0.730	980.000, 0.728	980.000, 0.729
981.000, 0.727	981.000, 0.722	981.000, 0.726	981.000, 0.725	981.000, 0.728
982.000, 0.729	982.000, 0.719	982.000, 0.720	982.000, 0.721	982.000, 0.729
983.000, 0.727	983.000, 0.717	983.000, 0.724	983.000, 0.721	983.000, 0.729
984.000, 0.726	984.000, 0.717	984.000, 0.726	984.000, 0.723	984.000, 0.727
985.000, 0.727	985.000, 0.717	985.000, 0.724	985.000, 0.727	985.000, 0.725
986.000, 0.729	986.000, 0.721	986.000, 0.723	986.000, 0.723	986.000, 0.726
987.000, 0.730	987.000, 0.722	987.000, 0.725	987.000, 0.720	987.000, 0.727
988.000, 0.728	988.000, 0.719	988.000, 0.729	988.000, 0.724	988.000, 0.729
989.000, 0.724	989.000, 0.720	989.000, 0.721	989.000, 0.722	989.000, 0.728
990.000, 0.721	990.000, 0.725	990.000, 0.713	990.000, 0.719	990.000, 0.727
991.000, 0.726	991.000, 0.728	991.000, 0.724	991.000, 0.729	991.000, 0.737
992.000, 0.728	992.000, 0.727	992.000, 0.731	992.000, 0.732	992.000, 0.736
993.000, 0.725	993.000, 0.724	993.000, 0.729	993.000, 0.728	993.000, 0.725
994.000, 0.726	994.000, 0.724	994.000, 0.726	994.000, 0.729	994.000, 0.733
995.000, 0.725	995.000, 0.721	995.000, 0.725	995.000, 0.727	995.000, 0.734
996.000, 0.720	996.000, 0.715	996.000, 0.727	996.000, 0.717	996.000, 0.719
997.000, 0.723	997.000, 0.720	997.000, 0.730	997.000, 0.721	997.000, 0.724
998.000, 0.730	998.000, 0.727	998.000, 0.730	998.000, 0.729	998.000, 0.736
999.000, 0.732	999.000, 0.721	999.000, 0.723	999.000, 0.730	999.000, 0.738
1000.000, 0.730	1000.000, 0.719	1000.000, 0.728	1000.000, 0.728	1000.000, 0.736
1001.000, 0.727	1001.000, 0.723	1001.000, 0.739	1001.000, 0.726	1001.000, 0.734
1002.000, 0.725	1002.000, 0.726	1002.000, 0.729	1002.000, 0.724	1002.000, 0.732
1003.000, 0.728	1003.000, 0.728	1003.000, 0.726	1003.000, 0.726	1003.000, 0.733
1004.000, 0.734	1004.000, 0.726	1004.000, 0.733	1004.000, 0.729	1004.000, 0.734
1005.000, 0.731	1005.000, 0.716	1005.000, 0.721	1005.000, 0.727	1005.000, 0.723
1006.000, 0.732	1006.000, 0.713	1006.000, 0.713	1006.000, 0.726	1006.000, 0.719
1007.000, 0.742	1007.000, 0.730	1007.000, 0.725	1007.000, 0.734	1007.000, 0.737
1008.000, 0.738	1008.000, 0.730	1008.000, 0.730	1008.000, 0.733	1008.000, 0.742
1009.000, 0.727	1009.000, 0.723	1009.000, 0.727	1009.000, 0.727	1009.000, 0.738
1010.000, 0.729	1010.000, 0.731	1010.000, 0.717	1010.000, 0.725	1010.000, 0.736
1011.000, 0.727	1011.000, 0.732	1011.000, 0.719	1011.000, 0.728	1011.000, 0.733
1012.000, 0.722	1012.000, 0.724	1012.000, 0.730	1012.000, 0.730	1012.000, 0.731
1013.000, 0.724	1013.000, 0.725	1013.000, 0.723	1013.000, 0.722	1013.000, 0.734
1014.000, 0.729	1014.000, 0.728	1014.000, 0.720	1014.000, 0.716	1014.000, 0.732
1015.000, 0.733	1015.000, 0.728	1015.000, 0.732	1015.000, 0.722	1015.000, 0.722
1016.000, 0.737	1016.000, 0.726	1016.000, 0.734	1016.000, 0.725	1016.000, 0.729
1017.000, 0.740	1017.000, 0.721	1017.000, 0.735	1017.000, 0.727	1017.000, 0.744
1018.000, 0.739	1018.000, 0.716	1018.000, 0.747	1018.000, 0.730	1018.000, 0.755
1019.000, 0.740	1019.000, 0.728	1019.000, 0.749	1019.000, 0.739	1019.000, 0.752
1020.000, 0.740	1020.000, 0.746	1020.000, 0.741	1020.000, 0.748	1020.000, 0.741
1021.000, 0.731	1021.000, 0.732	1021.000, 0.735	1021.000, 0.735	1021.000, 0.746
1022.000, 0.734	1022.000, 0.723	1022.000, 0.731	1022.000, 0.732	1022.000, 0.746
1023.000, 0.748	1023.000, 0.725	1023.000, 0.730	1023.000, 0.741	1023.000, 0.739
1024.000, 0.727	1024.000, 0.717	1024.000, 0.718	1024.000, 0.728	1024.000, 0.742
1025.000, 0.709	1025.000, 0.709	1025.000, 0.712	1025.000, 0.713	1025.000, 0.740
1026.000, 0.724	1026.000, 0.709	1026.000, 0.719	1026.000, 0.713	1026.000, 0.723
1027.000, 0.733	1027.000, 0.703	1027.000, 0.718	1027.000, 0.715	1027.000, 0.727
1028.000, 0.737	1028.000, 0.706	1028.000, 0.717	1028.000, 0.722	1028.000, 0.740
1029.000, 0.748	1029.000, 0.744	1029.000, 0.737	1029.000, 0.741	1029.000, 0.740
1030.000, 0.747	1030.000, 0.751	1030.000, 0.738	1030.000, 0.750	1030.000, 0.738
1031.000, 0.734	1031.000, 0.725	1031.000, 0.721	1031.000, 0.746	1031.000, 0.739
1032.000, 0.725	1032.000, 0.735	1032.000, 0.737	1032.000, 0.752	1032.000, 0.749
1033.000, 0.726	1033.000, 0.739	1033.000, 0.741	1033.000, 0.740	1033.000, 0.742
1034.000, 0.737	1034.000, 0.723	1034.000, 0.720	1034.000, 0.704	1034.000, 0.713
1035.000, 0.747	1035.000, 0.720	1035.000, 0.721	1035.000, 0.702	1035.000, 0.730
1036.000, 0.746	1036.000, 0.723	1036.000, 0.728	1036.000, 0.718	1036.000, 0.757
1037.000, 0.728	1037.000, 0.720	1037.000, 0.717	1037.000, 0.726	1037.000, 0.751
1038.000, 0.742	1038.000, 0.727	1038.000, 0.731	1038.000, 0.729	1038.000, 0.746
1039.000, 0.770	1039.000, 0.736	1039.000, 0.757	1039.000, 0.726	1039.000, 0.746
1040.000, 0.739	1040.000, 0.723	1040.000, 0.739	1040.000, 0.715	1040.000, 0.751
1041.000, 0.719	1041.000, 0.720	1041.000, 0.733	1041.000, 0.724	1041.000, 0.754
1042.000, 0.731	1042.000, 0.732	1042.000, 0.750	1042.000, 0.753	1042.000, 0.753
1043.000, 0.752	1043.000, 0.733	1043.000, 0.757	1043.000, 0.765	1043.000, 0.751
1044.000, 0.767	1044.000, 0.735	1044.000, 0.760	1044.000, 0.756	1044.000, 0.755
1045.000, 0.762	1045.000, 0.744	1045.000, 0.759	1045.000, 0.728	1045.000, 0.767
1046.000, 0.760	1046.000, 0.708	1046.000, 0.736	1046.000, 0.712	1046.000, 0.754
1047.000, 0.757	1047.000, 0.671	1047.000, 0.712	1047.000, 0.713	1047.000, 0.734
1048.000, 0.741	1048.000, 0.702	1048.000, 0.729	1048.000, 0.731	1048.000, 0.738
1049.000, 0.746	1049.000, 0.743	1049.000, 0.755	1049.000, 0.757	1049.000, 0.768
1050.000, 0.763	1050.000, 0.762	1050.000, 0.768	1050.000, 0.771	1050.000, 0.801
1051.000, 0.716	1051.000, 0.712	1051.000, 0.715	1051.000, 0.715	1051.000, 0.750
1052.000, 0.701	1052.000, 0.689	1052.000, 0.693	1052.000, 0.707	1052.000, 0.725
1053.000, 0.747	1053.000, 0.720	1053.000, 0.731	1053.000, 0.780	1053.000, 0.759
1054.000, 0.757	1054.000, 0.716	1054.000, 0.722	1054.000, 0.759	1054.000, 0.752
1055.000, 0.753	1055.000, 0.706	1055.000, 0.713	1055.000, 0.712	1055.000, 0.730
1056.000, 0.770	1056.000, 0.729	1056.000, 0.758	1056.000, 0.726	1056.000, 0.733
1057.000, 0.747	1057.000, 0.722	1057.000, 0.745	1057.000, 0.696	1057.000, 0.735
1058.000, 0.714	1058.000, 0.700	1058.000, 0.708	1058.000, 0.651	1058.000, 0.734
1059.000, 0.766	1059.000, 0.728	1059.000, 0.789	1059.000, 0.703	1059.000, 0.740
1060.000, 0.773	1060.000, 0.727	1060.000, 0.779	1060.000, 0.718	1060.000, 0.728
1061.000, 0.722	1061.000, 0.689	1061.000, 0.672	1061.000, 0.682	1061.000, 0.704
1062.000, 0.739	1062.000, 0.705	1062.000, 0.732	1062.000, 0.726	1062.000, 0.731
1063.000, 0.791	1063.000, 0.751	1063.000, 0.812	1063.000, 0.789	1063.000, 0.778
1064.000, 0.833	1064.000, 0.790	1064.000, 0.789	1064.000, 0.808	1064.000, 0.807
1065.000, 0.793	1065.000, 0.750	1065.000, 0.729	1065.000, 0.776	1065.000, 0.761
1066.000, 0.726	1066.000, 0.686	1066.000, 0.676	1066.000, 0.735	1066.000, 0.702
1067.000, 0.727	1067.000, 0.702	1067.000, 0.693	1067.000, 0.755	1067.000, 0.735
1068.000, 0.766	1068.000, 0.722	1068.000, 0.726	1068.000, 0.741	1068.000, 0.771
1069.000, 0.810	1069.000, 0.721	1069.000, 0.749	1069.000, 0.695	1069.000, 0.771
1070.000, 0.782	1070.000, 0.691	1070.000, 0.738	1070.000, 0.723	1070.000, 0.711
1071.000, 0.771	1071.000, 0.674	1071.000, 0.745	1071.000, 0.748	1071.000, 0.679
1072.000, 0.798	1072.000, 0.684	1072.000, 0.780	1072.000, 0.743	1072.000, 0.705
1073.000, 0.738	1073.000, 0.704	1073.000, 0.742	1073.000, 0.718	1073.000, 0.739
1074.000, 0.697	1074.000, 0.726	1074.000, 0.702	1074.000, 0.713	1074.000, 0.743
1075.000, 0.763	1075.000, 0.750	1075.000, 0.723	1075.000, 0.758	1075.000, 0.698
