325.000, 0.238	325.000, 0.238	325.000, 0.235	325.000, 0.235	325.000, 0.238
326.000, 0.241	326.000, 0.238	326.000, 0.240	326.000, 0.239	326.000, 0.242
327.000, 0.247	327.000, 0.243	327.000, 0.249	327.000, 0.246	327.000, 0.247
328.000, 0.253	328.000, 0.248	328.000, 0.253	328.000, 0.249	328.000, 0.249
329.000, 0.254	329.000, 0.251	329.000, 0.255	329.000, 0.252	329.000, 0.250
330.000, 0.252	330.000, 0.252	330.000, 0.254	330.000, 0.255	330.000, 0.250
331.000, 0.247	331.000, 0.252	331.000, 0.249	331.000, 0.251	331.000, 0.249
332.000, 0.249	332.000, 0.252	332.000, 0.248	332.000, 0.248	332.000, 0.251
333.000, 0.255	333.000, 0.252	333.000, 0.254	333.000, 0.251	333.000, 0.254
334.000, 0.254	334.000, 0.255	334.000, 0.255	334.000, 0.252	334.000, 0.256
335.000, 0.254	335.000, 0.257	335.000, 0.257	335.000, 0.255	335.000, 0.257
336.000, 0.259	336.000, 0.257	336.000, 0.260	336.000, 0.258	336.000, 0.259
337.000, 0.261	337.000, 0.259	337.000, 0.262	337.000, 0.261	337.000, 0.261
338.000, 0.260	338.000, 0.261	338.000, 0.262	338.000, 0.263	338.000, 0.261
339.000, 0.261	339.000, 0.260	339.000, 0.261	339.000, 0.260	339.000, 0.260
340.000, 0.262	340.000, 0.260	340.000, 0.262	340.000, 0.260	340.000, 0.260
341.000, 0.265	341.000, 0.263	341.000, 0.265	341.000, 0.262	341.000, 0.262
342.000, 0.265	342.000, 0.265	342.000, 0.267	342.000, 0.264	342.000, 0.265
343.000, 0.265	343.000, 0.265	343.000, 0.268	343.000, 0.265	343.000, 0.266
344.000, 0.265	344.000, 0.264	344.000, 0.267	344.000, 0.265	344.000, 0.267
345.000, 0.267	345.000, 0.267	345.000, 0.267	345.000, 0.267	345.000, 0.268
346.000, 0.270	346.000, 0.271	346.000, 0.267	346.000, 0.269	346.000, 0.270
347.000, 0.272	347.000, 0.272	347.000, 0.272	347.000, 0.272	347.000, 0.274
348.000, 0.274	348.000, 0.273	348.000, 0.274	348.000, 0.274	348.000, 0.277
349.000, 0.275	349.000, 0.275	349.000, 0.276	349.000, 0.277	349.000, 0.278
350.000, 0.278	350.000, 0.278	350.000, 0.278	350.000, 0.278	350.000, 0.278
351.000, 0.280	351.000, 0.280	351.000, 0.280	351.000, 0.279	351.000, 0.279
352.000, 0.280	352.000, 0.281	352.000, 0.280	352.000, 0.279	352.000, 0.281
353.000, 0.283	353.000, 0.283	353.000, 0.282	353.000, 0.282	353.000, 0.284
354.000, 0.285	354.000, 0.284	354.000, 0.284	354.000, 0.284	354.000, 0.285
355.000, 0.285	355.000, 0.284	355.000, 0.284	355.000, 0.283	355.000, 0.284
356.000, 0.286	356.000, 0.285	356.000, 0.287	356.000, 0.285	356.000, 0.284
357.000, 0.289	357.000, 0.287	357.000, 0.289	357.000, 0.287	357.000, 0.286
358.000, 0.289	358.000, 0.288	358.000, 0.288	358.000, 0.287	358.000, 0.288
359.000, 0.290	359.000, 0.289	359.000, 0.288	359.000, 0.288	359.000, 0.290
360.000, 0.291	360.000, 0.292	360.000, 0.292	360.000, 0.290	360.000, 0.292
361.000, 0.294	361.000, 0.293	361.000, 0.294	361.000, 0.294	361.000, 0.294
362.000, 0.296	362.000, 0.295	362.000, 0.296	362.000, 0.296	362.000, 0.296
363.000, 0.298	363.000, 0.297	363.000, 0.297	363.000, 0.296	363.000, 0.297
364.000, 0.298	364.000, 0.298	364.000, 0.297	364.000, 0.296	364.000, 0.298
365.000, 0.299	365.000, 0.299	365.000, 0.298	365.000, 0.298	365.000, 0.300
366.000, 0.300	366.000, 0.302	366.000, 0.301	366.000, 0.301	366.000, 0.301
367.000, 0.302	367.000, 0.303	367.000, 0.303	367.000, 0.303	367.000, 0.302
368.000, 0.304	368.000, 0.303	368.000, 0.304	368.000, 0.303	368.000, 0.303
369.000, 0.305	369.000, 0.305	369.000, 0.305	369.000, 0.304	369.000, 0.305
370.000, 0.306	370.000, 0.306	370.000, 0.306	370.000, 0.306	370.000, 0.306
371.000, 0.308	371.000, 0.307	371.000, 0.307	371.000, 0.307	371.000, 0.307
372.000, 0.310	372.000, 0.309	372.000, 0.309	372.000, 0.309	372.000, 0.309
373.000, 0.311	373.000, 0.310	373.000, 0.311	373.000, 0.311	373.000, 0.311
374.000, 0.313	374.000, 0.312	374.000, 0.312	374.000, 0.311	374.000, 0.312
375.000, 0.315	375.000, 0.314	375.000, 0.314	375.000, 0.314	375.000, 0.314
376.000, 0.317	376.000, 0.317	376.000, 0.317	376.000, 0.316	376.000, 0.317
377.000, 0.317	377.000, 0.318	377.000, 0.318	377.000, 0.317	377.000, 0.319
378.000, 0.319	378.000, 0.319	378.000, 0.319	378.000, 0.319	378.000, 0.321
379.000, 0.323	379.000, 0.321	379.000, 0.321	379.000, 0.322	379.000, 0.322
380.000, 0.324	380.000, 0.322	380.000, 0.322	380.000, 0.323	380.000, 0.323
381.000, 0.325	381.000, 0.324	381.000, 0.324	381.000, 0.324	381.000, 0.324
382.000, 0.327	382.000, 0.326	382.000, 0.326	382.000, 0.326	382.000, 0.326
383.000, 0.329	383.000, 0.329	383.000, 0.329	383.000, 0.327	383.000, 0.329
384.000, 0.331	384.000, 0.332	384.000, 0.331	384.000, 0.329	384.000, 0.331
385.000, 0.334	385.000, 0.334	385.000, 0.333	385.000, 0.333	385.000, 0.333
386.000, 0.337	386.000, 0.336	386.000, 0.335	386.000, 0.335	386.000, 0.337
387.000, 0.339	387.000, 0.339	387.000, 0.338	387.000, 0.337	387.000, 0.340
388.000, 0.341	388.000, 0.341	388.000, 0.341	388.000, 0.340	388.000, 0.341
389.000, 0.342	389.000, 0.344	389.000, 0.343	389.000, 0.343	389.000, 0.342
390.000, 0.345	390.000, 0.346	390.000, 0.344	390.000, 0.345	390.000, 0.344
391.000, 0.346	391.000, 0.347	391.000, 0.346	391.000, 0.347	391.000, 0.346
392.000, 0.348	392.000, 0.348	392.000, 0.349	392.000, 0.349	392.000, 0.349
393.000, 0.351	393.000, 0.351	393.000, 0.352	393.000, 0.351	393.000, 0.352
394.000, 0.353	394.000, 0.354	394.000, 0.353	394.000, 0.353	394.000, 0.354
395.000, 0.355	395.000, 0.355	395.000, 0.354	395.000, 0.354	395.000, 0.356
396.000, 0.356	396.000, 0.357	396.000, 0.356	396.000, 0.356	396.000, 0.357
397.000, 0.359	397.000, 0.359	397.000, 0.359	397.000, 0.359	397.000, 0.360
398.000, 0.363	398.000, 0.362	398.000, 0.362	398.000, 0.362	398.000, 0.362
399.000, 0.364	399.000, 0.363	399.000, 0.363	399.000, 0.363	399.000, 0.363
400.000, 0.365	400.000, 0.365	400.000, 0.364	400.000, 0.364	400.000, 0.365
401.000, 0.367	401.000, 0.367	401.000, 0.365	401.000, 0.366	401.000, 0.367
402.000, 0.368	402.000, 0.368	402.000, 0.368	402.000, 0.368	402.000, 0.368
403.000, 0.370	403.000, 0.369	403.000, 0.369	403.000, 0.369	403.000, 0.369
404.000, 0.371	404.000, 0.371	404.000, 0.370	404.000, 0.370	404.000, 0.371
405.000, 0.372	405.000, 0.372	405.000, 0.371	405.000, 0.372	405.000, 0.372
406.000, 0.374	406.000, 0.374	406.000, 0.373	406.000, 0.373	406.000, 0.374
407.000, 0.376	407.000, 0.375	407.000, 0.375	407.000, 0.374	407.000, 0.375
408.000, 0.377	408.000, 0.377	408.000, 0.376	408.000, 0.376	408.000, 0.376
409.000, 0.379	409.000, 0.379	409.000, 0.378	409.000, 0.379	409.000, 0.379
410.000, 0.380	410.000, 0.380	410.000, 0.379	410.000, 0.379	410.000, 0.379
411.000, 0.381	411.000, 0.381	411.000, 0.380	411.000, 0.380	411.000, 0.380
412.000, 0.383	412.000, 0.383	412.000, 0.382	412.000, 0.382	412.000, 0.383
413.000, 0.385	413.000, 0.384	413.000, 0.384	413.000, 0.384	413.000, 0.384
414.000, 0.386	414.000, 0.385	414.000, 0.385	414.000, 0.385	414.000, 0.385
415.000, 0.387	415.000, 0.387	415.000, 0.386	415.000, 0.386	415.000, 0.387
416.000, 0.388	416.000, 0.388	416.000, 0.387	416.000, 0.388	416.000, 0.389
417.000, 0.390	417.000, 0.390	417.000, 0.389	417.000, 0.389	417.000, 0.390
418.000, 0.391	418.000, 0.391	418.000, 0.390	418.000, 0.390	418.000, 0.391
419.000, 0.393	419.000, 0.392	419.000, 0.392	419.000, 0.391	419.000, 0.392
420.000, 0.394	420.000, 0.393	420.000, 0.393	420.000, 0.393	420.000, 0.393
421.000, 0.395	421.000, 0.395	421.000, 0.394	421.000, 0.394	421.000, 0.395
422.000, 0.397	422.000, 0.396	422.000, 0.396	422.000, 0.396	422.000, 0.397
423.000, 0.398	423.000, 0.398	423.000, 0.397	423.000, 0.397	423.000, 0.398
424.000, 0.400	424.000, 0.399	424.000, 0.399	424.000, 0.399	424.000, 0.399
425.000, 0.401	425.000, 0.400	425.000, 0.400	425.000, 0.400	425.000, 0.401
426.000, 0.402	426.000, 0.402	426.000, 0.402	426.000, 0.401	426.000, 0.402
427.000, 0.404	427.000, 0.403	427.000, 0.403	427.000, 0.403	427.000, 0.404
428.000, 0.405	428.000, 0.405	428.000, 0.404	428.000, 0.405	428.000, 0.405
429.000, 0.407	429.000, 0.406	429.000, 0.406	429.000, 0.406	429.000, 0.407
430.000, 0.408	430.000, 0.408	430.000, 0.408	430.000, 0.408	430.000, 0.408
431.000, 0.410	431.000, 0.410	431.000, 0.409	431.000, 0.409	431.000, 0.410
432.000, 0.412	432.000, 0.411	432.000, 0.411	432.000, 0.411	432.000, 0.411
433.000, 0.413	433.000, 0.413	433.000, 0.412	433.000, 0.412	433.000, 0.413
434.000, 0.415	434.000, 0.415	434.000, 0.414	434.000, 0.414	434.000, 0.415
435.000, 0.417	435.000, 0.416	435.000, 0.415	435.000, 0.415	435.000, 0.416
436.000, 0.418	436.000, 0.418	436.000, 0.417	436.000, 0.417	436.000, 0.418
437.000, 0.420	437.000, 0.419	437.000, 0.419	437.000, 0.419	437.000, 0.419
438.000, 0.421	438.000, 0.421	438.000, 0.420	438.000, 0.420	438.000, 0.421
439.000, 0.423	439.000, 0.422	439.000, 0.422	439.000, 0.422	439.000, 0.422
440.000, 0.424	440.000, 0.424	440.000, 0.423	440.000, 0.423	440.000, 0.424
441.000, 0.426	441.000, 0.425	441.000, 0.425	441.000, 0.425	441.000, 0.425
442.000, 0.428	442.000, 0.427	442.000, 0.426	442.000, 0.427	442.000, 0.427
443.000, 0.429	443.000, 0.428	443.000, 0.428	443.000, 0.428	443.000, 0.428
444.000, 0.430	444.000, 0.430	444.000, 0.429	444.000, 0.429	444.000, 0.430
445.000, 0.432	445.000, 0.431	445.000, 0.431	445.000, 0.431	445.000, 0.431
446.000, 0.433	446.000, 0.433	446.000, 0.432	446.000, 0.432	446.000, 0.433
447.000, 0.435	447.000, 0.434	447.000, 0.433	447.000, 0.433	447.000, 0.434
448.000, 0.436	448.000, 0.435	448.000, 0.434	448.000, 0.435	448.000, 0.435
449.000, 0.437	449.000, 0.437	449.000, 0.436	449.000, 0.436	449.000, 0.437
450.000, 0.439	450.000, 0.438	450.000, 0.438	450.000, 0.438	450.000, 0.438
451.000, 0.440	451.000, 0.439	451.000, 0.439	451.000, 0.439	451.000, 0.439
452.000, 0.441	452.000, 0.440	452.000, 0.439	452.000, 0.440	452.000, 0.440
453.000, 0.442	453.000, 0.441	453.000, 0.441	453.000, 0.441	453.000, 0.442
454.000, 0.443	454.000, 0.442	454.000, 0.442	454.000, 0.442	454.000, 0.443
455.000, 0.444	455.000, 0.443	455.000, 0.443	455.000, 0.443	455.000, 0.443
456.000, 0.445	456.000, 0.444	456.000, 0.444	456.000, 0.444	456.000, 0.444
457.000, 0.446	457.000, 0.445	457.000, 0.445	457.000, 0.445	457.000, 0.445
458.000, 0.447	458.000, 0.446	458.000, 0.446	458.000, 0.446	458.000, 0.446
459.000, 0.448	459.000, 0.447	459.000, 0.446	459.000, 0.447	459.000, 0.447
460.000, 0.449	460.000, 0.448	460.000, 0.447	460.000, 0.447	460.000, 0.448
461.000, 0.450	461.000, 0.449	461.000, 0.448	461.000, 0.448	461.000, 0.449
462.000, 0.450	462.000, 0.450	462.000, 0.449	462.000, 0.449	462.000, 0.450
463.000, 0.451	463.000, 0.451	463.000, 0.450	463.000, 0.450	463.000, 0.451
464.000, 0.452	464.000, 0.451	464.000, 0.450	464.000, 0.451	464.000, 0.451
465.000, 0.453	465.000, 0.452	465.000, 0.451	465.000, 0.451	465.000, 0.452
466.000, 0.454	466.000, 0.453	466.000, 0.452	466.000, 0.452	466.000, 0.453
467.000, 0.454	467.000, 0.453	467.000, 0.453	467.000, 0.453	467.000, 0.453
468.000, 0.455	468.000, 0.454	468.000, 0.453	468.000, 0.453	468.000, 0.454
469.000, 0.456	469.000, 0.455	469.000, 0.454	469.000, 0.454	469.000, 0.454
470.000, 0.457	470.000, 0.456	470.000, 0.455	470.000, 0.455	470.000, 0.455
471.000, 0.458	471.000, 0.457	471.000, 0.456	471.000, 0.456	471.000, 0.457
472.000, 0.458	472.000, 0.457	472.000, 0.456	472.000, 0.456	472.000, 0.457
473.000, 0.458	473.000, 0.458	473.000, 0.457	473.000, 0.457	473.000, 0.457
474.000, 0.459	474.000, 0.458	474.000, 0.458	474.000, 0.458	474.000, 0.458
475.000, 0.460	475.000, 0.459	475.000, 0.459	475.000, 0.459	475.000, 0.459
476.000, 0.461	476.000, 0.460	476.000, 0.459	476.000, 0.459	476.000, 0.460
477.000, 0.462	477.000, 0.461	477.000, 0.460	477.000, 0.460	477.000, 0.461
478.000, 0.463	478.000, 0.462	478.000, 0.461	478.000, 0.461	478.000, 0.462
479.000, 0.463	479.000, 0.462	479.000, 0.462	479.000, 0.462	479.000, 0.462
480.000, 0.464	480.000, 0.463	480.000, 0.462	480.000, 0.463	480.000, 0.463
481.000, 0.465	481.000, 0.464	481.000, 0.463	481.000, 0.463	481.000, 0.464
482.000, 0.466	482.000, 0.465	482.000, 0.464	482.000, 0.464	482.000, 0.465
483.000, 0.467	483.000, 0.466	483.000, 0.465	483.000, 0.465	483.000, 0.466
484.000, 0.468	484.000, 0.467	484.000, 0.466	484.000, 0.466	484.000, 0.466
485.000, 0.469	485.000, 0.468	485.000, 0.467	485.000, 0.467	485.000, 0.467
486.000, 0.470	486.000, 0.469	486.000, 0.468	486.000, 0.468	486.000, 0.468
487.000, 0.471	487.000, 0.470	487.000, 0.469	487.000, 0.469	487.000, 0.470
488.000, 0.472	488.000, 0.471	488.000, 0.470	488.000, 0.470	488.000, 0.471
489.000, 0.473	489.000, 0.472	489.000, 0.471	489.000, 0.471	489.000, 0.472
490.000, 0.474	490.000, 0.473	490.000, 0.472	490.000, 0.472	490.000, 0.473
491.000, 0.475	491.000, 0.474	491.000, 0.473	491.000, 0.473	491.000, 0.474
492.000, 0.476	492.000, 0.475	492.000, 0.474	492.000, 0.474	492.000, 0.475
493.000, 0.477	493.000, 0.476	493.000, 0.475	493.000, 0.475	493.000, 0.476
494.000, 0.478	494.000, 0.477	494.000, 0.476	494.000, 0.477	494.000, 0.477
495.000, 0.479	495.000, 0.478	495.000, 0.477	495.000, 0.478	495.000, 0.478
496.000, 0.480	496.000, 0.479	496.000, 0.479	496.000, 0.479	496.000, 0.479
497.000, 0.481	497.000, 0.481	497.000, 0.479	497.000, 0.479	497.000, 0.480
498.000, 0.482	498.000, 0.482	498.000, 0.481	498.000, 0.481	498.000, 0.481
499.000, 0.484	499.000, 0.483	499.000, 0.482	499.000, 0.482	499.000, 0.483
500.000, 0.485	500.000, 0.484	500.000, 0.483	500.000, 0.483	500.000, 0.484
501.000, 0.486	501.000, 0.485	501.000, 0.484	501.000, 0.484	501.000, 0.485
502.000, 0.487	502.000, 0.486	502.000, 0.485	502.000, 0.486	502.000, 0.486
503.000, 0.489	503.000, 0.488	503.000, 0.487	503.000, 0.487	503.000, 0.487
504.000, 0.490	504.000, 0.489	504.000, 0.488	504.000, 0.488	504.000, 0.489
505.000, 0.491	505.000, 0.490	505.000, 0.489	505.000, 0.489	505.000, 0.490
506.000, 0.492	506.000, 0.491	506.000, 0.491	506.000, 0.490	506.000, 0.491
507.000, 0.494	507.000, 0.493	507.000, 0.492	507.000, 0.492	507.000, 0.492
508.000, 0.495	508.000, 0.494	508.000, 0.493	508.000, 0.493	508.000, 0.494
509.000, 0.496	509.000, 0.495	509.000, 0.494	509.000, 0.494	509.000, 0.495
510.000, 0.497	510.000, 0.496	510.000, 0.495	510.000, 0.495	510.000, 0.496
511.000, 0.498	511.000, 0.497	511.000, 0.496	511.000, 0.496	511.000, 0.497
512.000, 0.500	512.000, 0.499	512.000, 0.498	512.000, 0.498	512.000, 0.499
513.000, 0.501	513.000, 0.500	513.000, 0.499	513.000, 0.499	513.000, 0.500
514.000, 0.502	514.000, 0.501	514.000, 0.500	514.000, 0.500	514.000, 0.501
515.000, 0.503	515.000, 0.503	515.000, 0.501	515.000, 0.502	515.000, 0.502
516.000, 0.505	516.000, 0.504	516.000, 0.503	516.000, 0.503	516.000, 0.503
517.000, 0.506	517.000, 0.505	517.000, 0.504	517.000, 0.504	517.000, 0.505
518.000, 0.507	518.000, 0.507	518.000, 0.506	518.000, 0.506	518.000, 0.506
519.000, 0.509	519.000, 0.508	519.000, 0.507	519.000, 0.507	519.000, 0.508
520.000, 0.511	520.000, 0.510	520.000, 0.509	520.000, 0.509	520.000, 0.509
521.000, 0.512	521.000, 0.511	521.000, 0.510	521.000, 0.510	521.000, 0.511
522.000, 0.513	522.000, 0.512	522.000, 0.511	522.000, 0.511	522.000, 0.512
523.000, 0.514	523.000, 0.513	523.000, 0.512	523.000, 0.512	523.000, 0.513
524.000, 0.515	524.000, 0.514	524.000, 0.513	524.000, 0.514	524.000, 0.514
525.000, 0.516	525.000, 0.515	525.000, 0.514	525.000, 0.515	525.000, 0.515
526.000, 0.518	526.000, 0.517	526.000, 0.516	526.000, 0.516	526.000, 0.516
527.000, 0.519	527.000, 0.518	527.000, 0.517	527.000, 0.517	527.000, 0.518
528.000, 0.520	528.000, 0.519	528.000, 0.518	528.000, 0.519	528.000, 0.519
529.000, 0.522	529.000, 0.521	529.000, 0.520	529.000, 0.520	529.000, 0.521
530.000, 0.523	530.000, 0.522	530.000, 0.521	530.000, 0.521	530.000, 0.522
531.000, 0.524	531.000, 0.523	531.000, 0.522	531.000, 0.523	531.000, 0.523
532.000, 0.526	532.000, 0.525	532.000, 0.524	532.000, 0.524	532.000, 0.524
533.000, 0.527	533.000, 0.526	533.000, 0.525	533.000, 0.525	533.000, 0.526
534.000, 0.528	534.000, 0.527	534.000, 0.526	534.000, 0.526	534.000, 0.527
535.000, 0.529	535.000, 0.528	535.000, 0.527	535.000, 0.528	535.000, 0.528
536.000, 0.530	536.000, 0.530	536.000, 0.529	536.000, 0.529	536.000, 0.529
537.000, 0.532	537.000, 0.531	537.000, 0.530	537.000, 0.530	537.000, 0.531
538.000, 0.533	538.000, 0.532	538.000, 0.531	538.000, 0.531	538.000, 0.532
539.000, 0.534	539.000, 0.533	539.000, 0.532	539.000, 0.532	539.000, 0.533
540.000, 0.535	540.000, 0.534	540.000, 0.533	540.000, 0.533	540.000, 0.534
541.000, 0.536	541.000, 0.535	541.000, 0.534	541.000, 0.535	541.000, 0.535
542.000, 0.538	542.000, 0.536	542.000, 0.536	542.000, 0.536	542.000, 0.536
543.000, 0.539	543.000, 0.538	543.000, 0.537	543.000, 0.537	543.000, 0.538
544.000, 0.540	544.000, 0.539	544.000, 0.538	544.000, 0.538	544.000, 0.539
545.000, 0.541	545.000, 0.540	545.000, 0.540	545.000, 0.540	545.000, 0.540
546.000, 0.542	546.000, 0.541	546.000, 0.540	546.000, 0.541	546.000, 0.541
547.000, 0.544	547.000, 0.543	547.000, 0.541	547.000, 0.542	547.000, 0.542
548.000, 0.545	548.000, 0.544	548.000, 0.543	548.000, 0.543	548.000, 0.544
549.000, 0.546	549.000, 0.545	549.000, 0.544	549.000, 0.544	549.000, 0.545
550.000, 0.547	550.000, 0.546	550.000, 0.545	550.000, 0.545	550.000, 0.545
551.000, 0.548	551.000, 0.547	551.000, 0.546	551.000, 0.546	551.000, 0.547
552.000, 0.549	552.000, 0.548	552.000, 0.547	552.000, 0.547	552.000, 0.548
553.000, 0.550	553.000, 0.549	553.000, 0.548	553.000, 0.548	553.000, 0.549
554.000, 0.551	554.000, 0.550	554.000, 0.549	554.000, 0.549	554.000, 0.550
555.000, 0.552	555.000, 0.551	555.000, 0.550	555.000, 0.550	555.000, 0.551
556.000, 0.553	556.000, 0.552	556.000, 0.551	556.000, 0.552	556.000, 0.552
557.000, 0.554	557.000, 0.553	557.000, 0.552	557.000, 0.552	557.000, 0.553
558.000, 0.555	558.000, 0.554	558.000, 0.553	558.000, 0.553	558.000, 0.554
559.000, 0.556	559.000, 0.555	559.000, 0.554	559.000, 0.554	559.000, 0.555
560.000, 0.557	560.000, 0.556	560.000, 0.555	560.000, 0.555	560.000, 0.556
561.000, 0.558	561.000, 0.557	561.000, 0.556	561.000, 0.557	561.000, 0.557
562.000, 0.559	562.000, 0.558	562.000, 0.557	562.000, 0.557	562.000, 0.558
563.000, 0.560	563.000, 0.559	563.000, 0.558	563.000, 0.558	563.000, 0.559
564.000, 0.561	564.000, 0.560	564.000, 0.559	564.000, 0.559	564.000, 0.560
565.000, 0.562	565.000, 0.561	565.000, 0.560	565.000, 0.560	565.000, 0.560
566.000, 0.563	566.000, 0.562	566.000, 0.560	566.000, 0.561	566.000, 0.561
567.000, 0.564	567.000, 0.563	567.000, 0.561	567.000, 0.562	567.000, 0.562
568.000, 0.564	568.000, 0.564	568.000, 0.562	568.000, 0.563	568.000, 0.563
569.000, 0.565	569.000, 0.564	569.000, 0.563	569.000, 0.563	569.000, 0.564
570.000, 0.566	570.000, 0.565	570.000, 0.564	570.000, 0.564	570.000, 0.564
571.000, 0.567	571.000, 0.566	571.000, 0.564	571.000, 0.565	571.000, 0.565
572.000, 0.568	572.000, 0.566	572.000, 0.565	572.000, 0.566	572.000, 0.566
573.000, 0.568	573.000, 0.567	573.000, 0.566	573.000, 0.566	573.000, 0.567
574.000, 0.569	574.000, 0.568	574.000, 0.567	574.000, 0.567	574.000, 0.568
575.000, 0.570	575.000, 0.569	575.000, 0.568	575.000, 0.568	575.000, 0.568
576.000, 0.571	576.000, 0.570	576.000, 0.569	576.000, 0.569	576.000, 0.569
577.000, 0.571	577.000, 0.571	577.000, 0.569	577.000, 0.570	577.000, 0.570
578.000, 0.572	578.000, 0.571	578.000, 0.570	578.000, 0.571	578.000, 0.571
579.000, 0.573	579.000, 0.572	579.000, 0.571	579.000, 0.571	579.000, 0.572
580.000, 0.574	580.000, 0.573	580.000, 0.571	580.000, 0.572	580.000, 0.572
581.000, 0.574	581.000, 0.573	581.000, 0.572	581.000, 0.573	581.000, 0.573
582.000, 0.575	582.000, 0.574	582.000, 0.573	582.000, 0.573	582.000, 0.573
583.000, 0.575	583.000, 0.574	583.000, 0.573	583.000, 0.574	583.000, 0.574
584.000, 0.576	584.000, 0.575	584.000, 0.574	584.000, 0.574	584.000, 0.575
585.000, 0.577	585.000, 0.576	585.000, 0.575	585.000, 0.575	585.000, 0.575
586.000, 0.577	586.000, 0.576	586.000, 0.575	586.000, 0.576	586.000, 0.576
587.000, 0.578	587.000, 0.577	587.000, 0.576	587.000, 0.576	587.000, 0.576
588.000, 0.579	588.000, 0.578	588.000, 0.577	588.000, 0.577	588.000, 0.577
589.000, 0.579	589.000, 0.578	589.000, 0.577	589.000, 0.577	589.000, 0.577
590.000, 0.580	590.000, 0.579	590.000, 0.577	590.000, 0.578	590.000, 0.578
591.000, 0.581	591.000, 0.579	591.000, 0.578	591.000, 0.578	591.000, 0.579
592.000, 0.581	592.000, 0.580	592.000, 0.579	592.000, 0.579	592.000, 0.579
593.000, 0.582	593.000, 0.581	593.000, 0.579	593.000, 0.580	593.000, 0.579
594.000, 0.582	594.000, 0.581	594.000, 0.579	594.000, 0.580	594.000, 0.580
595.000, 0.583	595.000, 0.582	595.000, 0.580	595.000, 0.580	595.000, 0.581
596.000, 0.583	596.000, 0.583	596.000, 0.581	596.000, 0.581	596.000, 0.581
597.000, 0.584	597.000, 0.583	597.000, 0.581	597.000, 0.581	597.000, 0.581
598.000, 0.584	598.000, 0.583	598.000, 0.581	598.000, 0.581	598.000, 0.582
599.000, 0.584	599.000, 0.583	599.000, 0.582	599.000, 0.582	599.000, 0.583
600.000, 0.585	600.000, 0.583	600.000, 0.582	600.000, 0.583	600.000, 0.583
601.000, 0.585	601.000, 0.584	601.000, 0.582	601.000, 0.583	601.000, 0.583
602.000, 0.586	602.000, 0.584	602.000, 0.583	602.000, 0.583	602.000, 0.584
603.000, 0.586	603.000, 0.585	603.000, 0.583	603.000, 0.584	603.000, 0.584
604.000, 0.587	604.000, 0.585	604.000, 0.584	604.000, 0.585	604.000, 0.585
605.000, 0.587	605.000, 0.586	605.000, 0.585	605.000, 0.585	605.000, 0.585
606.000, 0.588	606.000, 0.586	606.000, 0.585	606.000, 0.585	606.000, 0.586
607.000, 0.588	607.000, 0.587	607.000, 0.586	607.000, 0.586	607.000, 0.586
608.000, 0.589	608.000, 0.587	608.000, 0.586	608.000, 0.587	608.000, 0.587
609.000, 0.589	609.000, 0.588	609.000, 0.587	609.000, 0.587	609.000, 0.588
610.000, 0.590	610.000, 0.589	610.000, 0.588	610.000, 0.588	610.000, 0.588
611.000, 0.590	611.000, 0.589	611.000, 0.588	611.000, 0.588	611.000, 0.589
612.000, 0.591	612.000, 0.589	612.000, 0.588	612.000, 0.589	612.000, 0.589
613.000, 0.591	613.000, 0.590	613.000, 0.589	613.000, 0.589	613.000, 0.589
614.000, 0.592	614.000, 0.591	614.000, 0.589	614.000, 0.590	614.000, 0.590
615.000, 0.592	615.000, 0.591	615.000, 0.590	615.000, 0.590	615.000, 0.590
616.000, 0.593	616.000, 0.591	616.000, 0.591	616.000, 0.591	616.000, 0.591
617.000, 0.593	617.000, 0.592	617.000, 0.591	617.000, 0.591	617.000, 0.591
618.000, 0.594	618.000, 0.592	618.000, 0.591	618.000, 0.591	618.000, 0.592
619.000, 0.594	619.000, 0.593	619.000, 0.591	619.000, 0.592	619.000, 0.592
620.000, 0.595	620.000, 0.593	620.000, 0.592	620.000, 0.592	620.000, 0.593
621.000, 0.595	621.000, 0.594	621.000, 0.593	621.000, 0.593	621.000, 0.593
622.000, 0.595	622.000, 0.594	622.000, 0.593	622.000, 0.593	622.000, 0.593
623.000, 0.596	623.000, 0.594	623.000, 0.593	623.000, 0.593	623.000, 0.594
624.000, 0.596	624.000, 0.595	624.000, 0.594	624.000, 0.594	624.000, 0.594
625.000, 0.597	625.000, 0.595	625.000, 0.594	625.000, 0.594	625.000, 0.594
626.000, 0.597	626.000, 0.595	626.000, 0.594	626.000, 0.595	626.000, 0.595
627.000, 0.597	627.000, 0.596	627.000, 0.595	627.000, 0.595	627.000, 0.595
628.000, 0.597	628.000, 0.596	628.000, 0.595	628.000, 0.595	628.000, 0.596
629.000, 0.598	629.000, 0.596	629.000, 0.595	629.000, 0.596	629.000, 0.596
630.000, 0.598	630.000, 0.597	630.000, 0.596	630.000, 0.596	630.000, 0.596
631.000, 0.599	631.000, 0.598	631.000, 0.596	631.000, 0.597	631.000, 0.597
632.000, 0.599	632.000, 0.598	632.000, 0.597	632.000, 0.597	632.000, 0.597
633.000, 0.600	633.000, 0.599	633.000, 0.597	633.000, 0.597	633.000, 0.598
634.000, 0.600	634.000, 0.599	634.000, 0.597	634.000, 0.598	634.000, 0.598
635.000, 0.601	635.000, 0.599	635.000, 0.598	635.000, 0.598	635.000, 0.598
636.000, 0.601	636.000, 0.600	636.000, 0.598	636.000, 0.599	636.000, 0.599
637.000, 0.601	637.000, 0.600	637.000, 0.599	637.000, 0.599	637.000, 0.600
638.000, 0.602	638.000, 0.600	638.000, 0.599	638.000, 0.599	638.000, 0.600
639.000, 0.602	639.000, 0.601	639.000, 0.599	639.000, 0.600	639.000, 0.600
640.000, 0.603	640.000, 0.601	640.000, 0.600	640.000, 0.600	640.000, 0.600
641.000, 0.603	641.000, 0.601	641.000, 0.600	641.000, 0.601	641.000, 0.601
642.000, 0.604	642.000, 0.602	642.000, 0.601	642.000, 0.601	642.000, 0.601
643.000, 0.604	643.000, 0.603	643.000, 0.601	643.000, 0.601	643.000, 0.602
644.000, 0.604	644.000, 0.603	644.000, 0.601	644.000, 0.602	644.000, 0.602
645.000, 0.604	645.000, 0.603	645.000, 0.602	645.000, 0.602	645.000, 0.602
646.000, 0.605	646.000, 0.604	646.000, 0.602	646.000, 0.603	646.000, 0.603
647.000, 0.606	647.000, 0.604	647.000, 0.603	647.000, 0.603	647.000, 0.603
648.000, 0.606	648.000, 0.604	648.000, 0.603	648.000, 0.604	648.000, 0.604
649.000, 0.607	649.000, 0.605	649.000, 0.604	649.000, 0.604	649.000, 0.604
650.000, 0.607	650.000, 0.605	650.000, 0.604	650.000, 0.604	650.000, 0.605
651.000, 0.606	651.000, 0.605	651.000, 0.604	651.000, 0.604	651.000, 0.604
652.000, 0.607	652.000, 0.605	652.000, 0.604	652.000, 0.605	652.000, 0.605
653.000, 0.608	653.000, 0.606	653.000, 0.605	653.000, 0.605	653.000, 0.606
654.000, 0.608	654.000, 0.606	654.000, 0.606	654.000, 0.606	654.000, 0.606
655.000, 0.608	655.000, 0.607	655.000, 0.606	655.000, 0.606	655.000, 0.606
656.000, 0.609	656.000, 0.608	656.000, 0.606	656.000, 0.607	656.000, 0.607
657.000, 0.609	657.000, 0.608	657.000, 0.607	657.000, 0.607	657.000, 0.607
658.000, 0.610	658.000, 0.609	658.000, 0.607	658.000, 0.607	658.000, 0.608
659.000, 0.611	659.000, 0.610	659.000, 0.608	659.000, 0.608	659.000, 0.609
660.000, 0.611	660.000, 0.610	660.000, 0.608	660.000, 0.609	660.000, 0.609
661.000, 0.611	661.000, 0.610	661.000, 0.609	661.000, 0.609	661.000, 0.609
662.000, 0.612	662.000, 0.611	662.000, 0.609	662.000, 0.610	662.000, 0.610
663.000, 0.612	663.000, 0.611	663.000, 0.610	663.000, 0.610	663.000, 0.610
664.000, 0.612	664.000, 0.611	664.000, 0.610	664.000, 0.610	664.000, 0.610
665.000, 0.613	665.000, 0.612	665.000, 0.611	665.000, 0.611	665.000, 0.611
666.000, 0.614	666.000, 0.612	666.000, 0.611	666.000, 0.611	666.000, 0.612
667.000, 0.614	667.000, 0.612	667.000, 0.612	667.000, 0.611	667.000, 0.612
668.000, 0.615	668.000, 0.613	668.000, 0.612	668.000, 0.612	668.000, 0.612
669.000, 0.615	669.000, 0.614	669.000, 0.613	669.000, 0.613	669.000, 0.613
670.000, 0.615	670.000, 0.614	670.000, 0.613	670.000, 0.613	670.000, 0.613
671.000, 0.616	671.000, 0.615	671.000, 0.613	671.000, 0.614	671.000, 0.613
672.000, 0.616	672.000, 0.615	672.000, 0.614	672.000, 0.614	672.000, 0.614
673.000, 0.616	673.000, 0.615	673.000, 0.614	673.000, 0.614	673.000, 0.614
674.000, 0.617	674.000, 0.616	674.000, 0.614	674.000, 0.615	674.000, 0.615
675.000, 0.617	675.000, 0.616	675.000, 0.616	675.000, 0.615	675.000, 0.615
676.000, 0.618	676.000, 0.617	676.000, 0.616	676.000, 0.615	676.000, 0.615
677.000, 0.618	677.000, 0.617	677.000, 0.616	677.000, 0.616	677.000, 0.616
678.000, 0.619	678.000, 0.618	678.000, 0.616	678.000, 0.616	678.000, 0.616
679.000, 0.620	679.000, 0.618	679.000, 0.617	679.000, 0.617	679.000, 0.617
680.000, 0.620	680.000, 0.619	680.000, 0.617	680.000, 0.617	680.000, 0.617
681.000, 0.621	681.000, 0.619	681.000, 0.618	681.000, 0.617	681.000, 0.618
682.000, 0.621	682.000, 0.619	682.000, 0.618	682.000, 0.618	682.000, 0.618
683.000, 0.621	683.000, 0.620	683.000, 0.618	683.000, 0.618	683.000, 0.618
684.000, 0.621	684.000, 0.620	684.000, 0.619	684.000, 0.619	684.000, 0.619
685.000, 0.621	685.000, 0.620	685.000, 0.619	685.000, 0.619	685.000, 0.619
686.000, 0.621	686.000, 0.620	686.000, 0.618	686.000, 0.619	686.000, 0.619
687.000, 0.621	687.000, 0.620	687.000, 0.619	687.000, 0.619	687.000, 0.619
688.000, 0.622	688.000, 0.621	688.000, 0.620	688.000, 0.620	688.000, 0.620
689.000, 0.623	689.000, 0.622	689.000, 0.621	689.000, 0.621	689.000, 0.621
690.000, 0.624	690.000, 0.623	690.000, 0.622	690.000, 0.622	690.000, 0.621
691.000, 0.625	691.000, 0.624	691.000, 0.622	691.000, 0.622	691.000, 0.622
692.000, 0.625	692.000, 0.624	692.000, 0.623	692.000, 0.622	692.000, 0.623
693.000, 0.625	693.000, 0.624	693.000, 0.623	693.000, 0.623	693.000, 0.623
694.000, 0.626	694.000, 0.625	694.000, 0.623	694.000, 0.623	694.000, 0.624
695.000, 0.627	695.000, 0.626	695.000, 0.624	695.000, 0.624	695.000, 0.624
696.000, 0.628	696.000, 0.627	696.000, 0.625	696.000, 0.625	696.000, 0.625
697.000, 0.628	697.000, 0.627	697.000, 0.626	697.000, 0.626	697.000, 0.626
698.000, 0.629	698.000, 0.628	698.000, 0.626	698.000, 0.626	698.000, 0.626
699.000, 0.629	699.000, 0.628	699.000, 0.626	699.000, 0.626	699.000, 0.627
700.000, 0.629	700.000, 0.628	700.000, 0.627	700.000, 0.627	700.000, 0.627
701.000, 0.630	701.000, 0.628	701.000, 0.627	701.000, 0.627	701.000, 0.627
702.000, 0.630	702.000, 0.629	702.000, 0.628	702.000, 0.628	702.000, 0.628
703.000, 0.631	703.000, 0.630	703.000, 0.629	703.000, 0.629	703.000, 0.629
704.000, 0.631	704.000, 0.630	704.000, 0.629	704.000, 0.629	704.000, 0.629
705.000, 0.632	705.000, 0.631	705.000, 0.630	705.000, 0.630	705.000, 0.630
706.000, 0.633	706.000, 0.632	706.000, 0.630	706.000, 0.630	706.000, 0.631
707.000, 0.633	707.000, 0.632	707.000, 0.631	707.000, 0.631	707.000, 0.631
708.000, 0.634	708.000, 0.632	708.000, 0.631	708.000, 0.631	708.000, 0.631
709.000, 0.634	709.000, 0.633	709.000, 0.631	709.000, 0.632	709.000, 0.632
710.000, 0.635	710.000, 0.634	710.000, 0.632	710.000, 0.633	710.000, 0.632
711.000, 0.635	711.000, 0.634	711.000, 0.633	711.000, 0.633	711.000, 0.633
712.000, 0.635	712.000, 0.635	712.000, 0.633	712.000, 0.633	712.000, 0.634
713.000, 0.636	713.000, 0.635	713.000, 0.634	713.000, 0.634	713.000, 0.634
714.000, 0.637	714.000, 0.635	714.000, 0.634	714.000, 0.634	714.000, 0.635
715.000, 0.637	715.000, 0.635	715.000, 0.634	715.000, 0.634	715.000, 0.634
716.000, 0.636	716.000, 0.636	716.000, 0.634	716.000, 0.634	716.000, 0.634
717.000, 0.637	717.000, 0.637	717.000, 0.635	717.000, 0.635	717.000, 0.635
718.000, 0.638	718.000, 0.637	718.000, 0.636	718.000, 0.636	718.000, 0.636
719.000, 0.639	719.000, 0.638	719.000, 0.637	719.000, 0.636	719.000, 0.637
720.000, 0.640	720.000, 0.639	720.000, 0.637	720.000, 0.637	720.000, 0.638
721.000, 0.640	721.000, 0.639	721.000, 0.638	721.000, 0.638	721.000, 0.638
722.000, 0.640	722.000, 0.640	722.000, 0.638	722.000, 0.638	722.000, 0.639
723.000, 0.640	723.000, 0.640	723.000, 0.639	723.000, 0.638	723.000, 0.639
724.000, 0.641	724.000, 0.640	724.000, 0.639	724.000, 0.638	724.000, 0.639
725.000, 0.642	725.000, 0.640	725.000, 0.639	725.000, 0.639	725.000, 0.639
726.000, 0.643	726.000, 0.641	726.000, 0.640	726.000, 0.640	726.000, 0.640
727.000, 0.644	727.000, 0.642	727.000, 0.641	727.000, 0.641	727.000, 0.641
728.000, 0.643	728.000, 0.642	728.000, 0.641	728.000, 0.641	728.000, 0.641
729.000, 0.644	729.000, 0.642	729.000, 0.641	729.000, 0.641	729.000, 0.642
730.000, 0.645	730.000, 0.644	730.000, 0.643	730.000, 0.643	730.000, 0.643
731.000, 0.646	731.000, 0.644	731.000, 0.644	731.000, 0.644	731.000, 0.644
732.000, 0.646	732.000, 0.645	732.000, 0.644	732.000, 0.644	732.000, 0.644
733.000, 0.647	733.000, 0.645	733.000, 0.644	733.000, 0.645	733.000, 0.645
734.000, 0.647	734.000, 0.646	734.000, 0.645	734.000, 0.645	734.000, 0.645
735.000, 0.647	735.000, 0.646	735.000, 0.645	735.000, 0.646	735.000, 0.646
736.000, 0.648	736.000, 0.647	736.000, 0.646	736.000, 0.646	736.000, 0.646
737.000, 0.649	737.000, 0.648	737.000, 0.647	737.000, 0.646	737.000, 0.647
738.000, 0.650	738.000, 0.649	738.000, 0.648	738.000, 0.647	738.000, 0.647
739.000, 0.650	739.000, 0.649	739.000, 0.648	739.000, 0.648	739.000, 0.648
740.000, 0.651	740.000, 0.650	740.000, 0.649	740.000, 0.649	740.000, 0.649
741.000, 0.651	741.000, 0.650	741.000, 0.649	741.000, 0.649	741.000, 0.649
742.000, 0.652	742.000, 0.651	742.000, 0.650	742.000, 0.650	742.000, 0.649
743.000, 0.652	743.000, 0.652	743.000, 0.650	743.000, 0.650	743.000, 0.650
744.000, 0.653	744.000, 0.652	744.000, 0.650	744.000, 0.650	744.000, 0.651
745.000, 0.653	745.000, 0.652	745.000, 0.651	745.000, 0.651	745.000, 0.651
746.000, 0.654	746.000, 0.653	746.000, 0.652	746.000, 0.652	746.000, 0.652
747.000, 0.654	747.000, 0.653	747.000, 0.652	747.000, 0.652	747.000, 0.652
748.000, 0.655	748.000, 0.654	748.000, 0.653	748.000, 0.653	748.000, 0.652
749.000, 0.656	749.000, 0.655	749.000, 0.653	749.000, 0.653	749.000, 0.653
750.000, 0.656	750.000, 0.655	750.000, 0.653	750.000, 0.654	750.000, 0.654
751.000, 0.656	751.000, 0.656	751.000, 0.654	751.000, 0.654	751.000, 0.655
752.000, 0.657	752.000, 0.656	752.000, 0.655	752.000, 0.655	752.000, 0.655
753.000, 0.658	753.000, 0.657	753.000, 0.656	753.000, 0.655	753.000, 0.656
754.000, 0.658	754.000, 0.657	754.000, 0.656	754.000, 0.655	754.000, 0.656
755.000, 0.658	755.000, 0.657	755.000, 0.656	755.000, 0.656	755.000, 0.656
756.000, 0.658	756.000, 0.658	756.000, 0.656	756.000, 0.656	756.000, 0.656
757.000, 0.658	757.000, 0.657	757.000, 0.656	757.000, 0.655	757.000, 0.655
758.000, 0.656	758.000, 0.655	758.000, 0.654	758.000, 0.654	758.000, 0.654
759.000, 0.655	759.000, 0.654	759.000, 0.653	759.000, 0.652	759.000, 0.652
760.000, 0.657	760.000, 0.654	760.000, 0.655	760.000, 0.653	760.000, 0.652
761.000, 0.658	761.000, 0.655	761.000, 0.656	761.000, 0.655	761.000, 0.654
762.000, 0.659	762.000, 0.657	762.000, 0.656	762.000, 0.656	762.000, 0.656
763.000, 0.661	763.000, 0.659	763.000, 0.658	763.000, 0.658	763.000, 0.658
764.000, 0.662	764.000, 0.661	764.000, 0.660	764.000, 0.660	764.000, 0.660
765.000, 0.663	765.000, 0.662	765.000, 0.661	765.000, 0.661	765.000, 0.660
766.000, 0.664	766.000, 0.663	766.000, 0.661	766.000, 0.661	766.000, 0.661
767.000, 0.665	767.000, 0.664	767.000, 0.662	767.000, 0.662	767.000, 0.662
768.000, 0.665	768.000, 0.664	768.000, 0.662	768.000, 0.663	768.000, 0.663
769.000, 0.666	769.000, 0.664	769.000, 0.663	769.000, 0.663	769.000, 0.663
770.000, 0.666	770.000, 0.664	770.000, 0.663	770.000, 0.663	770.000, 0.663
771.000, 0.667	771.000, 0.665	771.000, 0.664	771.000, 0.664	771.000, 0.664
772.000, 0.667	772.000, 0.666	772.000, 0.665	772.000, 0.665	772.000, 0.665
773.000, 0.668	773.000, 0.666	773.000, 0.665	773.000, 0.665	773.000, 0.665
774.000, 0.668	774.000, 0.667	774.000, 0.665	774.000, 0.666	774.000, 0.665
775.000, 0.669	775.000, 0.667	775.000, 0.666	775.000, 0.666	775.000, 0.666
776.000, 0.670	776.000, 0.668	776.000, 0.666	776.000, 0.666	776.000, 0.666
777.000, 0.670	777.000, 0.668	777.000, 0.667	777.000, 0.667	777.000, 0.667
778.000, 0.669	778.000, 0.668	778.000, 0.667	778.000, 0.667	778.000, 0.667
779.000, 0.670	779.000, 0.669	779.000, 0.667	779.000, 0.668	779.000, 0.668
780.000, 0.671	780.000, 0.670	780.000, 0.668	780.000, 0.668	780.000, 0.668
781.000, 0.672	781.000, 0.671	781.000, 0.669	781.000, 0.669	781.000, 0.669
782.000, 0.672	782.000, 0.670	782.000, 0.669	782.000, 0.669	782.000, 0.669
783.000, 0.672	783.000, 0.670	783.000, 0.669	783.000, 0.669	783.000, 0.669
784.000, 0.673	784.000, 0.671	784.000, 0.670	784.000, 0.670	784.000, 0.670
785.000, 0.673	785.000, 0.672	785.000, 0.671	785.000, 0.670	785.000, 0.670
786.000, 0.673	786.000, 0.672	786.000, 0.671	786.000, 0.670	786.000, 0.670
787.000, 0.673	787.000, 0.672	787.000, 0.671	787.000, 0.671	787.000, 0.671
788.000, 0.674	788.000, 0.673	788.000, 0.671	788.000, 0.672	788.000, 0.672
789.000, 0.675	789.000, 0.673	789.000, 0.672	789.000, 0.672	789.000, 0.672
790.000, 0.675	790.000, 0.674	790.000, 0.672	790.000, 0.673	790.000, 0.672
791.000, 0.676	791.000, 0.674	791.000, 0.673	791.000, 0.673	791.000, 0.673
792.000, 0.676	792.000, 0.675	792.000, 0.674	792.000, 0.673	792.000, 0.674
793.000, 0.676	793.000, 0.675	793.000, 0.674	793.000, 0.674	793.000, 0.674
794.000, 0.677	794.000, 0.676	794.000, 0.674	794.000, 0.674	794.000, 0.674
795.000, 0.677	795.000, 0.676	795.000, 0.675	795.000, 0.674	795.000, 0.674
796.000, 0.677	796.000, 0.676	796.000, 0.675	796.000, 0.674	796.000, 0.675
797.000, 0.677	797.000, 0.676	797.000, 0.674	797.000, 0.675	797.000, 0.675
798.000, 0.677	798.000, 0.677	798.000, 0.675	798.000, 0.676	798.000, 0.675
799.000, 0.678	799.000, 0.677	799.000, 0.676	799.000, 0.676	799.000, 0.675
800.000, 0.679	800.000, 0.677	800.000, 0.676	800.000, 0.676	800.000, 0.676
801.000, 0.679	801.000, 0.677	801.000, 0.676	801.000, 0.676	801.000, 0.676
802.000, 0.679	802.000, 0.678	802.000, 0.677	802.000, 0.677	802.000, 0.676
803.000, 0.680	803.000, 0.679	803.000, 0.678	803.000, 0.677	803.000, 0.677
804.000, 0.681	804.000, 0.679	804.000, 0.679	804.000, 0.678	804.000, 0.678
805.000, 0.681	805.000, 0.679	805.000, 0.679	805.000, 0.678	805.000, 0.678
806.000, 0.681	806.000, 0.679	806.000, 0.678	806.000, 0.678	806.000, 0.678
807.000, 0.681	807.000, 0.679	807.000, 0.678	807.000, 0.678	807.000, 0.678
808.000, 0.682	808.000, 0.680	808.000, 0.678	808.000, 0.679	808.000, 0.678
809.000, 0.682	809.000, 0.681	809.000, 0.679	809.000, 0.680	809.000, 0.680
810.000, 0.682	810.000, 0.681	810.000, 0.680	810.000, 0.680	810.000, 0.680
811.000, 0.682	811.000, 0.680	811.000, 0.679	811.000, 0.680	811.000, 0.679
812.000, 0.683	812.000, 0.681	812.000, 0.680	812.000, 0.680	812.000, 0.680
813.000, 0.683	813.000, 0.682	813.000, 0.681	813.000, 0.680	813.000, 0.680
814.000, 0.683	814.000, 0.682	814.000, 0.681	814.000, 0.681	814.000, 0.680
815.000, 0.684	815.000, 0.682	815.000, 0.680	815.000, 0.681	815.000, 0.681
816.000, 0.685	816.000, 0.683	816.000, 0.681	816.000, 0.681	816.000, 0.682
817.000, 0.685	817.000, 0.684	817.000, 0.682	817.000, 0.683	817.000, 0.683
818.000, 0.686	818.000, 0.684	818.000, 0.683	818.000, 0.683	818.000, 0.683
819.000, 0.686	819.000, 0.684	819.000, 0.682	819.000, 0.683	819.000, 0.682
820.000, 0.685	820.000, 0.685	820.000, 0.682	820.000, 0.683	820.000, 0.683
821.000, 0.685	821.000, 0.685	821.000, 0.683	821.000, 0.683	821.000, 0.683
822.000, 0.686	822.000, 0.684	822.000, 0.683	822.000, 0.683	822.000, 0.683
823.000, 0.687	823.000, 0.685	823.000, 0.684	823.000, 0.685	823.000, 0.684
824.000, 0.688	824.000, 0.686	824.000, 0.685	824.000, 0.686	824.000, 0.685
825.000, 0.687	825.000, 0.686	825.000, 0.685	825.000, 0.684	825.000, 0.685
826.000, 0.688	826.000, 0.686	826.000, 0.685	826.000, 0.684	826.000, 0.685
827.000, 0.688	827.000, 0.686	827.000, 0.685	827.000, 0.685	827.000, 0.685
828.000, 0.688	828.000, 0.687	828.000, 0.685	828.000, 0.685	828.000, 0.686
829.000, 0.688	829.000, 0.688	829.000, 0.686	829.000, 0.685	829.000, 0.686
830.000, 0.689	830.000, 0.688	830.000, 0.686	830.000, 0.685	830.000, 0.686
831.000, 0.689	831.000, 0.688	831.000, 0.687	831.000, 0.685	831.000, 0.686
832.000, 0.690	832.000, 0.688	832.000, 0.687	832.000, 0.686	832.000, 0.686
833.000, 0.691	833.000, 0.689	833.000, 0.688	833.000, 0.687	833.000, 0.687
834.000, 0.691	834.000, 0.689	834.000, 0.688	834.000, 0.688	834.000, 0.687
835.000, 0.691	835.000, 0.689	835.000, 0.688	835.000, 0.688	835.000, 0.688
836.000, 0.691	836.000, 0.690	836.000, 0.689	836.000, 0.689	836.000, 0.689
837.000, 0.691	837.000, 0.690	837.000, 0.690	837.000, 0.689	837.000, 0.690
838.000, 0.692	838.000, 0.690	838.000, 0.690	838.000, 0.688	838.000, 0.689
839.000, 0.693	839.000, 0.691	839.000, 0.690	839.000, 0.689	839.000, 0.689
840.000, 0.693	840.000, 0.691	840.000, 0.690	840.000, 0.689	840.000, 0.689
841.000, 0.692	841.000, 0.690	841.000, 0.689	841.000, 0.689	841.000, 0.689
842.000, 0.693	842.000, 0.690	842.000, 0.689	842.000, 0.689	842.000, 0.689
843.000, 0.694	843.000, 0.692	843.000, 0.691	843.000, 0.690	843.000, 0.690
844.000, 0.694	844.000, 0.692	844.000, 0.693	844.000, 0.692	844.000, 0.691
845.000, 0.694	845.000, 0.692	845.000, 0.692	845.000, 0.692	845.000, 0.692
846.000, 0.694	846.000, 0.692	846.000, 0.691	846.000, 0.691	846.000, 0.692
847.000, 0.695	847.000, 0.693	847.000, 0.692	847.000, 0.692	847.000, 0.692
848.000, 0.695	848.000, 0.693	848.000, 0.693	848.000, 0.693	848.000, 0.691
849.000, 0.695	849.000, 0.694	849.000, 0.694	849.000, 0.693	849.000, 0.692
850.000, 0.695	850.000, 0.694	850.000, 0.693	850.000, 0.692	850.000, 0.691
851.000, 0.695	851.000, 0.694	851.000, 0.692	851.000, 0.692	851.000, 0.691
852.000, 0.697	852.000, 0.694	852.000, 0.694	852.000, 0.693	852.000, 0.692
853.000, 0.696	853.000, 0.694	853.000, 0.694	853.000, 0.693	853.000, 0.692
854.000, 0.696	854.000, 0.694	854.000, 0.693	854.000, 0.693	854.000, 0.693
855.000, 0.697	855.000, 0.694	855.000, 0.694	855.000, 0.693	855.000, 0.694
856.000, 0.697	856.000, 0.695	856.000, 0.695	856.000, 0.694	856.000, 0.694
857.000, 0.698	857.000, 0.696	857.000, 0.695	857.000, 0.695	857.000, 0.693
858.000, 0.698	858.000, 0.696	858.000, 0.695	858.000, 0.695	858.000, 0.694
859.000, 0.698	859.000, 0.696	859.000, 0.695	859.000, 0.695	859.000, 0.694
860.000, 0.699	860.000, 0.697	860.000, 0.696	860.000, 0.695	860.000, 0.694
861.000, 0.699	861.000, 0.696	861.000, 0.696	861.000, 0.695	861.000, 0.694
862.000, 0.699	862.000, 0.696	862.000, 0.695	862.000, 0.696	862.000, 0.694
863.000, 0.697	863.000, 0.696	863.000, 0.696	863.000, 0.694	863.000, 0.694
864.000, 0.699	864.000, 0.697	864.000, 0.697	864.000, 0.695	864.000, 0.695
865.000, 0.701	865.000, 0.699	865.000, 0.698	865.000, 0.696	865.000, 0.696
866.000, 0.701	866.000, 0.698	866.000, 0.698	866.000, 0.696	866.000, 0.696
867.000, 0.701	867.000, 0.699	867.000, 0.698	867.000, 0.697	867.000, 0.697
868.000, 0.701	868.000, 0.700	868.000, 0.698	868.000, 0.698	868.000, 0.699
869.000, 0.700	869.000, 0.700	869.000, 0.698	869.000, 0.698	869.000, 0.698
870.000, 0.699	870.000, 0.700	870.000, 0.698	870.000, 0.698	870.000, 0.697
871.000, 0.701	871.000, 0.699	871.000, 0.698	871.000, 0.698	871.000, 0.697
872.000, 0.702	872.000, 0.700	872.000, 0.700	872.000, 0.700	872.000, 0.698
873.000, 0.702	873.000, 0.701	873.000, 0.701	873.000, 0.700	873.000, 0.699
874.000, 0.701	874.000, 0.701	874.000, 0.701	874.000, 0.699	874.000, 0.699
875.000, 0.701	875.000, 0.700	875.000, 0.699	875.000, 0.698	875.000, 0.699
876.000, 0.701	876.000, 0.699	876.000, 0.699	876.000, 0.698	876.000, 0.699
877.000, 0.703	877.000, 0.700	877.000, 0.699	877.000, 0.699	877.000, 0.699
878.000, 0.704	878.000, 0.702	878.000, 0.699	878.000, 0.700	878.000, 0.699
879.000, 0.703	879.000, 0.702	879.000, 0.701	879.000, 0.701	879.000, 0.699
880.000, 0.703	880.000, 0.702	880.000, 0.701	880.000, 0.701	880.000, 0.699
881.000, 0.703	881.000, 0.702	881.000, 0.701	881.000, 0.700	881.000, 0.698
882.000, 0.703	882.000, 0.701	882.000, 0.701	882.000, 0.700	882.000, 0.700
883.000, 0.704	883.000, 0.702	883.000, 0.702	883.000, 0.701	883.000, 0.702
884.000, 0.704	884.000, 0.703	884.000, 0.703	884.000, 0.703	884.000, 0.703
885.000, 0.704	885.000, 0.703	885.000, 0.703	885.000, 0.702	885.000, 0.702
886.000, 0.705	886.000, 0.703	886.000, 0.703	886.000, 0.702	886.000, 0.702
887.000, 0.706	887.000, 0.704	887.000, 0.703	887.000, 0.704	887.000, 0.702
888.000, 0.704	888.000, 0.704	888.000, 0.703	888.000, 0.703	888.000, 0.702
889.000, 0.704	889.000, 0.703	889.000, 0.703	889.000, 0.703	889.000, 0.703
890.000, 0.707	890.000, 0.704	890.000, 0.703	890.000, 0.704	890.000, 0.702
891.000, 0.706	891.000, 0.702	891.000, 0.703	891.000, 0.702	891.000, 0.701
892.000, 0.705	892.000, 0.701	892.000, 0.703	892.000, 0.700	892.000, 0.700
893.000, 0.704	893.000, 0.704	893.000, 0.701	893.000, 0.701	893.000, 0.699
894.000, 0.705	894.000, 0.705	894.000, 0.702	894.000, 0.703	894.000, 0.701
895.000, 0.706	895.000, 0.704	895.000, 0.704	895.000, 0.704	895.000, 0.702
896.000, 0.704	896.000, 0.702	896.000, 0.703	896.000, 0.702	896.000, 0.700
897.000, 0.705	897.000, 0.702	897.000, 0.703	897.000, 0.701	897.000, 0.700
898.000, 0.709	898.000, 0.705	898.000, 0.705	898.000, 0.703	898.000, 0.703
899.000, 0.708	899.000, 0.707	899.000, 0.705	899.000, 0.703	899.000, 0.703
900.000, 0.707	900.000, 0.707	900.000, 0.705	900.000, 0.703	900.000, 0.703
901.000, 0.708	901.000, 0.706	901.000, 0.706	901.000, 0.702	901.000, 0.703
902.000, 0.708	902.000, 0.705	902.000, 0.705	902.000, 0.703	902.000, 0.702
903.000, 0.707	903.000, 0.705	903.000, 0.703	903.000, 0.705	903.000, 0.702
904.000, 0.707	904.000, 0.706	904.000, 0.705	904.000, 0.704	904.000, 0.704
905.000, 0.707	905.000, 0.708	905.000, 0.706	905.000, 0.705	905.000, 0.706
906.000, 0.709	906.000, 0.709	906.000, 0.706	906.000, 0.708	906.000, 0.708
907.000, 0.711	907.000, 0.709	907.000, 0.707	907.000, 0.707	907.000, 0.707
908.000, 0.713	908.000, 0.709	908.000, 0.708	908.000, 0.706	908.000, 0.707
909.000, 0.714	909.000, 0.709	909.000, 0.710	909.000, 0.708	909.000, 0.708
910.000, 0.712	910.000, 0.709	910.000, 0.709	910.000, 0.708	910.000, 0.706
911.000, 0.709	911.000, 0.710	911.000, 0.708	911.000, 0.706	911.000, 0.704
912.000, 0.707	912.000, 0.710	912.000, 0.709	912.000, 0.707	912.000, 0.706
913.000, 0.707	913.000, 0.708	913.000, 0.708	913.000, 0.706	913.000, 0.705
914.000, 0.710	914.000, 0.705	914.000, 0.707	914.000, 0.705	914.000, 0.703
915.000, 0.712	915.000, 0.707	915.000, 0.708	915.000, 0.707	915.000, 0.706
916.000, 0.712	916.000, 0.709	916.000, 0.709	916.000, 0.707	916.000, 0.708
917.000, 0.709	917.000, 0.710	917.000, 0.707	917.000, 0.706	917.000, 0.707
918.000, 0.709	918.000, 0.709	918.000, 0.707	918.000, 0.707	918.000, 0.706
919.000, 0.712	919.000, 0.710	919.000, 0.709	919.000, 0.709	919.000, 0.707
920.000, 0.714	920.000, 0.714	920.000, 0.713	920.000, 0.710	920.000, 0.713
921.000, 0.713	921.000, 0.714	921.000, 0.713	921.000, 0.709	921.000, 0.711
922.000, 0.711	922.000, 0.713	922.000, 0.711	922.000, 0.709	922.000, 0.707
923.000, 0.712	923.000, 0.713	923.000, 0.712	923.000, 0.710	923.000, 0.706
924.000, 0.713	924.000, 0.713	924.000, 0.713	924.000, 0.711	924.000, 0.708
925.000, 0.713	925.000, 0.714	925.000, 0.712	925.000, 0.711	925.000, 0.711
926.000, 0.713	926.000, 0.711	926.000, 0.709	926.000, 0.711	926.000, 0.713
927.000, 0.712	927.000, 0.708	927.000, 0.707	927.000, 0.709	927.000, 0.711
928.000, 0.710	928.000, 0.705	928.000, 0.707	928.000, 0.707	928.000, 0.706
929.000, 0.709	929.000, 0.708	929.000, 0.710	929.000, 0.709	929.000, 0.707
930.000, 0.710	930.000, 0.712	930.000, 0.713	930.000, 0.710	930.000, 0.710
931.000, 0.715	931.000, 0.711	931.000, 0.712	931.000, 0.705	931.000, 0.707
932.000, 0.712	932.000, 0.712	932.000, 0.710	932.000, 0.704	932.000, 0.704
933.000, 0.706	933.000, 0.716	933.000, 0.708	933.000, 0.706	933.000, 0.703
934.000, 0.710	934.000, 0.715	934.000, 0.710	934.000, 0.709	934.000, 0.704
935.000, 0.712	935.000, 0.711	935.000, 0.712	935.000, 0.710	935.000, 0.708
936.000, 0.709	936.000, 0.707	936.000, 0.713	936.000, 0.708	936.000, 0.712
937.000, 0.710	937.000, 0.710	937.000, 0.715	937.000, 0.713	937.000, 0.710
938.000, 0.712	938.000, 0.713	938.000, 0.715	938.000, 0.714	938.000, 0.706
939.000, 0.713	939.000, 0.711	939.000, 0.713	939.000, 0.707	939.000, 0.704
940.000, 0.712	940.000, 0.710	940.000, 0.713	940.000, 0.709	940.000, 0.710
941.000, 0.710	941.000, 0.711	941.000, 0.713	941.000, 0.712	941.000, 0.716
942.000, 0.713	942.000, 0.713	942.000, 0.713	942.000, 0.706	942.000, 0.710
943.000, 0.716	943.000, 0.716	943.000, 0.714	943.000, 0.707	943.000, 0.709
944.000, 0.716	944.000, 0.719	944.000, 0.716	944.000, 0.715	944.000, 0.712
945.000, 0.716	945.000, 0.721	945.000, 0.717	945.000, 0.713	945.000, 0.705
946.000, 0.719	946.000, 0.720	946.000, 0.722	946.000, 0.718	946.000, 0.707
947.000, 0.726	947.000, 0.719	947.000, 0.730	947.000, 0.731	947.000, 0.720
948.000, 0.726	948.000, 0.723	948.000, 0.727	948.000, 0.725	948.000, 0.719
949.000, 0.725	949.000, 0.725	949.000, 0.721	949.000, 0.716	949.000, 0.716
950.000, 0.724	950.000, 0.720	950.000, 0.720	950.000, 0.719	950.000, 0.718
951.000, 0.716	951.000, 0.713	951.000, 0.718	951.000, 0.715	951.000, 0.715
952.000, 0.708	952.000, 0.710	952.000, 0.717	952.000, 0.711	952.000, 0.710
953.000, 0.715	953.000, 0.724	953.000, 0.721	953.000, 0.723	953.000, 0.715
954.000, 0.722	954.000, 0.728	954.000, 0.724	954.000, 0.728	954.000, 0.718
955.000, 0.722	955.000, 0.718	955.000, 0.724	955.000, 0.722	955.000, 0.716
956.000, 0.717	956.000, 0.714	956.000, 0.718	956.000, 0.717	956.000, 0.713
957.000, 0.712	957.000, 0.712	957.000, 0.712	957.000, 0.714	957.000, 0.710
958.000, 0.713	958.000, 0.712	958.000, 0.711	958.000, 0.714	958.000, 0.710
959.000, 0.719	959.000, 0.712	959.000, 0.713	959.000, 0.715	959.000, 0.710
960.000, 0.723	960.000, 0.713	960.000, 0.715	960.000, 0.716	960.000, 0.709
961.000, 0.718	961.000, 0.718	961.000, 0.717	961.000, 0.713	961.000, 0.707
962.000, 0.718	962.000, 0.719	962.000, 0.718	962.000, 0.715	962.000, 0.711
963.000, 0.722	963.000, 0.717	963.000, 0.719	963.000, 0.722	963.000, 0.717
964.000, 0.723	964.000, 0.722	964.000, 0.717	964.000, 0.718	964.000, 0.711
965.000, 0.724	965.000, 0.724	965.000, 0.717	965.000, 0.718	965.000, 0.710
966.000, 0.725	966.000, 0.720	966.000, 0.718	966.000, 0.721	966.000, 0.716
967.000, 0.723	967.000, 0.719	967.000, 0.719	967.000, 0.721	967.000, 0.718
968.000, 0.723	968.000, 0.719	968.000, 0.718	968.000, 0.720	968.000, 0.718
969.000, 0.728	969.000, 0.721	969.000, 0.716	969.000, 0.722	969.000, 0.720
970.000, 0.729	970.000, 0.726	970.000, 0.725	970.000, 0.726	970.000, 0.723
971.000, 0.727	971.000, 0.729	971.000, 0.734	971.000, 0.729	971.000, 0.725
972.000, 0.725	972.000, 0.724	972.000, 0.724	972.000, 0.728	972.000, 0.725
973.000, 0.727	973.000, 0.722	973.000, 0.722	973.000, 0.726	973.000, 0.724
974.000, 0.730	974.000, 0.726	974.000, 0.728	974.000, 0.724	974.000, 0.722
975.000, 0.727	975.000, 0.728	975.000, 0.726	975.000, 0.723	975.000, 0.717
976.000, 0.722	976.000, 0.724	976.000, 0.720	976.000, 0.720	976.000, 0.713
977.000, 0.718	977.000, 0.715	977.000, 0.715	977.000, 0.717	977.000, 0.716
978.000, 0.718	978.000, 0.717	978.000, 0.719	978.000, 0.717	978.000, 0.720
979.000, 0.723	979.000, 0.724	979.000, 0.725	979.000, 0.720	979.000, 0.723
980.000, 0.730	980.000, 0.728	980.000, 0.726	980.000, 0.721	980.000, 0.726
981.000, 0.733	981.000, 0.726	981.000, 0.726	981.000, 0.720	981.000, 0.724
982.000, 0.730	982.000, 0.722	982.000, 0.724	982.000, 0.719	982.000, 0.720
983.000, 0.718	983.000, 0.719	983.000, 0.719	983.000, 0.722	983.000, 0.716
984.000, 0.714	984.000, 0.720	984.000, 0.718	984.000, 0.725	984.000, 0.715
985.000, 0.723	985.000, 0.723	985.000, 0.723	985.000, 0.726	985.000, 0.719
986.000, 0.724	986.000, 0.718	986.000, 0.721	986.000, 0.721	986.000, 0.719
987.000, 0.724	987.000, 0.715	987.000, 0.718	987.000, 0.718	987.000, 0.718
988.000, 0.726	988.000, 0.719	988.000, 0.722	988.000, 0.719	988.000, 0.717
989.000, 0.725	989.000, 0.719	989.000, 0.726	989.000, 0.720	989.000, 0.720
990.000, 0.724	990.000, 0.716	990.000, 0.728	990.000, 0.720	990.000, 0.724
991.000, 0.724	991.000, 0.716	991.000, 0.725	991.000, 0.719	991.000, 0.725
992.000, 0.725	992.000, 0.718	992.000, 0.723	992.000, 0.718	992.000, 0.723
993.000, 0.727	993.000, 0.721	993.000, 0.722	993.000, 0.719	993.000, 0.720
994.000, 0.728	994.000, 0.727	994.000, 0.725	994.000, 0.722	994.000, 0.720
995.000, 0.724	995.000, 0.726	995.000, 0.724	995.000, 0.722	995.000, 0.717
996.000, 0.715	996.000, 0.718	996.000, 0.716	996.000, 0.718	996.000, 0.712
997.000, 0.720	997.000, 0.717	997.000, 0.717	997.000, 0.720	997.000, 0.719
998.000, 0.728	998.000, 0.720	998.000, 0.723	998.000, 0.723	998.000, 0.726
999.000, 0.726	999.000, 0.718	999.000, 0.723	999.000, 0.722	999.000, 0.719
1000.000, 0.730	1000.000, 0.724	1000.000, 0.727	1000.000, 0.729	1000.000, 0.720
1001.000, 0.735	1001.000, 0.732	1001.000, 0.733	1001.000, 0.738	1001.000, 0.724
1002.000, 0.727	1002.000, 0.726	1002.000, 0.725	1002.000, 0.732	1002.000, 0.716
1003.000, 0.721	1003.000, 0.721	1003.000, 0.720	1003.000, 0.727	1003.000, 0.714
1004.000, 0.723	1004.000, 0.723	1004.000, 0.721	1004.000, 0.725	1004.000, 0.721
1005.000, 0.727	1005.000, 0.719	1005.000, 0.713	1005.000, 0.720	1005.000, 0.714
1006.000, 0.729	1006.000, 0.721	1006.000, 0.711	1006.000, 0.720	1006.000, 0.709
1007.000, 0.725	1007.000, 0.734	1007.000, 0.726	1007.000, 0.730	1007.000, 0.721
1008.000, 0.726	1008.000, 0.736	1008.000, 0.731	1008.000, 0.734	1008.000, 0.727
1009.000, 0.730	1009.000, 0.728	1009.000, 0.727	1009.000, 0.730	1009.000, 0.724
1010.000, 0.732	1010.000, 0.719	1010.000, 0.724	1010.000, 0.718	1010.000, 0.716
1011.000, 0.731	1011.000, 0.719	1011.000, 0.720	1011.000, 0.719	1011.000, 0.717
1012.000, 0.729	1012.000, 0.726	1012.000, 0.718	1012.000, 0.731	1012.000, 0.726
1013.000, 0.728	1013.000, 0.729	1013.000, 0.728	1013.000, 0.729	1013.000, 0.726
1014.000, 0.726	1014.000, 0.729	1014.000, 0.732	1014.000, 0.727	1014.000, 0.723
1015.000, 0.723	1015.000, 0.727	1015.000, 0.724	1015.000, 0.731	1015.000, 0.721
1016.000, 0.722	1016.000, 0.721	1016.000, 0.728	1016.000, 0.732	1016.000, 0.723
1017.000, 0.724	1017.000, 0.722	1017.000, 0.737	1017.000, 0.730	1017.000, 0.724
1018.000, 0.732	1018.000, 0.739	1018.000, 0.742	1018.000, 0.727	1018.000, 0.715
1019.000, 0.734	1019.000, 0.753	1019.000, 0.750	1019.000, 0.728	1019.000, 0.718
1020.000, 0.730	1020.000, 0.756	1020.000, 0.756	1020.000, 0.733	1020.000, 0.731
1021.000, 0.733	1021.000, 0.743	1021.000, 0.745	1021.000, 0.731	1021.000, 0.738
1022.000, 0.734	1022.000, 0.733	1022.000, 0.735	1022.000, 0.731	1022.000, 0.741
1023.000, 0.732	1023.000, 0.729	1023.000, 0.731	1023.000, 0.734	1023.000, 0.740
1024.000, 0.725	1024.000, 0.721	1024.000, 0.731	1024.000, 0.731	1024.000, 0.721
1025.000, 0.721	1025.000, 0.715	1025.000, 0.730	1025.000, 0.723	1025.000, 0.707
1026.000, 0.722	1026.000, 0.719	1026.000, 0.728	1026.000, 0.712	1026.000, 0.716
1027.000, 0.721	1027.000, 0.724	1027.000, 0.724	1027.000, 0.710	1027.000, 0.721
1028.000, 0.721	1028.000, 0.734	1028.000, 0.726	1028.000, 0.721	1028.000, 0.722
1029.000, 0.734	1029.000, 0.759	1029.000, 0.744	1029.000, 0.752	1029.000, 0.724
1030.000, 0.732	1030.000, 0.768	1030.000, 0.750	1030.000, 0.750	1030.000, 0.729
1031.000, 0.718	1031.000, 0.755	1031.000, 0.739	1031.000, 0.718	1031.000, 0.737
1032.000, 0.730	1032.000, 0.745	1032.000, 0.732	1032.000, 0.727	1032.000, 0.742
1033.000, 0.735	1033.000, 0.735	1033.000, 0.724	1033.000, 0.730	1033.000, 0.736
1034.000, 0.722	1034.000, 0.723	1034.000, 0.716	1034.000, 0.710	1034.000, 0.718
1035.000, 0.733	1035.000, 0.725	1035.000, 0.726	1035.000, 0.718	1035.000, 0.718
1036.000, 0.742	1036.000, 0.729	1036.000, 0.737	1036.000, 0.731	1036.000, 0.720
1037.000, 0.718	1037.000, 0.724	1037.000, 0.728	1037.000, 0.718	1037.000, 0.706
1038.000, 0.721	1038.000, 0.735	1038.000, 0.718	1038.000, 0.728	1038.000, 0.715
1039.000, 0.742	1039.000, 0.749	1039.000, 0.714	1039.000, 0.749	1039.000, 0.737
1040.000, 0.734	1040.000, 0.723	1040.000, 0.730	1040.000, 0.731	1040.000, 0.723
1041.000, 0.737	1041.000, 0.707	1041.000, 0.739	1041.000, 0.731	1041.000, 0.718
1042.000, 0.758	1042.000, 0.714	1042.000, 0.736	1042.000, 0.756	1042.000, 0.732
1043.000, 0.758	1043.000, 0.719	1043.000, 0.740	1043.000, 0.749	1043.000, 0.737
1044.000, 0.748	1044.000, 0.729	1044.000, 0.743	1044.000, 0.733	1044.000, 0.739
1045.000, 0.739	1045.000, 0.747	1045.000, 0.735	1045.000, 0.727	1045.000, 0.742
1046.000, 0.727	1046.000, 0.720	1046.000, 0.719	1046.000, 0.717	1046.000, 0.730
1047.000, 0.721	1047.000, 0.693	1047.000, 0.710	1047.000, 0.715	1047.000, 0.711
1048.000, 0.733	1048.000, 0.742	1048.000, 0.733	1048.000, 0.739	1048.000, 0.696
1049.000, 0.744	1049.000, 0.791	1049.000, 0.755	1049.000, 0.757	1049.000, 0.727
1050.000, 0.745	1050.000, 0.804	1050.000, 0.756	1050.000, 0.754	1050.000, 0.779
1051.000, 0.725	1051.000, 0.741	1051.000, 0.700	1051.000, 0.710	1051.000, 0.725
1052.000, 0.724	1052.000, 0.715	1052.000, 0.682	1052.000, 0.694	1052.000, 0.694
1053.000, 0.751	1053.000, 0.756	1053.000, 0.735	1053.000, 0.725	1053.000, 0.728
1054.000, 0.745	1054.000, 0.732	1054.000, 0.777	1054.000, 0.742	1054.000, 0.752
1055.000, 0.736	1055.000, 0.699	1055.000, 0.783	1055.000, 0.737	1055.000, 0.757
1056.000, 0.759	1056.000, 0.722	1056.000, 0.748	1056.000, 0.716	1056.000, 0.743
1057.000, 0.724	1057.000, 0.737	1057.000, 0.707	1057.000, 0.691	1057.000, 0.689
1058.000, 0.671	1058.000, 0.738	1058.000, 0.693	1058.000, 0.684	1058.000, 0.641
1059.000, 0.728	1059.000, 0.742	1059.000, 0.760	1059.000, 0.743	1059.000, 0.718
1060.000, 0.744	1060.000, 0.739	1060.000, 0.768	1060.000, 0.758	1060.000, 0.728
1061.000, 0.702	1061.000, 0.731	1061.000, 0.708	1061.000, 0.715	1061.000, 0.651
1062.000, 0.743	1062.000, 0.734	1062.000, 0.739	1062.000, 0.713	1062.000, 0.669
1063.000, 0.795	1063.000, 0.743	1063.000, 0.787	1063.000, 0.732	1063.000, 0.745
1064.000, 0.795	1064.000, 0.749	1064.000, 0.785	1064.000, 0.750	1064.000, 0.817
1065.000, 0.773	1065.000, 0.732	1065.000, 0.762	1065.000, 0.741	1065.000, 0.781
1066.000, 0.755	1066.000, 0.721	1066.000, 0.737	1066.000, 0.724	1066.000, 0.705
1067.000, 0.777	1067.000, 0.769	1067.000, 0.740	1067.000, 0.737	1067.000, 0.716
1068.000, 0.770	1068.000, 0.778	1068.000, 0.764	1068.000, 0.729	1068.000, 0.725
1069.000, 0.737	1069.000, 0.739	1069.000, 0.782	1069.000, 0.710	1069.000, 0.718
1070.000, 0.755	1070.000, 0.732	1070.000, 0.723	1070.000, 0.751	1070.000, 0.727
1071.000, 0.762	1071.000, 0.729	1071.000, 0.691	1071.000, 0.774	1071.000, 0.746
1072.000, 0.738	1072.000, 0.723	1072.000, 0.713	1072.000, 0.756	1072.000, 0.767
1073.000, 0.746	1073.000, 0.730	1073.000, 0.712	1073.000, 0.743	1073.000, 0.742
1074.000, 0.766	1074.000, 0.745	1074.000, 0.724	1074.000, 0.740	1074.000, 0.714
1075.000, 0.775	1075.000, 0.767	1075.000, 0.793	1075.000, 0.748	1075.000, 0.722
