325.000, 0.282	325.000, 0.285	325.000, 0.285	325.000, 0.282	325.000, 0.281
326.000, 0.287	326.000, 0.287	326.000, 0.288	326.000, 0.287	326.000, 0.282
327.000, 0.294	327.000, 0.291	327.000, 0.293	327.000, 0.296	327.000, 0.288
328.000, 0.298	328.000, 0.298	328.000, 0.296	328.000, 0.300	328.000, 0.292
329.000, 0.297	329.000, 0.298	329.000, 0.295	329.000, 0.298	329.000, 0.294
330.000, 0.295	330.000, 0.294	330.000, 0.292	330.000, 0.294	330.000, 0.293
331.000, 0.295	331.000, 0.294	331.000, 0.291	331.000, 0.294	331.000, 0.292
332.000, 0.296	332.000, 0.297	332.000, 0.294	332.000, 0.297	332.000, 0.293
333.000, 0.300	333.000, 0.300	333.000, 0.299	333.000, 0.301	333.000, 0.297
334.000, 0.301	334.000, 0.299	334.000, 0.301	334.000, 0.299	334.000, 0.295
335.000, 0.302	335.000, 0.298	335.000, 0.302	335.000, 0.298	335.000, 0.295
336.000, 0.305	336.000, 0.302	336.000, 0.304	336.000, 0.303	336.000, 0.301
337.000, 0.306	337.000, 0.306	337.000, 0.304	337.000, 0.304	337.000, 0.302
338.000, 0.304	338.000, 0.308	338.000, 0.303	338.000, 0.304	338.000, 0.300
339.000, 0.302	339.000, 0.307	339.000, 0.302	339.000, 0.305	339.000, 0.301
340.000, 0.304	340.000, 0.306	340.000, 0.304	340.000, 0.306	340.000, 0.303
341.000, 0.308	341.000, 0.306	341.000, 0.307	341.000, 0.307	341.000, 0.306
342.000, 0.310	342.000, 0.309	342.000, 0.310	342.000, 0.308	342.000, 0.307
343.000, 0.311	343.000, 0.312	343.000, 0.312	343.000, 0.309	343.000, 0.307
344.000, 0.312	344.000, 0.313	344.000, 0.311	344.000, 0.308	344.000, 0.307
345.000, 0.314	345.000, 0.314	345.000, 0.310	345.000, 0.310	345.000, 0.307
346.000, 0.316	346.000, 0.315	346.000, 0.311	346.000, 0.312	346.000, 0.308
347.000, 0.317	347.000, 0.317	347.000, 0.315	347.000, 0.315	347.000, 0.311
348.000, 0.319	348.000, 0.319	348.000, 0.318	348.000, 0.316	348.000, 0.314
349.000, 0.320	349.000, 0.320	349.000, 0.320	349.000, 0.317	349.000, 0.317
350.000, 0.322	350.000, 0.323	350.000, 0.321	350.000, 0.320	350.000, 0.319
351.000, 0.324	351.000, 0.324	351.000, 0.322	351.000, 0.321	351.000, 0.321
352.000, 0.325	352.000, 0.325	352.000, 0.323	352.000, 0.322	352.000, 0.322
353.000, 0.327	353.000, 0.325	353.000, 0.325	353.000, 0.324	353.000, 0.322
354.000, 0.327	354.000, 0.326	354.000, 0.326	354.000, 0.326	354.000, 0.323
355.000, 0.326	355.000, 0.328	355.000, 0.326	355.000, 0.327	355.000, 0.325
356.000, 0.328	356.000, 0.330	356.000, 0.328	356.000, 0.328	356.000, 0.326
357.000, 0.330	357.000, 0.332	357.000, 0.331	357.000, 0.329	357.000, 0.327
358.000, 0.331	358.000, 0.331	358.000, 0.331	358.000, 0.329	358.000, 0.328
359.000, 0.333	359.000, 0.332	359.000, 0.332	359.000, 0.331	359.000, 0.329
360.000, 0.335	360.000, 0.335	360.000, 0.334	360.000, 0.333	360.000, 0.332
361.000, 0.337	361.000, 0.337	361.000, 0.336	361.000, 0.336	361.000, 0.334
362.000, 0.338	362.000, 0.338	362.000, 0.337	362.000, 0.337	362.000, 0.336
363.000, 0.339	363.000, 0.339	363.000, 0.338	363.000, 0.338	363.000, 0.336
364.000, 0.341	364.000, 0.340	364.000, 0.339	364.000, 0.339	364.000, 0.337
365.000, 0.342	365.000, 0.342	365.000, 0.341	365.000, 0.341	365.000, 0.338
366.000, 0.343	366.000, 0.344	366.000, 0.344	366.000, 0.343	366.000, 0.342
367.000, 0.345	367.000, 0.346	367.000, 0.345	367.000, 0.345	367.000, 0.343
368.000, 0.347	368.000, 0.347	368.000, 0.346	368.000, 0.346	368.000, 0.343
369.000, 0.348	369.000, 0.347	369.000, 0.347	369.000, 0.347	369.000, 0.344
370.000, 0.349	370.000, 0.349	370.000, 0.348	370.000, 0.347	370.000, 0.345
371.000, 0.351	371.000, 0.351	371.000, 0.349	371.000, 0.348	371.000, 0.346
372.000, 0.353	372.000, 0.353	372.000, 0.352	372.000, 0.351	372.000, 0.349
373.000, 0.355	373.000, 0.355	373.000, 0.354	373.000, 0.354	373.000, 0.351
374.000, 0.356	374.000, 0.356	374.000, 0.355	374.000, 0.355	374.000, 0.353
375.000, 0.358	375.000, 0.358	375.000, 0.357	375.000, 0.357	375.000, 0.354
376.000, 0.360	376.000, 0.360	376.000, 0.359	376.000, 0.359	376.000, 0.357
377.000, 0.362	377.000, 0.362	377.000, 0.361	377.000, 0.361	377.000, 0.358
378.000, 0.363	378.000, 0.364	378.000, 0.363	378.000, 0.363	378.000, 0.360
379.000, 0.364	379.000, 0.366	379.000, 0.365	379.000, 0.365	379.000, 0.362
380.000, 0.367	380.000, 0.367	380.000, 0.367	380.000, 0.366	380.000, 0.364
381.000, 0.369	381.000, 0.368	381.000, 0.368	381.000, 0.368	381.000, 0.366
382.000, 0.371	382.000, 0.371	382.000, 0.370	382.000, 0.370	382.000, 0.367
383.000, 0.373	383.000, 0.374	383.000, 0.372	383.000, 0.372	383.000, 0.370
384.000, 0.376	384.000, 0.376	384.000, 0.374	384.000, 0.374	384.000, 0.372
385.000, 0.379	385.000, 0.378	385.000, 0.378	385.000, 0.376	385.000, 0.376
386.000, 0.381	386.000, 0.381	386.000, 0.382	386.000, 0.379	386.000, 0.378
387.000, 0.383	387.000, 0.384	387.000, 0.384	387.000, 0.383	387.000, 0.380
388.000, 0.386	388.000, 0.386	388.000, 0.385	388.000, 0.386	388.000, 0.382
389.000, 0.388	389.000, 0.388	389.000, 0.387	389.000, 0.388	389.000, 0.385
390.000, 0.391	390.000, 0.390	390.000, 0.389	390.000, 0.389	390.000, 0.388
391.000, 0.393	391.000, 0.393	391.000, 0.392	391.000, 0.391	391.000, 0.390
392.000, 0.395	392.000, 0.395	392.000, 0.395	392.000, 0.394	392.000, 0.392
393.000, 0.398	393.000, 0.398	393.000, 0.397	393.000, 0.396	393.000, 0.395
394.000, 0.400	394.000, 0.400	394.000, 0.400	394.000, 0.399	394.000, 0.397
395.000, 0.402	395.000, 0.402	395.000, 0.402	395.000, 0.401	395.000, 0.399
396.000, 0.404	396.000, 0.404	396.000, 0.404	396.000, 0.403	396.000, 0.401
397.000, 0.407	397.000, 0.407	397.000, 0.407	397.000, 0.406	397.000, 0.404
398.000, 0.411	398.000, 0.410	398.000, 0.410	398.000, 0.410	398.000, 0.407
399.000, 0.412	399.000, 0.412	399.000, 0.411	399.000, 0.410	399.000, 0.409
400.000, 0.413	400.000, 0.413	400.000, 0.412	400.000, 0.411	400.000, 0.410
401.000, 0.415	401.000, 0.415	401.000, 0.415	401.000, 0.414	401.000, 0.412
402.000, 0.418	402.000, 0.418	402.000, 0.417	402.000, 0.416	402.000, 0.414
403.000, 0.420	403.000, 0.420	403.000, 0.418	403.000, 0.418	403.000, 0.416
404.000, 0.421	404.000, 0.421	404.000, 0.420	404.000, 0.419	404.000, 0.418
405.000, 0.423	405.000, 0.423	405.000, 0.422	405.000, 0.421	405.000, 0.420
406.000, 0.425	406.000, 0.425	406.000, 0.425	406.000, 0.423	406.000, 0.422
407.000, 0.426	407.000, 0.427	407.000, 0.426	407.000, 0.425	407.000, 0.423
408.000, 0.428	408.000, 0.429	408.000, 0.428	408.000, 0.427	408.000, 0.425
409.000, 0.431	409.000, 0.431	409.000, 0.430	409.000, 0.429	409.000, 0.427
410.000, 0.432	410.000, 0.432	410.000, 0.431	410.000, 0.430	410.000, 0.428
411.000, 0.433	411.000, 0.433	411.000, 0.433	411.000, 0.432	411.000, 0.430
412.000, 0.435	412.000, 0.435	412.000, 0.435	412.000, 0.434	412.000, 0.432
413.000, 0.437	413.000, 0.437	413.000, 0.437	413.000, 0.436	413.000, 0.434
414.000, 0.438	414.000, 0.438	414.000, 0.438	414.000, 0.437	414.000, 0.435
415.000, 0.439	415.000, 0.440	415.000, 0.439	415.000, 0.438	415.000, 0.436
416.000, 0.441	416.000, 0.442	416.000, 0.441	416.000, 0.440	416.000, 0.438
417.000, 0.443	417.000, 0.444	417.000, 0.443	417.000, 0.442	417.000, 0.440
418.000, 0.445	418.000, 0.445	418.000, 0.444	418.000, 0.443	418.000, 0.441
419.000, 0.446	419.000, 0.446	419.000, 0.446	419.000, 0.445	419.000, 0.443
420.000, 0.448	420.000, 0.448	420.000, 0.447	420.000, 0.446	420.000, 0.444
421.000, 0.449	421.000, 0.449	421.000, 0.449	421.000, 0.448	421.000, 0.446
422.000, 0.451	422.000, 0.451	422.000, 0.450	422.000, 0.449	422.000, 0.447
423.000, 0.452	423.000, 0.453	423.000, 0.452	423.000, 0.451	423.000, 0.449
424.000, 0.454	424.000, 0.454	424.000, 0.454	424.000, 0.453	424.000, 0.451
425.000, 0.456	425.000, 0.456	425.000, 0.456	425.000, 0.454	425.000, 0.452
426.000, 0.458	426.000, 0.457	426.000, 0.457	426.000, 0.456	426.000, 0.454
427.000, 0.459	427.000, 0.459	427.000, 0.458	427.000, 0.458	427.000, 0.456
428.000, 0.461	428.000, 0.461	428.000, 0.460	428.000, 0.459	428.000, 0.457
429.000, 0.463	429.000, 0.463	429.000, 0.462	429.000, 0.461	429.000, 0.459
430.000, 0.464	430.000, 0.464	430.000, 0.464	430.000, 0.463	430.000, 0.461
431.000, 0.467	431.000, 0.467	431.000, 0.466	431.000, 0.465	431.000, 0.462
432.000, 0.468	432.000, 0.468	432.000, 0.468	432.000, 0.467	432.000, 0.464
433.000, 0.470	433.000, 0.469	433.000, 0.469	433.000, 0.468	433.000, 0.466
434.000, 0.471	434.000, 0.471	434.000, 0.471	434.000, 0.470	434.000, 0.468
435.000, 0.473	435.000, 0.473	435.000, 0.473	435.000, 0.471	435.000, 0.469
436.000, 0.475	436.000, 0.475	436.000, 0.474	436.000, 0.473	436.000, 0.471
437.000, 0.477	437.000, 0.477	437.000, 0.476	437.000, 0.475	437.000, 0.473
438.000, 0.479	438.000, 0.479	438.000, 0.478	438.000, 0.477	438.000, 0.475
439.000, 0.480	439.000, 0.480	439.000, 0.480	439.000, 0.479	439.000, 0.477
440.000, 0.482	440.000, 0.482	440.000, 0.481	440.000, 0.480	440.000, 0.478
441.000, 0.484	441.000, 0.483	441.000, 0.483	441.000, 0.481	441.000, 0.480
442.000, 0.485	442.000, 0.485	442.000, 0.485	442.000, 0.483	442.000, 0.481
443.000, 0.487	443.000, 0.487	443.000, 0.486	443.000, 0.485	443.000, 0.483
444.000, 0.489	444.000, 0.488	444.000, 0.488	444.000, 0.487	444.000, 0.484
445.000, 0.490	445.000, 0.490	445.000, 0.489	445.000, 0.488	445.000, 0.486
446.000, 0.491	446.000, 0.491	446.000, 0.491	446.000, 0.490	446.000, 0.488
447.000, 0.493	447.000, 0.493	447.000, 0.492	447.000, 0.492	447.000, 0.489
448.000, 0.494	448.000, 0.494	448.000, 0.494	448.000, 0.493	448.000, 0.491
449.000, 0.496	449.000, 0.496	449.000, 0.495	449.000, 0.494	449.000, 0.492
450.000, 0.498	450.000, 0.497	450.000, 0.497	450.000, 0.496	450.000, 0.494
451.000, 0.499	451.000, 0.499	451.000, 0.498	451.000, 0.497	451.000, 0.495
452.000, 0.500	452.000, 0.500	452.000, 0.499	452.000, 0.498	452.000, 0.496
453.000, 0.501	453.000, 0.501	453.000, 0.500	453.000, 0.499	453.000, 0.497
454.000, 0.502	454.000, 0.502	454.000, 0.502	454.000, 0.500	454.000, 0.498
455.000, 0.503	455.000, 0.503	455.000, 0.503	455.000, 0.501	455.000, 0.499
456.000, 0.505	456.000, 0.504	456.000, 0.504	456.000, 0.502	456.000, 0.501
457.000, 0.506	457.000, 0.506	457.000, 0.505	457.000, 0.504	457.000, 0.502
458.000, 0.507	458.000, 0.507	458.000, 0.506	458.000, 0.505	458.000, 0.503
459.000, 0.508	459.000, 0.508	459.000, 0.507	459.000, 0.506	459.000, 0.504
460.000, 0.509	460.000, 0.508	460.000, 0.508	460.000, 0.507	460.000, 0.505
461.000, 0.510	461.000, 0.509	461.000, 0.509	461.000, 0.508	461.000, 0.506
462.000, 0.511	462.000, 0.510	462.000, 0.510	462.000, 0.509	462.000, 0.507
463.000, 0.511	463.000, 0.511	463.000, 0.511	463.000, 0.509	463.000, 0.508
464.000, 0.512	464.000, 0.512	464.000, 0.511	464.000, 0.510	464.000, 0.508
465.000, 0.513	465.000, 0.513	465.000, 0.512	465.000, 0.511	465.000, 0.509
466.000, 0.514	466.000, 0.514	466.000, 0.513	466.000, 0.512	466.000, 0.510
467.000, 0.515	467.000, 0.515	467.000, 0.514	467.000, 0.513	467.000, 0.511
468.000, 0.516	468.000, 0.515	468.000, 0.515	468.000, 0.513	468.000, 0.512
469.000, 0.516	469.000, 0.516	469.000, 0.515	469.000, 0.514	469.000, 0.512
470.000, 0.517	470.000, 0.517	470.000, 0.517	470.000, 0.515	470.000, 0.514
471.000, 0.518	471.000, 0.518	471.000, 0.518	471.000, 0.516	471.000, 0.515
472.000, 0.519	472.000, 0.519	472.000, 0.518	472.000, 0.517	472.000, 0.515
473.000, 0.519	473.000, 0.520	473.000, 0.519	473.000, 0.517	473.000, 0.516
474.000, 0.520	474.000, 0.520	474.000, 0.520	474.000, 0.519	474.000, 0.516
475.000, 0.521	475.000, 0.521	475.000, 0.521	475.000, 0.519	475.000, 0.517
476.000, 0.522	476.000, 0.522	476.000, 0.521	476.000, 0.520	476.000, 0.518
477.000, 0.523	477.000, 0.523	477.000, 0.522	477.000, 0.521	477.000, 0.519
478.000, 0.524	478.000, 0.524	478.000, 0.523	478.000, 0.522	478.000, 0.520
479.000, 0.525	479.000, 0.525	479.000, 0.524	479.000, 0.523	479.000, 0.521
480.000, 0.525	480.000, 0.526	480.000, 0.525	480.000, 0.524	480.000, 0.522
481.000, 0.526	481.000, 0.527	481.000, 0.526	481.000, 0.525	481.000, 0.522
482.000, 0.527	482.000, 0.527	482.000, 0.527	482.000, 0.525	482.000, 0.523
483.000, 0.528	483.000, 0.529	483.000, 0.528	483.000, 0.526	483.000, 0.524
484.000, 0.529	484.000, 0.530	484.000, 0.529	484.000, 0.528	484.000, 0.525
485.000, 0.531	485.000, 0.531	485.000, 0.530	485.000, 0.529	485.000, 0.527
486.000, 0.532	486.000, 0.532	486.000, 0.531	486.000, 0.530	486.000, 0.528
487.000, 0.533	487.000, 0.533	487.000, 0.532	487.000, 0.531	487.000, 0.529
488.000, 0.534	488.000, 0.534	488.000, 0.533	488.000, 0.532	488.000, 0.530
489.000, 0.535	489.000, 0.535	489.000, 0.534	489.000, 0.534	489.000, 0.531
490.000, 0.536	490.000, 0.536	490.000, 0.535	490.000, 0.535	490.000, 0.532
491.000, 0.537	491.000, 0.537	491.000, 0.537	491.000, 0.535	491.000, 0.533
492.000, 0.538	492.000, 0.538	492.000, 0.538	492.000, 0.537	492.000, 0.534
493.000, 0.540	493.000, 0.540	493.000, 0.539	493.000, 0.538	493.000, 0.536
494.000, 0.541	494.000, 0.541	494.000, 0.540	494.000, 0.539	494.000, 0.537
495.000, 0.542	495.000, 0.542	495.000, 0.542	495.000, 0.541	495.000, 0.538
496.000, 0.543	496.000, 0.543	496.000, 0.543	496.000, 0.542	496.000, 0.539
497.000, 0.544	497.000, 0.544	497.000, 0.544	497.000, 0.543	497.000, 0.540
498.000, 0.545	498.000, 0.545	498.000, 0.545	498.000, 0.544	498.000, 0.541
499.000, 0.547	499.000, 0.546	499.000, 0.546	499.000, 0.545	499.000, 0.543
500.000, 0.548	500.000, 0.548	500.000, 0.547	500.000, 0.546	500.000, 0.544
501.000, 0.549	501.000, 0.549	501.000, 0.549	501.000, 0.548	501.000, 0.545
502.000, 0.550	502.000, 0.550	502.000, 0.550	502.000, 0.549	502.000, 0.546
503.000, 0.552	503.000, 0.552	503.000, 0.551	503.000, 0.550	503.000, 0.547
504.000, 0.553	504.000, 0.553	504.000, 0.552	504.000, 0.551	504.000, 0.549
505.000, 0.554	505.000, 0.554	505.000, 0.554	505.000, 0.553	505.000, 0.550
506.000, 0.556	506.000, 0.555	506.000, 0.555	506.000, 0.554	506.000, 0.552
507.000, 0.557	507.000, 0.557	507.000, 0.557	507.000, 0.555	507.000, 0.553
508.000, 0.559	508.000, 0.558	508.000, 0.558	508.000, 0.557	508.000, 0.554
509.000, 0.560	509.000, 0.559	509.000, 0.559	509.000, 0.558	509.000, 0.556
510.000, 0.561	510.000, 0.561	510.000, 0.560	510.000, 0.559	510.000, 0.557
511.000, 0.562	511.000, 0.562	511.000, 0.561	511.000, 0.560	511.000, 0.558
512.000, 0.564	512.000, 0.563	512.000, 0.563	512.000, 0.562	512.000, 0.560
513.000, 0.565	513.000, 0.565	513.000, 0.564	513.000, 0.563	513.000, 0.561
514.000, 0.566	514.000, 0.566	514.000, 0.565	514.000, 0.564	514.000, 0.562
515.000, 0.568	515.000, 0.567	515.000, 0.567	515.000, 0.566	515.000, 0.563
516.000, 0.569	516.000, 0.568	516.000, 0.568	516.000, 0.567	516.000, 0.565
517.000, 0.570	517.000, 0.570	517.000, 0.570	517.000, 0.569	517.000, 0.566
518.000, 0.571	518.000, 0.572	518.000, 0.571	518.000, 0.570	518.000, 0.568
519.000, 0.573	519.000, 0.573	519.000, 0.572	519.000, 0.572	519.000, 0.569
520.000, 0.574	520.000, 0.574	520.000, 0.574	520.000, 0.573	520.000, 0.570
521.000, 0.576	521.000, 0.575	521.000, 0.576	521.000, 0.574	521.000, 0.572
522.000, 0.577	522.000, 0.577	522.000, 0.577	522.000, 0.575	522.000, 0.573
523.000, 0.578	523.000, 0.578	523.000, 0.577	523.000, 0.577	523.000, 0.574
524.000, 0.579	524.000, 0.579	524.000, 0.579	524.000, 0.578	524.000, 0.575
525.000, 0.580	525.000, 0.581	525.000, 0.581	525.000, 0.579	525.000, 0.577
526.000, 0.582	526.000, 0.582	526.000, 0.582	526.000, 0.580	526.000, 0.578
527.000, 0.584	527.000, 0.583	527.000, 0.583	527.000, 0.582	527.000, 0.579
528.000, 0.585	528.000, 0.585	528.000, 0.585	528.000, 0.583	528.000, 0.581
529.000, 0.586	529.000, 0.586	529.000, 0.586	529.000, 0.585	529.000, 0.582
530.000, 0.588	530.000, 0.588	530.000, 0.587	530.000, 0.586	530.000, 0.584
531.000, 0.589	531.000, 0.589	531.000, 0.589	531.000, 0.588	531.000, 0.585
532.000, 0.590	532.000, 0.590	532.000, 0.590	532.000, 0.589	532.000, 0.586
533.000, 0.592	533.000, 0.592	533.000, 0.591	533.000, 0.590	533.000, 0.588
534.000, 0.593	534.000, 0.593	534.000, 0.592	534.000, 0.592	534.000, 0.589
535.000, 0.594	535.000, 0.594	535.000, 0.594	535.000, 0.593	535.000, 0.590
536.000, 0.596	536.000, 0.596	536.000, 0.595	536.000, 0.594	536.000, 0.592
537.000, 0.597	537.000, 0.597	537.000, 0.596	537.000, 0.595	537.000, 0.593
538.000, 0.598	538.000, 0.598	538.000, 0.598	538.000, 0.596	538.000, 0.594
539.000, 0.599	539.000, 0.599	539.000, 0.599	539.000, 0.598	539.000, 0.595
540.000, 0.601	540.000, 0.600	540.000, 0.600	540.000, 0.599	540.000, 0.596
541.000, 0.602	541.000, 0.602	541.000, 0.601	541.000, 0.600	541.000, 0.597
542.000, 0.603	542.000, 0.603	542.000, 0.602	542.000, 0.601	542.000, 0.599
543.000, 0.604	543.000, 0.604	543.000, 0.604	543.000, 0.603	543.000, 0.600
544.000, 0.605	544.000, 0.606	544.000, 0.605	544.000, 0.604	544.000, 0.602
545.000, 0.607	545.000, 0.607	545.000, 0.606	545.000, 0.605	545.000, 0.603
546.000, 0.608	546.000, 0.608	546.000, 0.608	546.000, 0.606	546.000, 0.604
547.000, 0.609	547.000, 0.609	547.000, 0.609	547.000, 0.608	547.000, 0.605
548.000, 0.611	548.000, 0.611	548.000, 0.610	548.000, 0.609	548.000, 0.607
549.000, 0.612	549.000, 0.612	549.000, 0.611	549.000, 0.610	549.000, 0.608
550.000, 0.613	550.000, 0.613	550.000, 0.612	550.000, 0.611	550.000, 0.609
551.000, 0.614	551.000, 0.614	551.000, 0.614	551.000, 0.612	551.000, 0.610
552.000, 0.615	552.000, 0.615	552.000, 0.615	552.000, 0.614	552.000, 0.611
553.000, 0.617	553.000, 0.616	553.000, 0.616	553.000, 0.615	553.000, 0.612
554.000, 0.618	554.000, 0.618	554.000, 0.617	554.000, 0.616	554.000, 0.614
555.000, 0.619	555.000, 0.619	555.000, 0.618	555.000, 0.617	555.000, 0.615
556.000, 0.620	556.000, 0.620	556.000, 0.620	556.000, 0.618	556.000, 0.616
557.000, 0.621	557.000, 0.621	557.000, 0.621	557.000, 0.619	557.000, 0.617
558.000, 0.622	558.000, 0.622	558.000, 0.622	558.000, 0.620	558.000, 0.618
559.000, 0.623	559.000, 0.623	559.000, 0.623	559.000, 0.621	559.000, 0.619
560.000, 0.625	560.000, 0.624	560.000, 0.624	560.000, 0.623	560.000, 0.621
561.000, 0.626	561.000, 0.626	561.000, 0.625	561.000, 0.624	561.000, 0.622
562.000, 0.627	562.000, 0.627	562.000, 0.626	562.000, 0.625	562.000, 0.623
563.000, 0.628	563.000, 0.628	563.000, 0.627	563.000, 0.626	563.000, 0.624
564.000, 0.629	564.000, 0.629	564.000, 0.628	564.000, 0.627	564.000, 0.625
565.000, 0.630	565.000, 0.630	565.000, 0.629	565.000, 0.628	565.000, 0.626
566.000, 0.631	566.000, 0.631	566.000, 0.630	566.000, 0.629	566.000, 0.627
567.000, 0.632	567.000, 0.632	567.000, 0.632	567.000, 0.630	567.000, 0.628
568.000, 0.633	568.000, 0.633	568.000, 0.633	568.000, 0.631	568.000, 0.629
569.000, 0.634	569.000, 0.634	569.000, 0.633	569.000, 0.632	569.000, 0.630
570.000, 0.635	570.000, 0.635	570.000, 0.634	570.000, 0.633	570.000, 0.631
571.000, 0.636	571.000, 0.636	571.000, 0.635	571.000, 0.634	571.000, 0.632
572.000, 0.637	572.000, 0.637	572.000, 0.636	572.000, 0.635	572.000, 0.633
573.000, 0.638	573.000, 0.638	573.000, 0.637	573.000, 0.636	573.000, 0.634
574.000, 0.639	574.000, 0.639	574.000, 0.638	574.000, 0.637	574.000, 0.635
575.000, 0.640	575.000, 0.640	575.000, 0.639	575.000, 0.638	575.000, 0.636
576.000, 0.641	576.000, 0.641	576.000, 0.640	576.000, 0.639	576.000, 0.637
577.000, 0.642	577.000, 0.642	577.000, 0.641	577.000, 0.640	577.000, 0.638
578.000, 0.643	578.000, 0.643	578.000, 0.642	578.000, 0.641	578.000, 0.639
579.000, 0.644	579.000, 0.643	579.000, 0.643	579.000, 0.642	579.000, 0.640
580.000, 0.644	580.000, 0.644	580.000, 0.644	580.000, 0.642	580.000, 0.640
581.000, 0.645	581.000, 0.645	581.000, 0.644	581.000, 0.643	581.000, 0.641
582.000, 0.646	582.000, 0.646	582.000, 0.645	582.000, 0.644	582.000, 0.642
583.000, 0.646	583.000, 0.647	583.000, 0.646	583.000, 0.645	583.000, 0.643
584.000, 0.647	584.000, 0.647	584.000, 0.647	584.000, 0.646	584.000, 0.643
585.000, 0.648	585.000, 0.648	585.000, 0.647	585.000, 0.646	585.000, 0.644
586.000, 0.648	586.000, 0.648	586.000, 0.648	586.000, 0.647	586.000, 0.644
587.000, 0.649	587.000, 0.649	587.000, 0.648	587.000, 0.647	587.000, 0.645
588.000, 0.650	588.000, 0.650	588.000, 0.649	588.000, 0.648	588.000, 0.646
589.000, 0.650	589.000, 0.650	589.000, 0.649	589.000, 0.649	589.000, 0.646
590.000, 0.651	590.000, 0.651	590.000, 0.650	590.000, 0.649	590.000, 0.647
591.000, 0.652	591.000, 0.652	591.000, 0.651	591.000, 0.650	591.000, 0.648
592.000, 0.652	592.000, 0.652	592.000, 0.651	592.000, 0.650	592.000, 0.649
593.000, 0.652	593.000, 0.652	593.000, 0.651	593.000, 0.651	593.000, 0.649
594.000, 0.653	594.000, 0.653	594.000, 0.652	594.000, 0.652	594.000, 0.649
595.000, 0.654	595.000, 0.653	595.000, 0.653	595.000, 0.652	595.000, 0.649
596.000, 0.654	596.000, 0.654	596.000, 0.653	596.000, 0.652	596.000, 0.650
597.000, 0.655	597.000, 0.654	597.000, 0.654	597.000, 0.653	597.000, 0.651
598.000, 0.655	598.000, 0.655	598.000, 0.654	598.000, 0.653	598.000, 0.651
599.000, 0.655	599.000, 0.655	599.000, 0.655	599.000, 0.654	599.000, 0.652
600.000, 0.656	600.000, 0.656	600.000, 0.655	600.000, 0.654	600.000, 0.652
601.000, 0.656	601.000, 0.656	601.000, 0.655	601.000, 0.654	601.000, 0.652
602.000, 0.657	602.000, 0.657	602.000, 0.656	602.000, 0.655	602.000, 0.653
603.000, 0.657	603.000, 0.657	603.000, 0.657	603.000, 0.655	603.000, 0.653
604.000, 0.657	604.000, 0.658	604.000, 0.657	604.000, 0.656	604.000, 0.654
605.000, 0.658	605.000, 0.658	605.000, 0.658	605.000, 0.657	605.000, 0.654
606.000, 0.659	606.000, 0.659	606.000, 0.658	606.000, 0.657	606.000, 0.655
607.000, 0.660	607.000, 0.659	607.000, 0.659	607.000, 0.658	607.000, 0.656
608.000, 0.660	608.000, 0.660	608.000, 0.660	608.000, 0.658	608.000, 0.657
609.000, 0.661	609.000, 0.661	609.000, 0.660	609.000, 0.659	609.000, 0.657
610.000, 0.661	610.000, 0.662	610.000, 0.661	610.000, 0.660	610.000, 0.658
611.000, 0.662	611.000, 0.662	611.000, 0.661	611.000, 0.660	611.000, 0.658
612.000, 0.662	612.000, 0.662	612.000, 0.661	612.000, 0.661	612.000, 0.659
613.000, 0.663	613.000, 0.663	613.000, 0.662	613.000, 0.661	613.000, 0.659
614.000, 0.663	614.000, 0.663	614.000, 0.663	614.000, 0.662	614.000, 0.660
615.000, 0.664	615.000, 0.664	615.000, 0.663	615.000, 0.662	615.000, 0.660
616.000, 0.664	616.000, 0.664	616.000, 0.664	616.000, 0.663	616.000, 0.660
617.000, 0.665	617.000, 0.665	617.000, 0.664	617.000, 0.663	617.000, 0.661
618.000, 0.665	618.000, 0.665	618.000, 0.664	618.000, 0.663	618.000, 0.661
619.000, 0.665	619.000, 0.665	619.000, 0.665	619.000, 0.664	619.000, 0.662
620.000, 0.666	620.000, 0.666	620.000, 0.665	620.000, 0.665	620.000, 0.662
621.000, 0.666	621.000, 0.667	621.000, 0.666	621.000, 0.665	621.000, 0.663
622.000, 0.667	622.000, 0.667	622.000, 0.666	622.000, 0.665	622.000, 0.663
623.000, 0.667	623.000, 0.667	623.000, 0.666	623.000, 0.666	623.000, 0.663
624.000, 0.668	624.000, 0.668	624.000, 0.667	624.000, 0.666	624.000, 0.664
625.000, 0.668	625.000, 0.668	625.000, 0.668	625.000, 0.667	625.000, 0.664
626.000, 0.669	626.000, 0.668	626.000, 0.668	626.000, 0.667	626.000, 0.665
627.000, 0.669	627.000, 0.668	627.000, 0.668	627.000, 0.667	627.000, 0.665
628.000, 0.669	628.000, 0.669	628.000, 0.668	628.000, 0.667	628.000, 0.665
629.000, 0.669	629.000, 0.669	629.000, 0.669	629.000, 0.668	629.000, 0.665
630.000, 0.670	630.000, 0.670	630.000, 0.669	630.000, 0.668	630.000, 0.666
631.000, 0.670	631.000, 0.670	631.000, 0.670	631.000, 0.669	631.000, 0.666
632.000, 0.671	632.000, 0.670	632.000, 0.670	632.000, 0.669	632.000, 0.667
633.000, 0.671	633.000, 0.671	633.000, 0.670	633.000, 0.669	633.000, 0.667
634.000, 0.672	634.000, 0.671	634.000, 0.671	634.000, 0.669	634.000, 0.668
635.000, 0.672	635.000, 0.671	635.000, 0.671	635.000, 0.670	635.000, 0.668
636.000, 0.672	636.000, 0.672	636.000, 0.671	636.000, 0.671	636.000, 0.668
637.000, 0.673	637.000, 0.672	637.000, 0.672	637.000, 0.672	637.000, 0.669
638.000, 0.673	638.000, 0.672	638.000, 0.672	638.000, 0.671	638.000, 0.669
639.000, 0.673	639.000, 0.673	639.000, 0.672	639.000, 0.671	639.000, 0.669
640.000, 0.674	640.000, 0.673	640.000, 0.673	640.000, 0.672	640.000, 0.670
641.000, 0.674	641.000, 0.674	641.000, 0.673	641.000, 0.673	641.000, 0.670
642.000, 0.675	642.000, 0.674	642.000, 0.674	642.000, 0.673	642.000, 0.671
643.000, 0.675	643.000, 0.674	643.000, 0.674	643.000, 0.673	643.000, 0.671
644.000, 0.675	644.000, 0.674	644.000, 0.674	644.000, 0.673	644.000, 0.671
645.000, 0.675	645.000, 0.675	645.000, 0.675	645.000, 0.673	645.000, 0.671
646.000, 0.676	646.000, 0.675	646.000, 0.675	646.000, 0.674	646.000, 0.672
647.000, 0.676	647.000, 0.676	647.000, 0.675	647.000, 0.674	647.000, 0.672
648.000, 0.676	648.000, 0.676	648.000, 0.675	648.000, 0.675	648.000, 0.673
649.000, 0.677	649.000, 0.677	649.000, 0.676	649.000, 0.675	649.000, 0.673
650.000, 0.677	650.000, 0.677	650.000, 0.676	650.000, 0.675	650.000, 0.673
651.000, 0.677	651.000, 0.677	651.000, 0.676	651.000, 0.675	651.000, 0.673
652.000, 0.677	652.000, 0.677	652.000, 0.677	652.000, 0.676	652.000, 0.674
653.000, 0.678	653.000, 0.678	653.000, 0.677	653.000, 0.676	653.000, 0.675
654.000, 0.678	654.000, 0.678	654.000, 0.678	654.000, 0.677	654.000, 0.675
655.000, 0.679	655.000, 0.678	655.000, 0.678	655.000, 0.677	655.000, 0.675
656.000, 0.679	656.000, 0.679	656.000, 0.678	656.000, 0.677	656.000, 0.675
657.000, 0.679	657.000, 0.679	657.000, 0.678	657.000, 0.678	657.000, 0.676
658.000, 0.679	658.000, 0.679	658.000, 0.679	658.000, 0.678	658.000, 0.676
659.000, 0.681	659.000, 0.680	659.000, 0.680	659.000, 0.679	659.000, 0.677
660.000, 0.681	660.000, 0.680	660.000, 0.680	660.000, 0.679	660.000, 0.677
661.000, 0.681	661.000, 0.681	661.000, 0.680	661.000, 0.679	661.000, 0.678
662.000, 0.682	662.000, 0.682	662.000, 0.681	662.000, 0.680	662.000, 0.678
663.000, 0.682	663.000, 0.682	663.000, 0.681	663.000, 0.680	663.000, 0.679
664.000, 0.682	664.000, 0.682	664.000, 0.681	664.000, 0.680	664.000, 0.679
665.000, 0.683	665.000, 0.683	665.000, 0.682	665.000, 0.681	665.000, 0.679
666.000, 0.683	666.000, 0.683	666.000, 0.682	666.000, 0.682	666.000, 0.680
667.000, 0.683	667.000, 0.683	667.000, 0.683	667.000, 0.682	667.000, 0.679
668.000, 0.684	668.000, 0.684	668.000, 0.683	668.000, 0.683	668.000, 0.680
669.000, 0.685	669.000, 0.684	669.000, 0.684	669.000, 0.683	669.000, 0.681
670.000, 0.684	670.000, 0.685	670.000, 0.684	670.000, 0.683	670.000, 0.681
671.000, 0.685	671.000, 0.685	671.000, 0.684	671.000, 0.683	671.000, 0.681
672.000, 0.685	672.000, 0.685	672.000, 0.685	672.000, 0.683	672.000, 0.682
673.000, 0.685	673.000, 0.685	673.000, 0.685	673.000, 0.684	673.000, 0.682
674.000, 0.685	674.000, 0.686	674.000, 0.685	674.000, 0.684	674.000, 0.682
675.000, 0.686	675.000, 0.686	675.000, 0.686	675.000, 0.685	675.000, 0.683
676.000, 0.686	676.000, 0.686	676.000, 0.686	676.000, 0.685	676.000, 0.683
677.000, 0.686	677.000, 0.686	677.000, 0.686	677.000, 0.685	677.000, 0.683
678.000, 0.687	678.000, 0.687	678.000, 0.686	678.000, 0.685	678.000, 0.683
679.000, 0.687	679.000, 0.687	679.000, 0.686	679.000, 0.686	679.000, 0.684
680.000, 0.687	680.000, 0.687	680.000, 0.687	680.000, 0.686	680.000, 0.684
681.000, 0.688	681.000, 0.687	681.000, 0.687	681.000, 0.687	681.000, 0.684
682.000, 0.688	682.000, 0.688	682.000, 0.688	682.000, 0.687	682.000, 0.684
683.000, 0.688	683.000, 0.688	683.000, 0.688	683.000, 0.687	683.000, 0.684
684.000, 0.689	684.000, 0.688	684.000, 0.688	684.000, 0.687	684.000, 0.685
685.000, 0.689	685.000, 0.688	685.000, 0.688	685.000, 0.688	685.000, 0.685
686.000, 0.689	686.000, 0.688	686.000, 0.688	686.000, 0.687	686.000, 0.685
687.000, 0.689	687.000, 0.689	687.000, 0.688	687.000, 0.688	687.000, 0.685
688.000, 0.689	688.000, 0.689	688.000, 0.689	688.000, 0.688	688.000, 0.685
689.000, 0.689	689.000, 0.689	689.000, 0.689	689.000, 0.688	689.000, 0.686
690.000, 0.690	690.000, 0.689	690.000, 0.689	690.000, 0.688	690.000, 0.686
691.000, 0.690	691.000, 0.690	691.000, 0.689	691.000, 0.689	691.000, 0.686
692.000, 0.690	692.000, 0.690	692.000, 0.690	692.000, 0.689	692.000, 0.687
693.000, 0.690	693.000, 0.690	693.000, 0.690	693.000, 0.689	693.000, 0.687
694.000, 0.691	694.000, 0.690	694.000, 0.690	694.000, 0.690	694.000, 0.687
695.000, 0.691	695.000, 0.691	695.000, 0.690	695.000, 0.690	695.000, 0.687
696.000, 0.691	696.000, 0.691	696.000, 0.690	696.000, 0.690	696.000, 0.688
697.000, 0.692	697.000, 0.692	697.000, 0.691	697.000, 0.691	697.000, 0.688
698.000, 0.692	698.000, 0.692	698.000, 0.692	698.000, 0.691	698.000, 0.688
699.000, 0.692	699.000, 0.692	699.000, 0.692	699.000, 0.691	699.000, 0.688
700.000, 0.692	700.000, 0.691	700.000, 0.691	700.000, 0.690	700.000, 0.688
701.000, 0.692	701.000, 0.692	701.000, 0.691	701.000, 0.691	701.000, 0.688
702.000, 0.693	702.000, 0.692	702.000, 0.692	702.000, 0.691	702.000, 0.689
703.000, 0.693	703.000, 0.692	703.000, 0.692	703.000, 0.691	703.000, 0.689
704.000, 0.693	704.000, 0.692	704.000, 0.692	704.000, 0.691	704.000, 0.689
705.000, 0.693	705.000, 0.692	705.000, 0.692	705.000, 0.691	705.000, 0.689
706.000, 0.694	706.000, 0.693	706.000, 0.693	706.000, 0.692	706.000, 0.689
707.000, 0.694	707.000, 0.693	707.000, 0.693	707.000, 0.692	707.000, 0.689
708.000, 0.693	708.000, 0.693	708.000, 0.692	708.000, 0.692	708.000, 0.689
709.000, 0.693	709.000, 0.693	709.000, 0.692	709.000, 0.692	709.000, 0.689
710.000, 0.694	710.000, 0.693	710.000, 0.692	710.000, 0.692	710.000, 0.689
711.000, 0.694	711.000, 0.693	711.000, 0.693	711.000, 0.692	711.000, 0.689
712.000, 0.694	712.000, 0.693	712.000, 0.693	712.000, 0.692	712.000, 0.690
713.000, 0.694	713.000, 0.693	713.000, 0.693	713.000, 0.693	713.000, 0.690
714.000, 0.694	714.000, 0.694	714.000, 0.693	714.000, 0.693	714.000, 0.690
715.000, 0.693	715.000, 0.694	715.000, 0.693	715.000, 0.692	715.000, 0.690
716.000, 0.693	716.000, 0.693	716.000, 0.693	716.000, 0.692	716.000, 0.690
717.000, 0.694	717.000, 0.693	717.000, 0.693	717.000, 0.693	717.000, 0.690
718.000, 0.694	718.000, 0.694	718.000, 0.693	718.000, 0.693	718.000, 0.690
719.000, 0.693	719.000, 0.693	719.000, 0.693	719.000, 0.692	719.000, 0.689
720.000, 0.693	720.000, 0.693	720.000, 0.693	720.000, 0.692	720.000, 0.689
721.000, 0.694	721.000, 0.694	721.000, 0.693	721.000, 0.693	721.000, 0.690
722.000, 0.694	722.000, 0.694	722.000, 0.693	722.000, 0.693	722.000, 0.690
723.000, 0.693	723.000, 0.694	723.000, 0.694	723.000, 0.693	723.000, 0.690
724.000, 0.694	724.000, 0.694	724.000, 0.694	724.000, 0.693	724.000, 0.690
725.000, 0.694	725.000, 0.693	725.000, 0.693	725.000, 0.692	725.000, 0.690
726.000, 0.694	726.000, 0.694	726.000, 0.693	726.000, 0.693	726.000, 0.690
727.000, 0.694	727.000, 0.694	727.000, 0.694	727.000, 0.693	727.000, 0.690
728.000, 0.694	728.000, 0.694	728.000, 0.694	728.000, 0.693	728.000, 0.690
729.000, 0.693	729.000, 0.693	729.000, 0.693	729.000, 0.693	729.000, 0.689
730.000, 0.694	730.000, 0.694	730.000, 0.694	730.000, 0.693	730.000, 0.690
731.000, 0.694	731.000, 0.694	731.000, 0.694	731.000, 0.693	731.000, 0.690
732.000, 0.695	732.000, 0.694	732.000, 0.694	732.000, 0.693	732.000, 0.690
733.000, 0.695	733.000, 0.694	733.000, 0.694	733.000, 0.693	733.000, 0.690
734.000, 0.695	734.000, 0.694	734.000, 0.694	734.000, 0.693	734.000, 0.691
735.000, 0.695	735.000, 0.694	735.000, 0.694	735.000, 0.693	735.000, 0.691
736.000, 0.694	736.000, 0.694	736.000, 0.694	736.000, 0.693	736.000, 0.690
737.000, 0.694	737.000, 0.694	737.000, 0.694	737.000, 0.693	737.000, 0.690
738.000, 0.695	738.000, 0.695	738.000, 0.695	738.000, 0.693	738.000, 0.691
739.000, 0.695	739.000, 0.695	739.000, 0.695	739.000, 0.694	739.000, 0.691
740.000, 0.695	740.000, 0.695	740.000, 0.695	740.000, 0.694	740.000, 0.691
741.000, 0.695	741.000, 0.695	741.000, 0.695	741.000, 0.694	741.000, 0.691
742.000, 0.695	742.000, 0.695	742.000, 0.694	742.000, 0.694	742.000, 0.691
743.000, 0.695	743.000, 0.695	743.000, 0.695	743.000, 0.694	743.000, 0.691
744.000, 0.695	744.000, 0.695	744.000, 0.695	744.000, 0.694	744.000, 0.691
745.000, 0.695	745.000, 0.695	745.000, 0.695	745.000, 0.694	745.000, 0.691
746.000, 0.695	746.000, 0.695	746.000, 0.695	746.000, 0.694	746.000, 0.691
747.000, 0.695	747.000, 0.695	747.000, 0.695	747.000, 0.694	747.000, 0.691
748.000, 0.695	748.000, 0.695	748.000, 0.694	748.000, 0.694	748.000, 0.691
749.000, 0.695	749.000, 0.695	749.000, 0.695	749.000, 0.694	749.000, 0.692
750.000, 0.695	750.000, 0.695	750.000, 0.695	750.000, 0.694	750.000, 0.691
751.000, 0.695	751.000, 0.695	751.000, 0.695	751.000, 0.695	751.000, 0.691
752.000, 0.696	752.000, 0.696	752.000, 0.695	752.000, 0.694	752.000, 0.692
753.000, 0.695	753.000, 0.696	753.000, 0.695	753.000, 0.694	753.000, 0.692
754.000, 0.695	754.000, 0.695	754.000, 0.695	754.000, 0.694	754.000, 0.691
755.000, 0.695	755.000, 0.695	755.000, 0.695	755.000, 0.694	755.000, 0.691
756.000, 0.696	756.000, 0.695	756.000, 0.695	756.000, 0.694	756.000, 0.691
757.000, 0.696	757.000, 0.695	757.000, 0.695	757.000, 0.694	757.000, 0.691
758.000, 0.695	758.000, 0.696	758.000, 0.695	758.000, 0.694	758.000, 0.692
759.000, 0.695	759.000, 0.696	759.000, 0.696	759.000, 0.694	759.000, 0.692
760.000, 0.695	760.000, 0.695	760.000, 0.694	760.000, 0.694	760.000, 0.691
761.000, 0.694	761.000, 0.694	761.000, 0.693	761.000, 0.693	761.000, 0.690
762.000, 0.693	762.000, 0.693	762.000, 0.693	762.000, 0.692	762.000, 0.689
763.000, 0.694	763.000, 0.693	763.000, 0.693	763.000, 0.693	763.000, 0.690
764.000, 0.694	764.000, 0.694	764.000, 0.693	764.000, 0.694	764.000, 0.691
765.000, 0.694	765.000, 0.695	765.000, 0.694	765.000, 0.693	765.000, 0.691
766.000, 0.694	766.000, 0.695	766.000, 0.694	766.000, 0.694	766.000, 0.690
767.000, 0.695	767.000, 0.696	767.000, 0.694	767.000, 0.694	767.000, 0.691
768.000, 0.696	768.000, 0.696	768.000, 0.696	768.000, 0.695	768.000, 0.692
769.000, 0.696	769.000, 0.696	769.000, 0.696	769.000, 0.694	769.000, 0.692
770.000, 0.696	770.000, 0.695	770.000, 0.695	770.000, 0.694	770.000, 0.692
771.000, 0.696	771.000, 0.696	771.000, 0.696	771.000, 0.695	771.000, 0.693
772.000, 0.697	772.000, 0.696	772.000, 0.696	772.000, 0.695	772.000, 0.693
773.000, 0.697	773.000, 0.697	773.000, 0.696	773.000, 0.695	773.000, 0.693
774.000, 0.697	774.000, 0.697	774.000, 0.696	774.000, 0.695	774.000, 0.693
775.000, 0.697	775.000, 0.697	775.000, 0.696	775.000, 0.695	775.000, 0.693
776.000, 0.697	776.000, 0.697	776.000, 0.696	776.000, 0.696	776.000, 0.693
777.000, 0.697	777.000, 0.697	777.000, 0.696	777.000, 0.696	777.000, 0.693
778.000, 0.697	778.000, 0.697	778.000, 0.696	778.000, 0.695	778.000, 0.694
779.000, 0.697	779.000, 0.697	779.000, 0.696	779.000, 0.696	779.000, 0.693
780.000, 0.697	780.000, 0.698	780.000, 0.697	780.000, 0.696	780.000, 0.693
781.000, 0.697	781.000, 0.698	781.000, 0.697	781.000, 0.696	781.000, 0.694
782.000, 0.697	782.000, 0.697	782.000, 0.697	782.000, 0.696	782.000, 0.693
783.000, 0.697	783.000, 0.697	783.000, 0.697	783.000, 0.696	783.000, 0.693
784.000, 0.697	784.000, 0.698	784.000, 0.697	784.000, 0.697	784.000, 0.694
785.000, 0.697	785.000, 0.698	785.000, 0.697	785.000, 0.696	785.000, 0.694
786.000, 0.697	786.000, 0.698	786.000, 0.698	786.000, 0.696	786.000, 0.694
787.000, 0.698	787.000, 0.699	787.000, 0.698	787.000, 0.697	787.000, 0.694
788.000, 0.698	788.000, 0.699	788.000, 0.698	788.000, 0.697	788.000, 0.695
789.000, 0.698	789.000, 0.698	789.000, 0.698	789.000, 0.697	789.000, 0.695
790.000, 0.698	790.000, 0.699	790.000, 0.698	790.000, 0.697	790.000, 0.695
791.000, 0.698	791.000, 0.699	791.000, 0.698	791.000, 0.697	791.000, 0.694
792.000, 0.698	792.000, 0.699	792.000, 0.698	792.000, 0.697	792.000, 0.695
793.000, 0.699	793.000, 0.699	793.000, 0.698	793.000, 0.697	793.000, 0.695
794.000, 0.699	794.000, 0.699	794.000, 0.699	794.000, 0.698	794.000, 0.695
795.000, 0.698	795.000, 0.699	795.000, 0.699	795.000, 0.697	795.000, 0.695
796.000, 0.698	796.000, 0.699	796.000, 0.698	796.000, 0.697	796.000, 0.694
797.000, 0.698	797.000, 0.699	797.000, 0.698	797.000, 0.698	797.000, 0.694
798.000, 0.698	798.000, 0.699	798.000, 0.698	798.000, 0.697	798.000, 0.695
799.000, 0.698	799.000, 0.699	799.000, 0.699	799.000, 0.697	799.000, 0.695
800.000, 0.699	800.000, 0.699	800.000, 0.699	800.000, 0.698	800.000, 0.696
801.000, 0.699	801.000, 0.699	801.000, 0.699	801.000, 0.698	801.000, 0.696
802.000, 0.699	802.000, 0.699	802.000, 0.699	802.000, 0.698	802.000, 0.695
803.000, 0.699	803.000, 0.700	803.000, 0.700	803.000, 0.698	803.000, 0.696
804.000, 0.700	804.000, 0.700	804.000, 0.700	804.000, 0.698	804.000, 0.696
805.000, 0.700	805.000, 0.700	805.000, 0.700	805.000, 0.698	805.000, 0.696
806.000, 0.700	806.000, 0.700	806.000, 0.699	806.000, 0.698	806.000, 0.695
807.000, 0.699	807.000, 0.700	807.000, 0.699	807.000, 0.698	807.000, 0.696
808.000, 0.700	808.000, 0.700	808.000, 0.699	808.000, 0.698	808.000, 0.696
809.000, 0.700	809.000, 0.701	809.000, 0.700	809.000, 0.699	809.000, 0.697
810.000, 0.701	810.000, 0.701	810.000, 0.700	810.000, 0.699	810.000, 0.697
811.000, 0.701	811.000, 0.701	811.000, 0.700	811.000, 0.699	811.000, 0.696
812.000, 0.701	812.000, 0.701	812.000, 0.700	812.000, 0.699	812.000, 0.697
813.000, 0.701	813.000, 0.702	813.000, 0.701	813.000, 0.699	813.000, 0.698
814.000, 0.702	814.000, 0.701	814.000, 0.701	814.000, 0.700	814.000, 0.698
815.000, 0.702	815.000, 0.702	815.000, 0.701	815.000, 0.700	815.000, 0.698
816.000, 0.702	816.000, 0.703	816.000, 0.701	816.000, 0.701	816.000, 0.697
817.000, 0.702	817.000, 0.703	817.000, 0.701	817.000, 0.701	817.000, 0.698
818.000, 0.702	818.000, 0.703	818.000, 0.701	818.000, 0.701	818.000, 0.698
819.000, 0.701	819.000, 0.703	819.000, 0.700	819.000, 0.700	819.000, 0.698
820.000, 0.702	820.000, 0.703	820.000, 0.701	820.000, 0.701	820.000, 0.698
821.000, 0.702	821.000, 0.703	821.000, 0.702	821.000, 0.701	821.000, 0.698
822.000, 0.702	822.000, 0.702	822.000, 0.701	822.000, 0.701	822.000, 0.698
823.000, 0.702	823.000, 0.702	823.000, 0.702	823.000, 0.702	823.000, 0.698
824.000, 0.702	824.000, 0.703	824.000, 0.702	824.000, 0.702	824.000, 0.699
825.000, 0.703	825.000, 0.703	825.000, 0.703	825.000, 0.702	825.000, 0.698
826.000, 0.704	826.000, 0.703	826.000, 0.702	826.000, 0.702	826.000, 0.698
827.000, 0.704	827.000, 0.704	827.000, 0.702	827.000, 0.702	827.000, 0.699
828.000, 0.703	828.000, 0.704	828.000, 0.702	828.000, 0.702	828.000, 0.699
829.000, 0.703	829.000, 0.704	829.000, 0.703	829.000, 0.702	829.000, 0.699
830.000, 0.704	830.000, 0.704	830.000, 0.703	830.000, 0.703	830.000, 0.699
831.000, 0.704	831.000, 0.703	831.000, 0.703	831.000, 0.702	831.000, 0.700
832.000, 0.704	832.000, 0.704	832.000, 0.702	832.000, 0.702	832.000, 0.700
833.000, 0.705	833.000, 0.705	833.000, 0.704	833.000, 0.703	833.000, 0.701
834.000, 0.705	834.000, 0.705	834.000, 0.704	834.000, 0.703	834.000, 0.701
835.000, 0.705	835.000, 0.704	835.000, 0.704	835.000, 0.703	835.000, 0.701
836.000, 0.705	836.000, 0.705	836.000, 0.704	836.000, 0.704	836.000, 0.701
837.000, 0.705	837.000, 0.704	837.000, 0.704	837.000, 0.704	837.000, 0.700
838.000, 0.705	838.000, 0.704	838.000, 0.704	838.000, 0.703	838.000, 0.699
839.000, 0.706	839.000, 0.705	839.000, 0.704	839.000, 0.703	839.000, 0.701
840.000, 0.705	840.000, 0.706	840.000, 0.704	840.000, 0.704	840.000, 0.701
841.000, 0.704	841.000, 0.705	841.000, 0.704	841.000, 0.704	841.000, 0.700
842.000, 0.704	842.000, 0.705	842.000, 0.705	842.000, 0.703	842.000, 0.700
843.000, 0.705	843.000, 0.706	843.000, 0.706	843.000, 0.703	843.000, 0.701
844.000, 0.706	844.000, 0.707	844.000, 0.706	844.000, 0.705	844.000, 0.703
845.000, 0.706	845.000, 0.707	845.000, 0.706	845.000, 0.705	845.000, 0.703
846.000, 0.706	846.000, 0.707	846.000, 0.705	846.000, 0.705	846.000, 0.703
847.000, 0.706	847.000, 0.707	847.000, 0.706	847.000, 0.705	847.000, 0.703
848.000, 0.707	848.000, 0.708	848.000, 0.707	848.000, 0.706	848.000, 0.703
849.000, 0.708	849.000, 0.708	849.000, 0.708	849.000, 0.706	849.000, 0.703
850.000, 0.707	850.000, 0.707	850.000, 0.706	850.000, 0.706	850.000, 0.703
851.000, 0.706	851.000, 0.707	851.000, 0.706	851.000, 0.705	851.000, 0.703
852.000, 0.707	852.000, 0.706	852.000, 0.707	852.000, 0.705	852.000, 0.703
853.000, 0.707	853.000, 0.707	853.000, 0.707	853.000, 0.705	853.000, 0.703
854.000, 0.707	854.000, 0.707	854.000, 0.706	854.000, 0.705	854.000, 0.703
855.000, 0.707	855.000, 0.706	855.000, 0.706	855.000, 0.705	855.000, 0.703
856.000, 0.707	856.000, 0.707	856.000, 0.707	856.000, 0.705	856.000, 0.704
857.000, 0.708	857.000, 0.708	857.000, 0.707	857.000, 0.706	857.000, 0.705
858.000, 0.708	858.000, 0.709	858.000, 0.707	858.000, 0.707	858.000, 0.705
859.000, 0.708	859.000, 0.709	859.000, 0.707	859.000, 0.708	859.000, 0.705
860.000, 0.708	860.000, 0.709	860.000, 0.707	860.000, 0.706	860.000, 0.704
861.000, 0.708	861.000, 0.709	861.000, 0.708	861.000, 0.707	861.000, 0.704
862.000, 0.708	862.000, 0.709	862.000, 0.708	862.000, 0.707	862.000, 0.704
863.000, 0.707	863.000, 0.708	863.000, 0.707	863.000, 0.706	863.000, 0.703
864.000, 0.708	864.000, 0.709	864.000, 0.708	864.000, 0.706	864.000, 0.704
865.000, 0.710	865.000, 0.710	865.000, 0.709	865.000, 0.707	865.000, 0.706
866.000, 0.709	866.000, 0.710	866.000, 0.708	866.000, 0.707	866.000, 0.705
867.000, 0.709	867.000, 0.711	867.000, 0.708	867.000, 0.707	867.000, 0.705
868.000, 0.710	868.000, 0.712	868.000, 0.709	868.000, 0.709	868.000, 0.707
869.000, 0.711	869.000, 0.711	869.000, 0.709	869.000, 0.708	869.000, 0.707
870.000, 0.710	870.000, 0.711	870.000, 0.710	870.000, 0.708	870.000, 0.706
871.000, 0.709	871.000, 0.710	871.000, 0.710	871.000, 0.708	871.000, 0.705
872.000, 0.710	872.000, 0.710	872.000, 0.710	872.000, 0.709	872.000, 0.706
873.000, 0.711	873.000, 0.711	873.000, 0.710	873.000, 0.710	873.000, 0.708
874.000, 0.709	874.000, 0.711	874.000, 0.711	874.000, 0.710	874.000, 0.706
875.000, 0.709	875.000, 0.711	875.000, 0.710	875.000, 0.709	875.000, 0.705
876.000, 0.710	876.000, 0.711	876.000, 0.708	876.000, 0.708	876.000, 0.705
877.000, 0.710	877.000, 0.712	877.000, 0.709	877.000, 0.709	877.000, 0.706
878.000, 0.711	878.000, 0.712	878.000, 0.710	878.000, 0.709	878.000, 0.706
879.000, 0.712	879.000, 0.712	879.000, 0.709	879.000, 0.709	879.000, 0.706
880.000, 0.711	880.000, 0.712	880.000, 0.710	880.000, 0.710	880.000, 0.706
881.000, 0.710	881.000, 0.711	881.000, 0.711	881.000, 0.710	881.000, 0.706
882.000, 0.710	882.000, 0.710	882.000, 0.710	882.000, 0.709	882.000, 0.705
883.000, 0.711	883.000, 0.711	883.000, 0.711	883.000, 0.710	883.000, 0.707
884.000, 0.712	884.000, 0.713	884.000, 0.712	884.000, 0.711	884.000, 0.709
885.000, 0.712	885.000, 0.713	885.000, 0.711	885.000, 0.711	885.000, 0.709
886.000, 0.712	886.000, 0.713	886.000, 0.711	886.000, 0.711	886.000, 0.709
887.000, 0.712	887.000, 0.714	887.000, 0.712	887.000, 0.712	887.000, 0.709
888.000, 0.713	888.000, 0.712	888.000, 0.712	888.000, 0.711	888.000, 0.709
889.000, 0.714	889.000, 0.712	889.000, 0.712	889.000, 0.710	889.000, 0.710
890.000, 0.715	890.000, 0.713	890.000, 0.713	890.000, 0.711	890.000, 0.710
891.000, 0.714	891.000, 0.713	891.000, 0.711	891.000, 0.711	891.000, 0.708
892.000, 0.713	892.000, 0.713	892.000, 0.710	892.000, 0.711	892.000, 0.707
893.000, 0.712	893.000, 0.712	893.000, 0.710	893.000, 0.711	893.000, 0.709
894.000, 0.712	894.000, 0.714	894.000, 0.712	894.000, 0.713	894.000, 0.710
895.000, 0.713	895.000, 0.716	895.000, 0.714	895.000, 0.715	895.000, 0.710
896.000, 0.711	896.000, 0.713	896.000, 0.713	896.000, 0.711	896.000, 0.707
897.000, 0.711	897.000, 0.713	897.000, 0.712	897.000, 0.709	897.000, 0.707
898.000, 0.714	898.000, 0.716	898.000, 0.712	898.000, 0.711	898.000, 0.710
899.000, 0.714	899.000, 0.715	899.000, 0.714	899.000, 0.713	899.000, 0.710
900.000, 0.713	900.000, 0.714	900.000, 0.715	900.000, 0.713	900.000, 0.710
901.000, 0.713	901.000, 0.715	901.000, 0.715	901.000, 0.713	901.000, 0.710
902.000, 0.714	902.000, 0.714	902.000, 0.714	902.000, 0.712	902.000, 0.710
903.000, 0.714	903.000, 0.714	903.000, 0.714	903.000, 0.711	903.000, 0.709
904.000, 0.714	904.000, 0.714	904.000, 0.713	904.000, 0.714	904.000, 0.711
905.000, 0.714	905.000, 0.715	905.000, 0.714	905.000, 0.715	905.000, 0.711
906.000, 0.714	906.000, 0.717	906.000, 0.716	906.000, 0.715	906.000, 0.711
907.000, 0.715	907.000, 0.718	907.000, 0.717	907.000, 0.716	907.000, 0.712
908.000, 0.716	908.000, 0.719	908.000, 0.718	908.000, 0.717	908.000, 0.714
909.000, 0.717	909.000, 0.720	909.000, 0.717	909.000, 0.717	909.000, 0.714
910.000, 0.716	910.000, 0.718	910.000, 0.715	910.000, 0.716	910.000, 0.712
911.000, 0.715	911.000, 0.715	911.000, 0.713	911.000, 0.715	911.000, 0.710
912.000, 0.716	912.000, 0.716	912.000, 0.714	912.000, 0.716	912.000, 0.712
913.000, 0.715	913.000, 0.716	913.000, 0.712	913.000, 0.715	913.000, 0.711
914.000, 0.714	914.000, 0.715	914.000, 0.711	914.000, 0.714	914.000, 0.709
915.000, 0.714	915.000, 0.716	915.000, 0.713	915.000, 0.715	915.000, 0.711
916.000, 0.716	916.000, 0.716	916.000, 0.714	916.000, 0.716	916.000, 0.713
917.000, 0.719	917.000, 0.716	917.000, 0.713	917.000, 0.716	917.000, 0.713
918.000, 0.718	918.000, 0.717	918.000, 0.715	918.000, 0.715	918.000, 0.712
919.000, 0.718	919.000, 0.719	919.000, 0.717	919.000, 0.716	919.000, 0.713
920.000, 0.722	920.000, 0.720	920.000, 0.718	920.000, 0.720	920.000, 0.714
921.000, 0.720	921.000, 0.720	921.000, 0.719	921.000, 0.719	921.000, 0.714
922.000, 0.717	922.000, 0.720	922.000, 0.719	922.000, 0.716	922.000, 0.713
923.000, 0.719	923.000, 0.722	923.000, 0.720	923.000, 0.716	923.000, 0.716
924.000, 0.721	924.000, 0.723	924.000, 0.719	924.000, 0.717	924.000, 0.717
925.000, 0.720	925.000, 0.724	925.000, 0.717	925.000, 0.719	925.000, 0.716
926.000, 0.719	926.000, 0.722	926.000, 0.713	926.000, 0.717	926.000, 0.715
927.000, 0.718	927.000, 0.719	927.000, 0.712	927.000, 0.714	927.000, 0.714
928.000, 0.718	928.000, 0.718	928.000, 0.715	928.000, 0.713	928.000, 0.712
929.000, 0.719	929.000, 0.718	929.000, 0.718	929.000, 0.715	929.000, 0.710
930.000, 0.720	930.000, 0.719	930.000, 0.719	930.000, 0.717	930.000, 0.712
931.000, 0.723	931.000, 0.720	931.000, 0.717	931.000, 0.719	931.000, 0.719
932.000, 0.722	932.000, 0.717	932.000, 0.717	932.000, 0.719	932.000, 0.720
933.000, 0.718	933.000, 0.713	933.000, 0.720	933.000, 0.719	933.000, 0.715
934.000, 0.719	934.000, 0.715	934.000, 0.718	934.000, 0.726	934.000, 0.714
935.000, 0.722	935.000, 0.716	935.000, 0.718	935.000, 0.727	935.000, 0.715
936.000, 0.725	936.000, 0.715	936.000, 0.720	936.000, 0.720	936.000, 0.716
937.000, 0.724	937.000, 0.717	937.000, 0.720	937.000, 0.720	937.000, 0.717
938.000, 0.720	938.000, 0.719	938.000, 0.720	938.000, 0.720	938.000, 0.718
939.000, 0.713	939.000, 0.720	939.000, 0.723	939.000, 0.718	939.000, 0.718
940.000, 0.717	940.000, 0.723	940.000, 0.723	940.000, 0.720	940.000, 0.719
941.000, 0.724	941.000, 0.726	941.000, 0.722	941.000, 0.721	941.000, 0.720
942.000, 0.722	942.000, 0.724	942.000, 0.720	942.000, 0.715	942.000, 0.720
943.000, 0.723	943.000, 0.723	943.000, 0.718	943.000, 0.714	943.000, 0.718
944.000, 0.727	944.000, 0.723	944.000, 0.717	944.000, 0.719	944.000, 0.716
945.000, 0.726	945.000, 0.724	945.000, 0.721	945.000, 0.725	945.000, 0.715
946.000, 0.728	946.000, 0.726	946.000, 0.725	946.000, 0.729	946.000, 0.720
947.000, 0.735	947.000, 0.729	947.000, 0.724	947.000, 0.731	947.000, 0.730
948.000, 0.734	948.000, 0.737	948.000, 0.724	948.000, 0.729	948.000, 0.728
949.000, 0.731	949.000, 0.740	949.000, 0.725	949.000, 0.729	949.000, 0.724
950.000, 0.733	950.000, 0.734	950.000, 0.727	950.000, 0.736	950.000, 0.729
951.000, 0.725	951.000, 0.725	951.000, 0.719	951.000, 0.727	951.000, 0.722
952.000, 0.717	952.000, 0.718	952.000, 0.710	952.000, 0.715	952.000, 0.713
953.000, 0.728	953.000, 0.722	953.000, 0.723	953.000, 0.727	953.000, 0.725
954.000, 0.734	954.000, 0.729	954.000, 0.732	954.000, 0.733	954.000, 0.731
955.000, 0.730	955.000, 0.734	955.000, 0.730	955.000, 0.728	955.000, 0.727
956.000, 0.725	956.000, 0.727	956.000, 0.726	956.000, 0.729	956.000, 0.717
957.000, 0.720	957.000, 0.720	957.000, 0.722	957.000, 0.729	957.000, 0.714
958.000, 0.715	958.000, 0.722	958.000, 0.721	958.000, 0.723	958.000, 0.721
959.000, 0.723	959.000, 0.722	959.000, 0.724	959.000, 0.723	959.000, 0.724
960.000, 0.731	960.000, 0.720	960.000, 0.726	960.000, 0.725	960.000, 0.723
961.000, 0.723	961.000, 0.719	961.000, 0.720	961.000, 0.722	961.000, 0.718
962.000, 0.722	962.000, 0.722	962.000, 0.722	962.000, 0.722	962.000, 0.717
963.000, 0.728	963.000, 0.727	963.000, 0.729	963.000, 0.725	963.000, 0.720
964.000, 0.727	964.000, 0.728	964.000, 0.726	964.000, 0.728	964.000, 0.722
965.000, 0.729	965.000, 0.730	965.000, 0.723	965.000, 0.728	965.000, 0.723
966.000, 0.734	966.000, 0.735	966.000, 0.726	966.000, 0.726	966.000, 0.725
967.000, 0.730	967.000, 0.731	967.000, 0.730	967.000, 0.725	967.000, 0.722
968.000, 0.726	968.000, 0.724	968.000, 0.731	968.000, 0.725	968.000, 0.719
969.000, 0.732	969.000, 0.722	969.000, 0.724	969.000, 0.724	969.000, 0.722
970.000, 0.732	970.000, 0.731	970.000, 0.723	970.000, 0.727	970.000, 0.726
971.000, 0.730	971.000, 0.743	971.000, 0.729	971.000, 0.732	971.000, 0.729
972.000, 0.732	972.000, 0.740	972.000, 0.735	972.000, 0.732	972.000, 0.726
973.000, 0.734	973.000, 0.735	973.000, 0.737	973.000, 0.733	973.000, 0.727
974.000, 0.734	974.000, 0.731	974.000, 0.734	974.000, 0.734	974.000, 0.733
975.000, 0.732	975.000, 0.732	975.000, 0.728	975.000, 0.728	975.000, 0.727
976.000, 0.726	976.000, 0.733	976.000, 0.723	976.000, 0.722	976.000, 0.720
977.000, 0.719	977.000, 0.729	977.000, 0.719	977.000, 0.720	977.000, 0.719
978.000, 0.716	978.000, 0.726	978.000, 0.722	978.000, 0.722	978.000, 0.719
979.000, 0.719	979.000, 0.726	979.000, 0.728	979.000, 0.727	979.000, 0.721
980.000, 0.731	980.000, 0.729	980.000, 0.732	980.000, 0.734	980.000, 0.726
981.000, 0.729	981.000, 0.731	981.000, 0.730	981.000, 0.733	981.000, 0.726
982.000, 0.719	982.000, 0.730	982.000, 0.726	982.000, 0.726	982.000, 0.724
983.000, 0.726	983.000, 0.727	983.000, 0.728	983.000, 0.727	983.000, 0.723
984.000, 0.728	984.000, 0.725	984.000, 0.727	984.000, 0.727	984.000, 0.723
985.000, 0.724	985.000, 0.725	985.000, 0.723	985.000, 0.724	985.000, 0.724
986.000, 0.724	986.000, 0.733	986.000, 0.724	986.000, 0.724	986.000, 0.727
987.000, 0.727	987.000, 0.735	987.000, 0.727	987.000, 0.726	987.000, 0.727
988.000, 0.730	988.000, 0.724	988.000, 0.726	988.000, 0.730	988.000, 0.721
989.000, 0.736	989.000, 0.725	989.000, 0.723	989.000, 0.730	989.000, 0.718
990.000, 0.740	990.000, 0.733	990.000, 0.721	990.000, 0.727	990.000, 0.719
991.000, 0.736	991.000, 0.737	991.000, 0.723	991.000, 0.728	991.000, 0.727
992.000, 0.730	992.000, 0.733	992.000, 0.728	992.000, 0.731	992.000, 0.729
993.000, 0.727	993.000, 0.724	993.000, 0.733	993.000, 0.733	993.000, 0.726
994.000, 0.729	994.000, 0.729	994.000, 0.732	994.000, 0.731	994.000, 0.727
995.000, 0.729	995.000, 0.732	995.000, 0.728	995.000, 0.725	995.000, 0.724
996.000, 0.726	996.000, 0.726	996.000, 0.723	996.000, 0.718	996.000, 0.714
997.000, 0.729	997.000, 0.731	997.000, 0.726	997.000, 0.723	997.000, 0.720
998.000, 0.734	998.000, 0.737	998.000, 0.730	998.000, 0.732	998.000, 0.728
999.000, 0.734	999.000, 0.730	999.000, 0.728	999.000, 0.732	999.000, 0.724
1000.000, 0.731	1000.000, 0.730	1000.000, 0.725	1000.000, 0.730	1000.000, 0.725
1001.000, 0.728	1001.000, 0.734	1001.000, 0.723	1001.000, 0.726	1001.000, 0.730
1002.000, 0.731	1002.000, 0.730	1002.000, 0.728	1002.000, 0.721	1002.000, 0.724
1003.000, 0.729	1003.000, 0.728	1003.000, 0.730	1003.000, 0.722	1003.000, 0.722
1004.000, 0.723	1004.000, 0.731	1004.000, 0.728	1004.000, 0.730	1004.000, 0.724
1005.000, 0.725	1005.000, 0.729	1005.000, 0.724	1005.000, 0.726	1005.000, 0.719
1006.000, 0.733	1006.000, 0.729	1006.000, 0.726	1006.000, 0.724	1006.000, 0.719
1007.000, 0.740	1007.000, 0.738	1007.000, 0.737	1007.000, 0.736	1007.000, 0.732
1008.000, 0.739	1008.000, 0.737	1008.000, 0.731	1008.000, 0.743	1008.000, 0.733
1009.000, 0.732	1009.000, 0.731	1009.000, 0.719	1009.000, 0.741	1009.000, 0.725
1010.000, 0.723	1010.000, 0.733	1010.000, 0.729	1010.000, 0.727	1010.000, 0.720
1011.000, 0.721	1011.000, 0.739	1011.000, 0.730	1011.000, 0.725	1011.000, 0.723
1012.000, 0.725	1012.000, 0.743	1012.000, 0.721	1012.000, 0.735	1012.000, 0.731
1013.000, 0.725	1013.000, 0.730	1013.000, 0.725	1013.000, 0.730	1013.000, 0.726
1014.000, 0.722	1014.000, 0.725	1014.000, 0.728	1014.000, 0.728	1014.000, 0.726
1015.000, 0.718	1015.000, 0.738	1015.000, 0.724	1015.000, 0.735	1015.000, 0.737
1016.000, 0.733	1016.000, 0.737	1016.000, 0.728	1016.000, 0.732	1016.000, 0.731
1017.000, 0.748	1017.000, 0.732	1017.000, 0.734	1017.000, 0.729	1017.000, 0.721
1018.000, 0.742	1018.000, 0.738	1018.000, 0.735	1018.000, 0.737	1018.000, 0.722
1019.000, 0.741	1019.000, 0.749	1019.000, 0.744	1019.000, 0.745	1019.000, 0.728
1020.000, 0.743	1020.000, 0.758	1020.000, 0.755	1020.000, 0.747	1020.000, 0.732
1021.000, 0.734	1021.000, 0.757	1021.000, 0.743	1021.000, 0.743	1021.000, 0.728
1022.000, 0.733	1022.000, 0.752	1022.000, 0.731	1022.000, 0.741	1022.000, 0.731
1023.000, 0.743	1023.000, 0.743	1023.000, 0.725	1023.000, 0.741	1023.000, 0.742
1024.000, 0.740	1024.000, 0.724	1024.000, 0.715	1024.000, 0.733	1024.000, 0.733
1025.000, 0.726	1025.000, 0.716	1025.000, 0.712	1025.000, 0.724	1025.000, 0.718
1026.000, 0.710	1026.000, 0.731	1026.000, 0.725	1026.000, 0.722	1026.000, 0.711
1027.000, 0.722	1027.000, 0.730	1027.000, 0.726	1027.000, 0.720	1027.000, 0.708
1028.000, 0.745	1028.000, 0.725	1028.000, 0.725	1028.000, 0.727	1028.000, 0.715
1029.000, 0.740	1029.000, 0.744	1029.000, 0.739	1029.000, 0.762	1029.000, 0.740
1030.000, 0.737	1030.000, 0.752	1030.000, 0.747	1030.000, 0.760	1030.000, 0.746
1031.000, 0.742	1031.000, 0.745	1031.000, 0.746	1031.000, 0.722	1031.000, 0.731
1032.000, 0.755	1032.000, 0.736	1032.000, 0.750	1032.000, 0.722	1032.000, 0.739
1033.000, 0.744	1033.000, 0.731	1033.000, 0.743	1033.000, 0.730	1033.000, 0.740
1034.000, 0.707	1034.000, 0.733	1034.000, 0.721	1034.000, 0.733	1034.000, 0.726
1035.000, 0.720	1035.000, 0.733	1035.000, 0.721	1035.000, 0.733	1035.000, 0.722
1036.000, 0.743	1036.000, 0.728	1036.000, 0.731	1036.000, 0.730	1036.000, 0.727
1037.000, 0.725	1037.000, 0.719	1037.000, 0.731	1037.000, 0.730	1037.000, 0.736
1038.000, 0.727	1038.000, 0.732	1038.000, 0.739	1038.000, 0.734	1038.000, 0.726
1039.000, 0.745	1039.000, 0.758	1039.000, 0.749	1039.000, 0.739	1039.000, 0.707
1040.000, 0.738	1040.000, 0.753	1040.000, 0.741	1040.000, 0.736	1040.000, 0.719
1041.000, 0.732	1041.000, 0.747	1041.000, 0.736	1041.000, 0.730	1041.000, 0.734
1042.000, 0.736	1042.000, 0.747	1042.000, 0.739	1042.000, 0.727	1042.000, 0.740
1043.000, 0.743	1043.000, 0.739	1043.000, 0.739	1043.000, 0.756	1043.000, 0.737
1044.000, 0.753	1044.000, 0.738	1044.000, 0.744	1044.000, 0.771	1044.000, 0.729
1045.000, 0.766	1045.000, 0.750	1045.000, 0.757	1045.000, 0.738	1045.000, 0.723
1046.000, 0.750	1046.000, 0.729	1046.000, 0.750	1046.000, 0.716	1046.000, 0.729
1047.000, 0.726	1047.000, 0.704	1047.000, 0.738	1047.000, 0.716	1047.000, 0.735
1048.000, 0.727	1048.000, 0.728	1048.000, 0.745	1048.000, 0.745	1048.000, 0.722
1049.000, 0.738	1049.000, 0.758	1049.000, 0.759	1049.000, 0.777	1049.000, 0.735
1050.000, 0.747	1050.000, 0.772	1050.000, 0.766	1050.000, 0.792	1050.000, 0.766
1051.000, 0.725	1051.000, 0.736	1051.000, 0.723	1051.000, 0.756	1051.000, 0.740
1052.000, 0.727	1052.000, 0.722	1052.000, 0.706	1052.000, 0.740	1052.000, 0.715
1053.000, 0.764	1053.000, 0.752	1053.000, 0.736	1053.000, 0.765	1053.000, 0.712
1054.000, 0.748	1054.000, 0.743	1054.000, 0.730	1054.000, 0.757	1054.000, 0.706
1055.000, 0.717	1055.000, 0.725	1055.000, 0.716	1055.000, 0.741	1055.000, 0.714
1056.000, 0.721	1056.000, 0.735	1056.000, 0.732	1056.000, 0.753	1056.000, 0.747
1057.000, 0.709	1057.000, 0.728	1057.000, 0.707	1057.000, 0.746	1057.000, 0.720
1058.000, 0.699	1058.000, 0.719	1058.000, 0.674	1058.000, 0.731	1058.000, 0.672
1059.000, 0.760	1059.000, 0.765	1059.000, 0.743	1059.000, 0.757	1059.000, 0.732
1060.000, 0.784	1060.000, 0.755	1060.000, 0.749	1060.000, 0.761	1060.000, 0.755
1061.000, 0.756	1061.000, 0.688	1061.000, 0.674	1061.000, 0.735	1061.000, 0.715
1062.000, 0.768	1062.000, 0.718	1062.000, 0.692	1062.000, 0.720	1062.000, 0.719
1063.000, 0.782	1063.000, 0.777	1063.000, 0.740	1063.000, 0.733	1063.000, 0.750
1064.000, 0.765	1064.000, 0.797	1064.000, 0.758	1064.000, 0.772	1064.000, 0.781
1065.000, 0.740	1065.000, 0.767	1065.000, 0.729	1065.000, 0.748	1065.000, 0.760
1066.000, 0.722	1066.000, 0.734	1066.000, 0.699	1066.000, 0.710	1066.000, 0.729
1067.000, 0.737	1067.000, 0.769	1067.000, 0.749	1067.000, 0.754	1067.000, 0.765
1068.000, 0.760	1068.000, 0.767	1068.000, 0.763	1068.000, 0.791	1068.000, 0.741
1069.000, 0.783	1069.000, 0.724	1069.000, 0.728	1069.000, 0.786	1069.000, 0.670
1070.000, 0.813	1070.000, 0.727	1070.000, 0.729	1070.000, 0.732	1070.000, 0.711
1071.000, 0.812	1071.000, 0.744	1071.000, 0.727	1071.000, 0.713	1071.000, 0.762
1072.000, 0.769	1072.000, 0.764	1072.000, 0.710	1072.000, 0.747	1072.000, 0.786
1073.000, 0.737	1073.000, 0.770	1073.000, 0.703	1073.000, 0.701	1073.000, 0.771
1074.000, 0.731	1074.000, 0.769	1074.000, 0.721	1074.000, 0.672	1074.000, 0.745
1075.000, 0.753	1075.000, 0.770	1075.000, 0.769	1075.000, 0.749	1075.000, 0.734
