325.000, 0.278	325.000, 0.288	325.000, 0.287	325.000, 0.280	325.000, 0.284
326.000, 0.282	326.000, 0.287	326.000, 0.286	326.000, 0.284	326.000, 0.286
327.000, 0.289	327.000, 0.289	327.000, 0.287	327.000, 0.290	327.000, 0.290
328.000, 0.293	328.000, 0.296	328.000, 0.293	328.000, 0.293	328.000, 0.293
329.000, 0.293	329.000, 0.298	329.000, 0.295	329.000, 0.294	329.000, 0.294
330.000, 0.290	330.000, 0.295	330.000, 0.295	330.000, 0.294	330.000, 0.294
331.000, 0.291	331.000, 0.292	331.000, 0.293	331.000, 0.291	331.000, 0.292
332.000, 0.295	332.000, 0.293	332.000, 0.294	332.000, 0.290	332.000, 0.294
333.000, 0.300	333.000, 0.298	333.000, 0.297	333.000, 0.293	333.000, 0.299
334.000, 0.300	334.000, 0.299	334.000, 0.296	334.000, 0.297	334.000, 0.298
335.000, 0.299	335.000, 0.299	335.000, 0.297	335.000, 0.300	335.000, 0.297
336.000, 0.300	336.000, 0.302	336.000, 0.304	336.000, 0.301	336.000, 0.300
337.000, 0.303	337.000, 0.305	337.000, 0.305	337.000, 0.302	337.000, 0.303
338.000, 0.305	338.000, 0.307	338.000, 0.304	338.000, 0.302	338.000, 0.304
339.000, 0.303	339.000, 0.303	339.000, 0.304	339.000, 0.302	339.000, 0.305
340.000, 0.303	340.000, 0.304	340.000, 0.305	340.000, 0.303	340.000, 0.306
341.000, 0.308	341.000, 0.309	341.000, 0.305	341.000, 0.306	341.000, 0.307
342.000, 0.309	342.000, 0.308	342.000, 0.307	342.000, 0.310	342.000, 0.309
343.000, 0.309	343.000, 0.308	343.000, 0.309	343.000, 0.311	343.000, 0.309
344.000, 0.309	344.000, 0.309	344.000, 0.310	344.000, 0.309	344.000, 0.309
345.000, 0.310	345.000, 0.310	345.000, 0.311	345.000, 0.308	345.000, 0.311
346.000, 0.312	346.000, 0.312	346.000, 0.312	346.000, 0.310	346.000, 0.315
347.000, 0.315	347.000, 0.315	347.000, 0.315	347.000, 0.314	347.000, 0.317
348.000, 0.316	348.000, 0.317	348.000, 0.317	348.000, 0.318	348.000, 0.317
349.000, 0.317	349.000, 0.317	349.000, 0.319	349.000, 0.319	349.000, 0.317
350.000, 0.319	350.000, 0.319	350.000, 0.321	350.000, 0.320	350.000, 0.320
351.000, 0.321	351.000, 0.321	351.000, 0.322	351.000, 0.322	351.000, 0.323
352.000, 0.322	352.000, 0.322	352.000, 0.323	352.000, 0.323	352.000, 0.324
353.000, 0.324	353.000, 0.324	353.000, 0.323	353.000, 0.324	353.000, 0.326
354.000, 0.326	354.000, 0.325	354.000, 0.324	354.000, 0.326	354.000, 0.327
355.000, 0.326	355.000, 0.325	355.000, 0.326	355.000, 0.327	355.000, 0.327
356.000, 0.327	356.000, 0.326	356.000, 0.328	356.000, 0.327	356.000, 0.327
357.000, 0.329	357.000, 0.328	357.000, 0.329	357.000, 0.328	357.000, 0.329
358.000, 0.329	358.000, 0.329	358.000, 0.330	358.000, 0.329	358.000, 0.331
359.000, 0.331	359.000, 0.331	359.000, 0.332	359.000, 0.331	359.000, 0.332
360.000, 0.333	360.000, 0.333	360.000, 0.334	360.000, 0.333	360.000, 0.334
361.000, 0.335	361.000, 0.335	361.000, 0.335	361.000, 0.335	361.000, 0.336
362.000, 0.337	362.000, 0.337	362.000, 0.337	362.000, 0.336	362.000, 0.338
363.000, 0.337	363.000, 0.338	363.000, 0.339	363.000, 0.338	363.000, 0.338
364.000, 0.338	364.000, 0.339	364.000, 0.339	364.000, 0.339	364.000, 0.340
365.000, 0.340	365.000, 0.340	365.000, 0.340	365.000, 0.341	365.000, 0.342
366.000, 0.341	366.000, 0.342	366.000, 0.342	366.000, 0.342	366.000, 0.342
367.000, 0.343	367.000, 0.343	367.000, 0.344	367.000, 0.343	367.000, 0.344
368.000, 0.344	368.000, 0.344	368.000, 0.344	368.000, 0.345	368.000, 0.346
369.000, 0.347	369.000, 0.346	369.000, 0.346	369.000, 0.346	369.000, 0.347
370.000, 0.348	370.000, 0.348	370.000, 0.347	370.000, 0.348	370.000, 0.348
371.000, 0.348	371.000, 0.349	371.000, 0.348	371.000, 0.349	371.000, 0.349
372.000, 0.350	372.000, 0.350	372.000, 0.350	372.000, 0.350	372.000, 0.351
373.000, 0.352	373.000, 0.352	373.000, 0.352	373.000, 0.352	373.000, 0.354
374.000, 0.354	374.000, 0.354	374.000, 0.354	374.000, 0.354	374.000, 0.355
375.000, 0.356	375.000, 0.356	375.000, 0.357	375.000, 0.357	375.000, 0.357
376.000, 0.358	376.000, 0.359	376.000, 0.359	376.000, 0.359	376.000, 0.360
377.000, 0.360	377.000, 0.360	377.000, 0.361	377.000, 0.361	377.000, 0.361
378.000, 0.361	378.000, 0.362	378.000, 0.363	378.000, 0.362	378.000, 0.363
379.000, 0.363	379.000, 0.364	379.000, 0.365	379.000, 0.364	379.000, 0.365
380.000, 0.365	380.000, 0.366	380.000, 0.366	380.000, 0.366	380.000, 0.367
381.000, 0.367	381.000, 0.367	381.000, 0.367	381.000, 0.368	381.000, 0.368
382.000, 0.367	382.000, 0.368	382.000, 0.370	382.000, 0.370	382.000, 0.370
383.000, 0.370	383.000, 0.371	383.000, 0.372	383.000, 0.372	383.000, 0.372
384.000, 0.373	384.000, 0.374	384.000, 0.374	384.000, 0.374	384.000, 0.375
385.000, 0.377	385.000, 0.376	385.000, 0.378	385.000, 0.377	385.000, 0.378
386.000, 0.380	386.000, 0.379	386.000, 0.381	386.000, 0.380	386.000, 0.381
387.000, 0.383	387.000, 0.383	387.000, 0.384	387.000, 0.382	387.000, 0.384
388.000, 0.384	388.000, 0.384	388.000, 0.385	388.000, 0.384	388.000, 0.386
389.000, 0.386	389.000, 0.386	389.000, 0.387	389.000, 0.387	389.000, 0.388
390.000, 0.389	390.000, 0.389	390.000, 0.389	390.000, 0.390	390.000, 0.390
391.000, 0.391	391.000, 0.390	391.000, 0.392	391.000, 0.392	391.000, 0.393
392.000, 0.393	392.000, 0.393	392.000, 0.394	392.000, 0.393	392.000, 0.396
393.000, 0.396	393.000, 0.396	393.000, 0.397	393.000, 0.396	393.000, 0.397
394.000, 0.398	394.000, 0.398	394.000, 0.399	394.000, 0.398	394.000, 0.399
395.000, 0.399	395.000, 0.400	395.000, 0.401	395.000, 0.401	395.000, 0.402
396.000, 0.401	396.000, 0.402	396.000, 0.403	396.000, 0.402	396.000, 0.403
397.000, 0.405	397.000, 0.406	397.000, 0.406	397.000, 0.405	397.000, 0.406
398.000, 0.408	398.000, 0.408	398.000, 0.410	398.000, 0.408	398.000, 0.409
399.000, 0.409	399.000, 0.410	399.000, 0.410	399.000, 0.410	399.000, 0.411
400.000, 0.410	400.000, 0.411	400.000, 0.411	400.000, 0.412	400.000, 0.413
401.000, 0.413	401.000, 0.413	401.000, 0.414	401.000, 0.415	401.000, 0.416
402.000, 0.415	402.000, 0.415	402.000, 0.416	402.000, 0.416	402.000, 0.417
403.000, 0.416	403.000, 0.417	403.000, 0.418	403.000, 0.418	403.000, 0.419
404.000, 0.418	404.000, 0.419	404.000, 0.419	404.000, 0.419	404.000, 0.420
405.000, 0.420	405.000, 0.421	405.000, 0.421	405.000, 0.422	405.000, 0.422
406.000, 0.422	406.000, 0.423	406.000, 0.423	406.000, 0.424	406.000, 0.425
407.000, 0.424	407.000, 0.424	407.000, 0.425	407.000, 0.425	407.000, 0.426
408.000, 0.426	408.000, 0.426	408.000, 0.427	408.000, 0.427	408.000, 0.428
409.000, 0.428	409.000, 0.429	409.000, 0.429	409.000, 0.429	409.000, 0.431
410.000, 0.429	410.000, 0.430	410.000, 0.431	410.000, 0.431	410.000, 0.432
411.000, 0.430	411.000, 0.431	411.000, 0.432	411.000, 0.432	411.000, 0.433
412.000, 0.433	412.000, 0.433	412.000, 0.434	412.000, 0.434	412.000, 0.435
413.000, 0.434	413.000, 0.435	413.000, 0.435	413.000, 0.435	413.000, 0.436
414.000, 0.435	414.000, 0.436	414.000, 0.437	414.000, 0.437	414.000, 0.438
415.000, 0.437	415.000, 0.438	415.000, 0.438	415.000, 0.438	415.000, 0.439
416.000, 0.439	416.000, 0.439	416.000, 0.440	416.000, 0.440	416.000, 0.441
417.000, 0.441	417.000, 0.441	417.000, 0.442	417.000, 0.442	417.000, 0.443
418.000, 0.442	418.000, 0.443	418.000, 0.443	418.000, 0.444	418.000, 0.444
419.000, 0.443	419.000, 0.444	419.000, 0.445	419.000, 0.445	419.000, 0.446
420.000, 0.445	420.000, 0.445	420.000, 0.446	420.000, 0.446	420.000, 0.447
421.000, 0.446	421.000, 0.447	421.000, 0.447	421.000, 0.448	421.000, 0.449
422.000, 0.448	422.000, 0.448	422.000, 0.449	422.000, 0.449	422.000, 0.450
423.000, 0.450	423.000, 0.450	423.000, 0.451	423.000, 0.451	423.000, 0.452
424.000, 0.451	424.000, 0.452	424.000, 0.452	424.000, 0.453	424.000, 0.454
425.000, 0.453	425.000, 0.453	425.000, 0.454	425.000, 0.454	425.000, 0.455
426.000, 0.455	426.000, 0.455	426.000, 0.456	426.000, 0.456	426.000, 0.457
427.000, 0.456	427.000, 0.457	427.000, 0.458	427.000, 0.458	427.000, 0.458
428.000, 0.458	428.000, 0.459	428.000, 0.459	428.000, 0.460	428.000, 0.460
429.000, 0.460	429.000, 0.460	429.000, 0.461	429.000, 0.461	429.000, 0.462
430.000, 0.461	430.000, 0.462	430.000, 0.462	430.000, 0.463	430.000, 0.464
431.000, 0.464	431.000, 0.464	431.000, 0.464	431.000, 0.465	431.000, 0.466
432.000, 0.465	432.000, 0.466	432.000, 0.466	432.000, 0.467	432.000, 0.467
433.000, 0.467	433.000, 0.467	433.000, 0.468	433.000, 0.468	433.000, 0.469
434.000, 0.468	434.000, 0.469	434.000, 0.470	434.000, 0.470	434.000, 0.471
435.000, 0.470	435.000, 0.471	435.000, 0.471	435.000, 0.472	435.000, 0.473
436.000, 0.472	436.000, 0.473	436.000, 0.473	436.000, 0.474	436.000, 0.474
437.000, 0.474	437.000, 0.474	437.000, 0.475	437.000, 0.476	437.000, 0.476
438.000, 0.475	438.000, 0.476	438.000, 0.477	438.000, 0.477	438.000, 0.478
439.000, 0.477	439.000, 0.478	439.000, 0.478	439.000, 0.479	439.000, 0.480
440.000, 0.479	440.000, 0.479	440.000, 0.480	440.000, 0.480	440.000, 0.481
441.000, 0.481	441.000, 0.481	441.000, 0.481	441.000, 0.482	441.000, 0.483
442.000, 0.482	442.000, 0.483	442.000, 0.483	442.000, 0.484	442.000, 0.485
443.000, 0.484	443.000, 0.484	443.000, 0.485	443.000, 0.486	443.000, 0.486
444.000, 0.485	444.000, 0.485	444.000, 0.486	444.000, 0.487	444.000, 0.488
445.000, 0.487	445.000, 0.487	445.000, 0.488	445.000, 0.488	445.000, 0.489
446.000, 0.488	446.000, 0.489	446.000, 0.489	446.000, 0.490	446.000, 0.491
447.000, 0.490	447.000, 0.490	447.000, 0.491	447.000, 0.492	447.000, 0.492
448.000, 0.491	448.000, 0.492	448.000, 0.492	448.000, 0.493	448.000, 0.494
449.000, 0.493	449.000, 0.493	449.000, 0.494	449.000, 0.494	449.000, 0.495
450.000, 0.494	450.000, 0.495	450.000, 0.495	450.000, 0.496	450.000, 0.497
451.000, 0.495	451.000, 0.496	451.000, 0.497	451.000, 0.497	451.000, 0.498
452.000, 0.497	452.000, 0.497	452.000, 0.498	452.000, 0.498	452.000, 0.499
453.000, 0.498	453.000, 0.498	453.000, 0.499	453.000, 0.500	453.000, 0.500
454.000, 0.499	454.000, 0.500	454.000, 0.500	454.000, 0.501	454.000, 0.502
455.000, 0.500	455.000, 0.501	455.000, 0.501	455.000, 0.502	455.000, 0.503
456.000, 0.502	456.000, 0.502	456.000, 0.502	456.000, 0.503	456.000, 0.504
457.000, 0.503	457.000, 0.503	457.000, 0.503	457.000, 0.504	457.000, 0.505
458.000, 0.504	458.000, 0.504	458.000, 0.505	458.000, 0.505	458.000, 0.506
459.000, 0.505	459.000, 0.505	459.000, 0.506	459.000, 0.506	459.000, 0.507
460.000, 0.505	460.000, 0.506	460.000, 0.506	460.000, 0.507	460.000, 0.508
461.000, 0.507	461.000, 0.507	461.000, 0.507	461.000, 0.508	461.000, 0.509
462.000, 0.507	462.000, 0.508	462.000, 0.508	462.000, 0.509	462.000, 0.510
463.000, 0.508	463.000, 0.509	463.000, 0.509	463.000, 0.510	463.000, 0.511
464.000, 0.509	464.000, 0.510	464.000, 0.510	464.000, 0.511	464.000, 0.511
465.000, 0.510	465.000, 0.510	465.000, 0.511	465.000, 0.511	465.000, 0.512
466.000, 0.511	466.000, 0.511	466.000, 0.512	466.000, 0.512	466.000, 0.513
467.000, 0.512	467.000, 0.512	467.000, 0.513	467.000, 0.513	467.000, 0.514
468.000, 0.512	468.000, 0.513	468.000, 0.514	468.000, 0.514	468.000, 0.515
469.000, 0.513	469.000, 0.513	469.000, 0.514	469.000, 0.515	469.000, 0.515
470.000, 0.514	470.000, 0.515	470.000, 0.515	470.000, 0.516	470.000, 0.516
471.000, 0.515	471.000, 0.516	471.000, 0.516	471.000, 0.517	471.000, 0.517
472.000, 0.516	472.000, 0.516	472.000, 0.517	472.000, 0.517	472.000, 0.518
473.000, 0.516	473.000, 0.517	473.000, 0.517	473.000, 0.518	473.000, 0.519
474.000, 0.517	474.000, 0.518	474.000, 0.518	474.000, 0.519	474.000, 0.519
475.000, 0.518	475.000, 0.519	475.000, 0.519	475.000, 0.520	475.000, 0.520
476.000, 0.519	476.000, 0.520	476.000, 0.520	476.000, 0.521	476.000, 0.521
477.000, 0.520	477.000, 0.521	477.000, 0.521	477.000, 0.521	477.000, 0.522
478.000, 0.521	478.000, 0.521	478.000, 0.522	478.000, 0.522	478.000, 0.523
479.000, 0.522	479.000, 0.522	479.000, 0.523	479.000, 0.523	479.000, 0.524
480.000, 0.523	480.000, 0.523	480.000, 0.524	480.000, 0.524	480.000, 0.525
481.000, 0.523	481.000, 0.524	481.000, 0.525	481.000, 0.525	481.000, 0.526
482.000, 0.524	482.000, 0.525	482.000, 0.526	482.000, 0.526	482.000, 0.527
483.000, 0.525	483.000, 0.526	483.000, 0.527	483.000, 0.527	483.000, 0.528
484.000, 0.526	484.000, 0.527	484.000, 0.528	484.000, 0.528	484.000, 0.529
485.000, 0.528	485.000, 0.528	485.000, 0.529	485.000, 0.529	485.000, 0.530
486.000, 0.529	486.000, 0.529	486.000, 0.530	486.000, 0.531	486.000, 0.531
487.000, 0.530	487.000, 0.530	487.000, 0.531	487.000, 0.532	487.000, 0.532
488.000, 0.531	488.000, 0.532	488.000, 0.532	488.000, 0.533	488.000, 0.533
489.000, 0.532	489.000, 0.533	489.000, 0.533	489.000, 0.534	489.000, 0.534
490.000, 0.533	490.000, 0.534	490.000, 0.534	490.000, 0.535	490.000, 0.535
491.000, 0.534	491.000, 0.535	491.000, 0.535	491.000, 0.536	491.000, 0.537
492.000, 0.535	492.000, 0.536	492.000, 0.536	492.000, 0.537	492.000, 0.538
493.000, 0.536	493.000, 0.537	493.000, 0.538	493.000, 0.538	493.000, 0.539
494.000, 0.538	494.000, 0.538	494.000, 0.539	494.000, 0.540	494.000, 0.540
495.000, 0.539	495.000, 0.540	495.000, 0.540	495.000, 0.541	495.000, 0.541
496.000, 0.540	496.000, 0.541	496.000, 0.541	496.000, 0.542	496.000, 0.543
497.000, 0.541	497.000, 0.542	497.000, 0.542	497.000, 0.543	497.000, 0.543
498.000, 0.542	498.000, 0.543	498.000, 0.544	498.000, 0.544	498.000, 0.545
499.000, 0.543	499.000, 0.544	499.000, 0.545	499.000, 0.546	499.000, 0.546
500.000, 0.545	500.000, 0.546	500.000, 0.546	500.000, 0.547	500.000, 0.547
501.000, 0.546	501.000, 0.547	501.000, 0.548	501.000, 0.548	501.000, 0.548
502.000, 0.547	502.000, 0.548	502.000, 0.549	502.000, 0.549	502.000, 0.550
503.000, 0.549	503.000, 0.550	503.000, 0.550	503.000, 0.550	503.000, 0.551
504.000, 0.550	504.000, 0.551	504.000, 0.551	504.000, 0.552	504.000, 0.552
505.000, 0.551	505.000, 0.552	505.000, 0.553	505.000, 0.553	505.000, 0.554
506.000, 0.553	506.000, 0.553	506.000, 0.554	506.000, 0.555	506.000, 0.555
507.000, 0.554	507.000, 0.555	507.000, 0.555	507.000, 0.556	507.000, 0.556
508.000, 0.555	508.000, 0.556	508.000, 0.557	508.000, 0.557	508.000, 0.558
509.000, 0.557	509.000, 0.557	509.000, 0.558	509.000, 0.559	509.000, 0.559
510.000, 0.558	510.000, 0.559	510.000, 0.559	510.000, 0.560	510.000, 0.560
511.000, 0.559	511.000, 0.560	511.000, 0.561	511.000, 0.561	511.000, 0.562
512.000, 0.560	512.000, 0.561	512.000, 0.562	512.000, 0.563	512.000, 0.563
513.000, 0.562	513.000, 0.562	513.000, 0.563	513.000, 0.564	513.000, 0.564
514.000, 0.563	514.000, 0.564	514.000, 0.565	514.000, 0.565	514.000, 0.565
515.000, 0.564	515.000, 0.565	515.000, 0.566	515.000, 0.566	515.000, 0.567
516.000, 0.565	516.000, 0.566	516.000, 0.567	516.000, 0.568	516.000, 0.568
517.000, 0.567	517.000, 0.568	517.000, 0.569	517.000, 0.569	517.000, 0.570
518.000, 0.568	518.000, 0.569	518.000, 0.570	518.000, 0.570	518.000, 0.571
519.000, 0.570	519.000, 0.571	519.000, 0.572	519.000, 0.572	519.000, 0.572
520.000, 0.572	520.000, 0.572	520.000, 0.573	520.000, 0.574	520.000, 0.574
521.000, 0.573	521.000, 0.573	521.000, 0.574	521.000, 0.575	521.000, 0.575
522.000, 0.574	522.000, 0.575	522.000, 0.575	522.000, 0.576	522.000, 0.577
523.000, 0.575	523.000, 0.576	523.000, 0.577	523.000, 0.578	523.000, 0.578
524.000, 0.576	524.000, 0.577	524.000, 0.578	524.000, 0.579	524.000, 0.579
525.000, 0.578	525.000, 0.578	525.000, 0.579	525.000, 0.580	525.000, 0.580
526.000, 0.579	526.000, 0.580	526.000, 0.581	526.000, 0.581	526.000, 0.582
527.000, 0.580	527.000, 0.581	527.000, 0.582	527.000, 0.583	527.000, 0.583
528.000, 0.582	528.000, 0.583	528.000, 0.583	528.000, 0.584	528.000, 0.585
529.000, 0.583	529.000, 0.584	529.000, 0.585	529.000, 0.585	529.000, 0.586
530.000, 0.584	530.000, 0.585	530.000, 0.586	530.000, 0.587	530.000, 0.587
531.000, 0.586	531.000, 0.587	531.000, 0.587	531.000, 0.588	531.000, 0.589
532.000, 0.587	532.000, 0.588	532.000, 0.588	532.000, 0.589	532.000, 0.590
533.000, 0.588	533.000, 0.589	533.000, 0.590	533.000, 0.591	533.000, 0.591
534.000, 0.590	534.000, 0.590	534.000, 0.591	534.000, 0.592	534.000, 0.593
535.000, 0.591	535.000, 0.592	535.000, 0.592	535.000, 0.593	535.000, 0.594
536.000, 0.592	536.000, 0.593	536.000, 0.594	536.000, 0.595	536.000, 0.595
537.000, 0.594	537.000, 0.594	537.000, 0.595	537.000, 0.596	537.000, 0.596
538.000, 0.595	538.000, 0.595	538.000, 0.597	538.000, 0.597	538.000, 0.598
539.000, 0.596	539.000, 0.597	539.000, 0.598	539.000, 0.598	539.000, 0.599
540.000, 0.597	540.000, 0.598	540.000, 0.599	540.000, 0.600	540.000, 0.600
541.000, 0.599	541.000, 0.599	541.000, 0.600	541.000, 0.601	541.000, 0.601
542.000, 0.600	542.000, 0.601	542.000, 0.601	542.000, 0.602	542.000, 0.603
543.000, 0.601	543.000, 0.602	543.000, 0.603	543.000, 0.603	543.000, 0.604
544.000, 0.602	544.000, 0.603	544.000, 0.604	544.000, 0.605	544.000, 0.605
545.000, 0.604	545.000, 0.605	545.000, 0.605	545.000, 0.606	545.000, 0.606
546.000, 0.605	546.000, 0.606	546.000, 0.606	546.000, 0.607	546.000, 0.608
547.000, 0.606	547.000, 0.607	547.000, 0.608	547.000, 0.608	547.000, 0.609
548.000, 0.607	548.000, 0.608	548.000, 0.609	548.000, 0.610	548.000, 0.610
549.000, 0.609	549.000, 0.609	549.000, 0.610	549.000, 0.611	549.000, 0.611
550.000, 0.610	550.000, 0.611	550.000, 0.611	550.000, 0.612	550.000, 0.612
551.000, 0.611	551.000, 0.612	551.000, 0.612	551.000, 0.613	551.000, 0.614
552.000, 0.612	552.000, 0.613	552.000, 0.614	552.000, 0.614	552.000, 0.615
553.000, 0.613	553.000, 0.614	553.000, 0.615	553.000, 0.615	553.000, 0.616
554.000, 0.615	554.000, 0.615	554.000, 0.616	554.000, 0.617	554.000, 0.617
555.000, 0.616	555.000, 0.617	555.000, 0.617	555.000, 0.618	555.000, 0.618
556.000, 0.617	556.000, 0.618	556.000, 0.618	556.000, 0.619	556.000, 0.620
557.000, 0.618	557.000, 0.619	557.000, 0.619	557.000, 0.620	557.000, 0.621
558.000, 0.619	558.000, 0.620	558.000, 0.620	558.000, 0.621	558.000, 0.622
559.000, 0.620	559.000, 0.621	559.000, 0.621	559.000, 0.622	559.000, 0.623
560.000, 0.621	560.000, 0.622	560.000, 0.623	560.000, 0.623	560.000, 0.624
561.000, 0.623	561.000, 0.623	561.000, 0.624	561.000, 0.625	561.000, 0.625
562.000, 0.624	562.000, 0.625	562.000, 0.625	562.000, 0.625	562.000, 0.626
563.000, 0.625	563.000, 0.626	563.000, 0.626	563.000, 0.626	563.000, 0.627
564.000, 0.626	564.000, 0.627	564.000, 0.627	564.000, 0.628	564.000, 0.628
565.000, 0.627	565.000, 0.628	565.000, 0.628	565.000, 0.629	565.000, 0.629
566.000, 0.628	566.000, 0.629	566.000, 0.629	566.000, 0.629	566.000, 0.630
567.000, 0.629	567.000, 0.630	567.000, 0.630	567.000, 0.631	567.000, 0.631
568.000, 0.630	568.000, 0.631	568.000, 0.631	568.000, 0.632	568.000, 0.632
569.000, 0.631	569.000, 0.632	569.000, 0.632	569.000, 0.633	569.000, 0.633
570.000, 0.632	570.000, 0.632	570.000, 0.633	570.000, 0.634	570.000, 0.634
571.000, 0.633	571.000, 0.633	571.000, 0.634	571.000, 0.634	571.000, 0.635
572.000, 0.634	572.000, 0.634	572.000, 0.635	572.000, 0.636	572.000, 0.636
573.000, 0.635	573.000, 0.635	573.000, 0.636	573.000, 0.637	573.000, 0.637
574.000, 0.636	574.000, 0.636	574.000, 0.637	574.000, 0.638	574.000, 0.638
575.000, 0.637	575.000, 0.637	575.000, 0.638	575.000, 0.638	575.000, 0.639
576.000, 0.637	576.000, 0.638	576.000, 0.639	576.000, 0.639	576.000, 0.640
577.000, 0.638	577.000, 0.639	577.000, 0.640	577.000, 0.640	577.000, 0.641
578.000, 0.639	578.000, 0.640	578.000, 0.641	578.000, 0.641	578.000, 0.642
579.000, 0.640	579.000, 0.641	579.000, 0.641	579.000, 0.642	579.000, 0.643
580.000, 0.641	580.000, 0.642	580.000, 0.642	580.000, 0.643	580.000, 0.644
581.000, 0.642	581.000, 0.642	581.000, 0.643	581.000, 0.644	581.000, 0.644
582.000, 0.642	582.000, 0.643	582.000, 0.644	582.000, 0.644	582.000, 0.645
583.000, 0.643	583.000, 0.644	583.000, 0.645	583.000, 0.645	583.000, 0.646
584.000, 0.644	584.000, 0.645	584.000, 0.645	584.000, 0.646	584.000, 0.647
585.000, 0.645	585.000, 0.645	585.000, 0.646	585.000, 0.647	585.000, 0.647
586.000, 0.645	586.000, 0.646	586.000, 0.646	586.000, 0.647	586.000, 0.647
587.000, 0.646	587.000, 0.647	587.000, 0.647	587.000, 0.648	587.000, 0.648
588.000, 0.647	588.000, 0.648	588.000, 0.648	588.000, 0.649	588.000, 0.649
589.000, 0.647	589.000, 0.648	589.000, 0.648	589.000, 0.649	589.000, 0.649
590.000, 0.648	590.000, 0.649	590.000, 0.649	590.000, 0.649	590.000, 0.650
591.000, 0.649	591.000, 0.650	591.000, 0.650	591.000, 0.650	591.000, 0.651
592.000, 0.649	592.000, 0.650	592.000, 0.650	592.000, 0.650	592.000, 0.651
593.000, 0.649	593.000, 0.650	593.000, 0.651	593.000, 0.651	593.000, 0.651
594.000, 0.650	594.000, 0.651	594.000, 0.651	594.000, 0.651	594.000, 0.652
595.000, 0.650	595.000, 0.651	595.000, 0.652	595.000, 0.652	595.000, 0.653
596.000, 0.651	596.000, 0.652	596.000, 0.652	596.000, 0.653	596.000, 0.653
597.000, 0.651	597.000, 0.652	597.000, 0.653	597.000, 0.653	597.000, 0.653
598.000, 0.652	598.000, 0.653	598.000, 0.653	598.000, 0.653	598.000, 0.654
599.000, 0.652	599.000, 0.653	599.000, 0.654	599.000, 0.653	599.000, 0.655
600.000, 0.652	600.000, 0.653	600.000, 0.654	600.000, 0.654	600.000, 0.655
601.000, 0.653	601.000, 0.654	601.000, 0.655	601.000, 0.655	601.000, 0.655
602.000, 0.654	602.000, 0.654	602.000, 0.655	602.000, 0.655	602.000, 0.656
603.000, 0.654	603.000, 0.655	603.000, 0.655	603.000, 0.656	603.000, 0.656
604.000, 0.654	604.000, 0.655	604.000, 0.656	604.000, 0.656	604.000, 0.657
605.000, 0.655	605.000, 0.656	605.000, 0.656	605.000, 0.657	605.000, 0.657
606.000, 0.656	606.000, 0.657	606.000, 0.657	606.000, 0.658	606.000, 0.658
607.000, 0.657	607.000, 0.657	607.000, 0.658	607.000, 0.658	607.000, 0.659
608.000, 0.657	608.000, 0.658	608.000, 0.658	608.000, 0.659	608.000, 0.659
609.000, 0.658	609.000, 0.659	609.000, 0.659	609.000, 0.659	609.000, 0.660
610.000, 0.659	610.000, 0.659	610.000, 0.660	610.000, 0.660	610.000, 0.660
611.000, 0.659	611.000, 0.660	611.000, 0.660	611.000, 0.661	611.000, 0.661
612.000, 0.659	612.000, 0.660	612.000, 0.661	612.000, 0.661	612.000, 0.661
613.000, 0.660	613.000, 0.661	613.000, 0.661	613.000, 0.662	613.000, 0.662
614.000, 0.661	614.000, 0.661	614.000, 0.662	614.000, 0.662	614.000, 0.663
615.000, 0.661	615.000, 0.662	615.000, 0.662	615.000, 0.662	615.000, 0.663
616.000, 0.662	616.000, 0.663	616.000, 0.663	616.000, 0.663	616.000, 0.664
617.000, 0.662	617.000, 0.663	617.000, 0.663	617.000, 0.663	617.000, 0.664
618.000, 0.662	618.000, 0.663	618.000, 0.663	618.000, 0.664	618.000, 0.665
619.000, 0.662	619.000, 0.663	619.000, 0.664	619.000, 0.664	619.000, 0.665
620.000, 0.663	620.000, 0.664	620.000, 0.665	620.000, 0.665	620.000, 0.665
621.000, 0.664	621.000, 0.665	621.000, 0.665	621.000, 0.666	621.000, 0.666
622.000, 0.664	622.000, 0.665	622.000, 0.665	622.000, 0.666	622.000, 0.666
623.000, 0.664	623.000, 0.665	623.000, 0.666	623.000, 0.666	623.000, 0.667
624.000, 0.665	624.000, 0.666	624.000, 0.666	624.000, 0.667	624.000, 0.667
625.000, 0.665	625.000, 0.666	625.000, 0.667	625.000, 0.667	625.000, 0.667
626.000, 0.666	626.000, 0.667	626.000, 0.667	626.000, 0.667	626.000, 0.668
627.000, 0.666	627.000, 0.667	627.000, 0.667	627.000, 0.667	627.000, 0.668
628.000, 0.666	628.000, 0.667	628.000, 0.667	628.000, 0.668	628.000, 0.668
629.000, 0.667	629.000, 0.667	629.000, 0.667	629.000, 0.668	629.000, 0.668
630.000, 0.667	630.000, 0.668	630.000, 0.668	630.000, 0.668	630.000, 0.669
631.000, 0.667	631.000, 0.668	631.000, 0.669	631.000, 0.669	631.000, 0.670
632.000, 0.668	632.000, 0.669	632.000, 0.669	632.000, 0.669	632.000, 0.670
633.000, 0.668	633.000, 0.669	633.000, 0.670	633.000, 0.670	633.000, 0.670
634.000, 0.668	634.000, 0.669	634.000, 0.670	634.000, 0.670	634.000, 0.670
635.000, 0.669	635.000, 0.670	635.000, 0.670	635.000, 0.671	635.000, 0.671
636.000, 0.670	636.000, 0.670	636.000, 0.671	636.000, 0.671	636.000, 0.671
637.000, 0.670	637.000, 0.671	637.000, 0.671	637.000, 0.671	637.000, 0.672
638.000, 0.670	638.000, 0.671	638.000, 0.671	638.000, 0.671	638.000, 0.672
639.000, 0.670	639.000, 0.671	639.000, 0.671	639.000, 0.672	639.000, 0.672
640.000, 0.671	640.000, 0.672	640.000, 0.672	640.000, 0.673	640.000, 0.673
641.000, 0.671	641.000, 0.672	641.000, 0.672	641.000, 0.673	641.000, 0.673
642.000, 0.672	642.000, 0.673	642.000, 0.673	642.000, 0.673	642.000, 0.674
643.000, 0.672	643.000, 0.673	643.000, 0.673	643.000, 0.674	643.000, 0.674
644.000, 0.672	644.000, 0.673	644.000, 0.673	644.000, 0.674	644.000, 0.674
645.000, 0.672	645.000, 0.673	645.000, 0.673	645.000, 0.674	645.000, 0.674
646.000, 0.673	646.000, 0.674	646.000, 0.674	646.000, 0.674	646.000, 0.675
647.000, 0.673	647.000, 0.674	647.000, 0.674	647.000, 0.675	647.000, 0.675
648.000, 0.674	648.000, 0.675	648.000, 0.675	648.000, 0.675	648.000, 0.676
649.000, 0.674	649.000, 0.675	649.000, 0.675	649.000, 0.676	649.000, 0.676
650.000, 0.674	650.000, 0.675	650.000, 0.675	650.000, 0.676	650.000, 0.676
651.000, 0.674	651.000, 0.675	651.000, 0.675	651.000, 0.675	651.000, 0.676
652.000, 0.675	652.000, 0.676	652.000, 0.676	652.000, 0.676	652.000, 0.676
653.000, 0.675	653.000, 0.676	653.000, 0.676	653.000, 0.676	653.000, 0.677
654.000, 0.676	654.000, 0.676	654.000, 0.677	654.000, 0.677	654.000, 0.677
655.000, 0.676	655.000, 0.676	655.000, 0.677	655.000, 0.677	655.000, 0.677
656.000, 0.676	656.000, 0.677	656.000, 0.677	656.000, 0.678	656.000, 0.678
657.000, 0.676	657.000, 0.677	657.000, 0.678	657.000, 0.678	657.000, 0.678
658.000, 0.677	658.000, 0.678	658.000, 0.678	658.000, 0.678	658.000, 0.679
659.000, 0.678	659.000, 0.678	659.000, 0.678	659.000, 0.680	659.000, 0.680
660.000, 0.678	660.000, 0.679	660.000, 0.679	660.000, 0.680	660.000, 0.680
661.000, 0.679	661.000, 0.679	661.000, 0.679	661.000, 0.680	661.000, 0.680
662.000, 0.679	662.000, 0.680	662.000, 0.680	662.000, 0.681	662.000, 0.681
663.000, 0.679	663.000, 0.680	663.000, 0.680	663.000, 0.681	663.000, 0.681
664.000, 0.679	664.000, 0.680	664.000, 0.680	664.000, 0.681	664.000, 0.681
665.000, 0.680	665.000, 0.681	665.000, 0.681	665.000, 0.682	665.000, 0.682
666.000, 0.680	666.000, 0.681	666.000, 0.681	666.000, 0.682	666.000, 0.682
667.000, 0.680	667.000, 0.681	667.000, 0.682	667.000, 0.682	667.000, 0.682
668.000, 0.681	668.000, 0.682	668.000, 0.682	668.000, 0.683	668.000, 0.683
669.000, 0.682	669.000, 0.683	669.000, 0.683	669.000, 0.683	669.000, 0.684
670.000, 0.682	670.000, 0.683	670.000, 0.683	670.000, 0.683	670.000, 0.684
671.000, 0.682	671.000, 0.683	671.000, 0.683	671.000, 0.684	671.000, 0.685
672.000, 0.683	672.000, 0.683	672.000, 0.684	672.000, 0.684	672.000, 0.685
673.000, 0.683	673.000, 0.683	673.000, 0.684	673.000, 0.684	673.000, 0.684
674.000, 0.683	674.000, 0.684	674.000, 0.684	674.000, 0.684	674.000, 0.685
675.000, 0.683	675.000, 0.684	675.000, 0.685	675.000, 0.685	675.000, 0.686
676.000, 0.684	676.000, 0.685	676.000, 0.685	676.000, 0.685	676.000, 0.686
677.000, 0.684	677.000, 0.685	677.000, 0.685	677.000, 0.685	677.000, 0.686
678.000, 0.684	678.000, 0.685	678.000, 0.685	678.000, 0.686	678.000, 0.686
679.000, 0.685	679.000, 0.685	679.000, 0.686	679.000, 0.686	679.000, 0.686
680.000, 0.685	680.000, 0.686	680.000, 0.686	680.000, 0.686	680.000, 0.687
681.000, 0.685	681.000, 0.686	681.000, 0.686	681.000, 0.687	681.000, 0.687
682.000, 0.685	682.000, 0.686	682.000, 0.687	682.000, 0.687	682.000, 0.687
683.000, 0.685	683.000, 0.686	683.000, 0.687	683.000, 0.687	683.000, 0.687
684.000, 0.686	684.000, 0.687	684.000, 0.687	684.000, 0.687	684.000, 0.688
685.000, 0.686	685.000, 0.687	685.000, 0.687	685.000, 0.687	685.000, 0.688
686.000, 0.686	686.000, 0.687	686.000, 0.687	686.000, 0.687	686.000, 0.688
687.000, 0.686	687.000, 0.687	687.000, 0.688	687.000, 0.688	687.000, 0.688
688.000, 0.687	688.000, 0.687	688.000, 0.688	688.000, 0.688	688.000, 0.688
689.000, 0.686	689.000, 0.687	689.000, 0.688	689.000, 0.688	689.000, 0.688
690.000, 0.687	690.000, 0.688	690.000, 0.688	690.000, 0.689	690.000, 0.689
691.000, 0.687	691.000, 0.688	691.000, 0.689	691.000, 0.689	691.000, 0.690
692.000, 0.687	692.000, 0.688	692.000, 0.689	692.000, 0.689	692.000, 0.690
693.000, 0.687	693.000, 0.689	693.000, 0.689	693.000, 0.689	693.000, 0.690
694.000, 0.688	694.000, 0.689	694.000, 0.689	694.000, 0.690	694.000, 0.690
695.000, 0.688	695.000, 0.689	695.000, 0.690	695.000, 0.690	695.000, 0.690
696.000, 0.689	696.000, 0.690	696.000, 0.690	696.000, 0.691	696.000, 0.691
697.000, 0.689	697.000, 0.690	697.000, 0.690	697.000, 0.691	697.000, 0.691
698.000, 0.690	698.000, 0.690	698.000, 0.691	698.000, 0.691	698.000, 0.691
699.000, 0.689	699.000, 0.690	699.000, 0.691	699.000, 0.692	699.000, 0.692
700.000, 0.689	700.000, 0.690	700.000, 0.691	700.000, 0.691	700.000, 0.691
701.000, 0.689	701.000, 0.690	701.000, 0.691	701.000, 0.691	701.000, 0.691
702.000, 0.690	702.000, 0.691	702.000, 0.691	702.000, 0.691	702.000, 0.692
703.000, 0.690	703.000, 0.691	703.000, 0.691	703.000, 0.691	703.000, 0.692
704.000, 0.690	704.000, 0.691	704.000, 0.691	704.000, 0.691	704.000, 0.692
705.000, 0.690	705.000, 0.691	705.000, 0.691	705.000, 0.692	705.000, 0.692
706.000, 0.690	706.000, 0.692	706.000, 0.692	706.000, 0.692	706.000, 0.692
707.000, 0.691	707.000, 0.692	707.000, 0.692	707.000, 0.692	707.000, 0.692
708.000, 0.691	708.000, 0.691	708.000, 0.692	708.000, 0.692	708.000, 0.692
709.000, 0.690	709.000, 0.692	709.000, 0.692	709.000, 0.692	709.000, 0.692
710.000, 0.691	710.000, 0.692	710.000, 0.692	710.000, 0.692	710.000, 0.692
711.000, 0.691	711.000, 0.692	711.000, 0.692	711.000, 0.692	711.000, 0.692
712.000, 0.691	712.000, 0.692	712.000, 0.692	712.000, 0.692	712.000, 0.693
713.000, 0.691	713.000, 0.693	713.000, 0.692	713.000, 0.692	713.000, 0.693
714.000, 0.691	714.000, 0.692	714.000, 0.692	714.000, 0.692	714.000, 0.693
715.000, 0.691	715.000, 0.692	715.000, 0.692	715.000, 0.693	715.000, 0.693
716.000, 0.691	716.000, 0.692	716.000, 0.692	716.000, 0.692	716.000, 0.693
717.000, 0.691	717.000, 0.692	717.000, 0.692	717.000, 0.692	717.000, 0.693
718.000, 0.691	718.000, 0.692	718.000, 0.693	718.000, 0.692	718.000, 0.693
719.000, 0.691	719.000, 0.692	719.000, 0.693	719.000, 0.693	719.000, 0.692
720.000, 0.691	720.000, 0.692	720.000, 0.693	720.000, 0.693	720.000, 0.693
721.000, 0.691	721.000, 0.692	721.000, 0.693	721.000, 0.693	721.000, 0.693
722.000, 0.691	722.000, 0.692	722.000, 0.692	722.000, 0.693	722.000, 0.693
723.000, 0.691	723.000, 0.692	723.000, 0.692	723.000, 0.693	723.000, 0.693
724.000, 0.691	724.000, 0.692	724.000, 0.693	724.000, 0.693	724.000, 0.693
725.000, 0.691	725.000, 0.692	725.000, 0.693	725.000, 0.693	725.000, 0.693
726.000, 0.691	726.000, 0.692	726.000, 0.693	726.000, 0.693	726.000, 0.693
727.000, 0.692	727.000, 0.693	727.000, 0.693	727.000, 0.693	727.000, 0.694
728.000, 0.691	728.000, 0.693	728.000, 0.693	728.000, 0.693	728.000, 0.693
729.000, 0.691	729.000, 0.692	729.000, 0.692	729.000, 0.692	729.000, 0.693
730.000, 0.692	730.000, 0.693	730.000, 0.693	730.000, 0.693	730.000, 0.693
731.000, 0.692	731.000, 0.693	731.000, 0.693	731.000, 0.693	731.000, 0.694
732.000, 0.692	732.000, 0.693	732.000, 0.693	732.000, 0.693	732.000, 0.693
733.000, 0.692	733.000, 0.693	733.000, 0.693	733.000, 0.693	733.000, 0.694
734.000, 0.691	734.000, 0.693	734.000, 0.693	734.000, 0.693	734.000, 0.694
735.000, 0.691	735.000, 0.693	735.000, 0.693	735.000, 0.693	735.000, 0.694
736.000, 0.691	736.000, 0.693	736.000, 0.693	736.000, 0.693	736.000, 0.694
737.000, 0.692	737.000, 0.692	737.000, 0.693	737.000, 0.693	737.000, 0.694
738.000, 0.692	738.000, 0.693	738.000, 0.693	738.000, 0.694	738.000, 0.694
739.000, 0.692	739.000, 0.693	739.000, 0.694	739.000, 0.694	739.000, 0.695
740.000, 0.693	740.000, 0.694	740.000, 0.694	740.000, 0.694	740.000, 0.695
741.000, 0.692	741.000, 0.693	741.000, 0.693	741.000, 0.694	741.000, 0.695
742.000, 0.692	742.000, 0.693	742.000, 0.693	742.000, 0.694	742.000, 0.694
743.000, 0.692	743.000, 0.694	743.000, 0.694	743.000, 0.694	743.000, 0.695
744.000, 0.692	744.000, 0.693	744.000, 0.694	744.000, 0.694	744.000, 0.695
745.000, 0.692	745.000, 0.693	745.000, 0.694	745.000, 0.694	745.000, 0.694
746.000, 0.692	746.000, 0.693	746.000, 0.694	746.000, 0.694	746.000, 0.694
747.000, 0.692	747.000, 0.694	747.000, 0.694	747.000, 0.694	747.000, 0.694
748.000, 0.693	748.000, 0.694	748.000, 0.694	748.000, 0.694	748.000, 0.695
749.000, 0.693	749.000, 0.694	749.000, 0.694	749.000, 0.694	749.000, 0.695
750.000, 0.693	750.000, 0.694	750.000, 0.694	750.000, 0.694	750.000, 0.695
751.000, 0.693	751.000, 0.694	751.000, 0.694	751.000, 0.694	751.000, 0.695
752.000, 0.693	752.000, 0.694	752.000, 0.694	752.000, 0.694	752.000, 0.695
753.000, 0.693	753.000, 0.694	753.000, 0.694	753.000, 0.694	753.000, 0.695
754.000, 0.693	754.000, 0.693	754.000, 0.694	754.000, 0.694	754.000, 0.695
755.000, 0.693	755.000, 0.693	755.000, 0.694	755.000, 0.694	755.000, 0.694
756.000, 0.693	756.000, 0.693	756.000, 0.694	756.000, 0.694	756.000, 0.695
757.000, 0.693	757.000, 0.693	757.000, 0.694	757.000, 0.694	757.000, 0.695
758.000, 0.693	758.000, 0.693	758.000, 0.694	758.000, 0.694	758.000, 0.695
759.000, 0.693	759.000, 0.694	759.000, 0.694	759.000, 0.695	759.000, 0.694
760.000, 0.692	760.000, 0.694	760.000, 0.693	760.000, 0.694	760.000, 0.693
761.000, 0.691	761.000, 0.692	761.000, 0.692	761.000, 0.693	761.000, 0.692
762.000, 0.691	762.000, 0.691	762.000, 0.691	762.000, 0.692	762.000, 0.692
763.000, 0.691	763.000, 0.691	763.000, 0.691	763.000, 0.693	763.000, 0.693
764.000, 0.692	764.000, 0.692	764.000, 0.692	764.000, 0.693	764.000, 0.694
765.000, 0.692	765.000, 0.693	765.000, 0.693	765.000, 0.693	765.000, 0.693
766.000, 0.693	766.000, 0.693	766.000, 0.693	766.000, 0.694	766.000, 0.694
767.000, 0.693	767.000, 0.694	767.000, 0.694	767.000, 0.694	767.000, 0.695
768.000, 0.693	768.000, 0.694	768.000, 0.694	768.000, 0.694	768.000, 0.696
769.000, 0.694	769.000, 0.694	769.000, 0.694	769.000, 0.694	769.000, 0.695
770.000, 0.694	770.000, 0.694	770.000, 0.694	770.000, 0.694	770.000, 0.695
771.000, 0.694	771.000, 0.695	771.000, 0.695	771.000, 0.695	771.000, 0.696
772.000, 0.694	772.000, 0.695	772.000, 0.695	772.000, 0.695	772.000, 0.696
773.000, 0.694	773.000, 0.695	773.000, 0.695	773.000, 0.695	773.000, 0.696
774.000, 0.694	774.000, 0.695	774.000, 0.695	774.000, 0.695	774.000, 0.696
775.000, 0.695	775.000, 0.695	775.000, 0.695	775.000, 0.695	775.000, 0.696
776.000, 0.695	776.000, 0.695	776.000, 0.695	776.000, 0.695	776.000, 0.697
777.000, 0.695	777.000, 0.695	777.000, 0.695	777.000, 0.695	777.000, 0.696
778.000, 0.694	778.000, 0.695	778.000, 0.695	778.000, 0.695	778.000, 0.696
779.000, 0.694	779.000, 0.695	779.000, 0.695	779.000, 0.695	779.000, 0.696
780.000, 0.695	780.000, 0.696	780.000, 0.695	780.000, 0.696	780.000, 0.697
781.000, 0.696	781.000, 0.696	781.000, 0.696	781.000, 0.696	781.000, 0.697
782.000, 0.695	782.000, 0.695	782.000, 0.695	782.000, 0.696	782.000, 0.696
783.000, 0.694	783.000, 0.695	783.000, 0.695	783.000, 0.696	783.000, 0.696
784.000, 0.695	784.000, 0.696	784.000, 0.696	784.000, 0.696	784.000, 0.697
785.000, 0.695	785.000, 0.696	785.000, 0.696	785.000, 0.697	785.000, 0.697
786.000, 0.695	786.000, 0.696	786.000, 0.696	786.000, 0.697	786.000, 0.697
787.000, 0.696	787.000, 0.696	787.000, 0.697	787.000, 0.697	787.000, 0.697
788.000, 0.696	788.000, 0.696	788.000, 0.697	788.000, 0.696	788.000, 0.697
789.000, 0.696	789.000, 0.696	789.000, 0.697	789.000, 0.696	789.000, 0.698
790.000, 0.696	790.000, 0.697	790.000, 0.697	790.000, 0.697	790.000, 0.698
791.000, 0.696	791.000, 0.697	791.000, 0.697	791.000, 0.697	791.000, 0.698
792.000, 0.697	792.000, 0.697	792.000, 0.697	792.000, 0.697	792.000, 0.698
793.000, 0.697	793.000, 0.697	793.000, 0.697	793.000, 0.697	793.000, 0.698
794.000, 0.697	794.000, 0.697	794.000, 0.697	794.000, 0.697	794.000, 0.698
795.000, 0.697	795.000, 0.697	795.000, 0.697	795.000, 0.697	795.000, 0.698
796.000, 0.696	796.000, 0.697	796.000, 0.697	796.000, 0.697	796.000, 0.698
797.000, 0.696	797.000, 0.697	797.000, 0.697	797.000, 0.697	797.000, 0.697
798.000, 0.697	798.000, 0.697	798.000, 0.697	798.000, 0.697	798.000, 0.698
799.000, 0.697	799.000, 0.697	799.000, 0.697	799.000, 0.697	799.000, 0.698
800.000, 0.697	800.000, 0.697	800.000, 0.698	800.000, 0.698	800.000, 0.699
801.000, 0.697	801.000, 0.697	801.000, 0.697	801.000, 0.698	801.000, 0.699
802.000, 0.697	802.000, 0.697	802.000, 0.697	802.000, 0.698	802.000, 0.699
803.000, 0.697	803.000, 0.698	803.000, 0.698	803.000, 0.699	803.000, 0.699
804.000, 0.697	804.000, 0.698	804.000, 0.698	804.000, 0.699	804.000, 0.699
805.000, 0.697	805.000, 0.698	805.000, 0.698	805.000, 0.698	805.000, 0.700
806.000, 0.697	806.000, 0.697	806.000, 0.697	806.000, 0.698	806.000, 0.699
807.000, 0.696	807.000, 0.697	807.000, 0.697	807.000, 0.698	807.000, 0.699
808.000, 0.696	808.000, 0.697	808.000, 0.698	808.000, 0.697	808.000, 0.699
809.000, 0.697	809.000, 0.698	809.000, 0.699	809.000, 0.699	809.000, 0.700
810.000, 0.698	810.000, 0.699	810.000, 0.699	810.000, 0.699	810.000, 0.700
811.000, 0.699	811.000, 0.698	811.000, 0.699	811.000, 0.699	811.000, 0.700
812.000, 0.698	812.000, 0.698	812.000, 0.699	812.000, 0.699	812.000, 0.699
813.000, 0.698	813.000, 0.699	813.000, 0.700	813.000, 0.699	813.000, 0.700
814.000, 0.699	814.000, 0.700	814.000, 0.700	814.000, 0.699	814.000, 0.701
815.000, 0.699	815.000, 0.700	815.000, 0.700	815.000, 0.700	815.000, 0.700
816.000, 0.700	816.000, 0.699	816.000, 0.700	816.000, 0.701	816.000, 0.700
817.000, 0.700	817.000, 0.700	817.000, 0.701	817.000, 0.700	817.000, 0.701
818.000, 0.700	818.000, 0.700	818.000, 0.700	818.000, 0.700	818.000, 0.701
819.000, 0.699	819.000, 0.700	819.000, 0.699	819.000, 0.699	819.000, 0.700
820.000, 0.699	820.000, 0.699	820.000, 0.700	820.000, 0.700	820.000, 0.701
821.000, 0.699	821.000, 0.699	821.000, 0.701	821.000, 0.700	821.000, 0.702
822.000, 0.699	822.000, 0.700	822.000, 0.700	822.000, 0.700	822.000, 0.701
823.000, 0.700	823.000, 0.701	823.000, 0.701	823.000, 0.701	823.000, 0.701
824.000, 0.701	824.000, 0.701	824.000, 0.702	824.000, 0.701	824.000, 0.702
825.000, 0.700	825.000, 0.701	825.000, 0.702	825.000, 0.702	825.000, 0.702
826.000, 0.700	826.000, 0.701	826.000, 0.701	826.000, 0.702	826.000, 0.702
827.000, 0.701	827.000, 0.701	827.000, 0.701	827.000, 0.703	827.000, 0.702
828.000, 0.701	828.000, 0.701	828.000, 0.701	828.000, 0.702	828.000, 0.702
829.000, 0.700	829.000, 0.702	829.000, 0.701	829.000, 0.702	829.000, 0.703
830.000, 0.701	830.000, 0.702	830.000, 0.702	830.000, 0.702	830.000, 0.703
831.000, 0.701	831.000, 0.702	831.000, 0.702	831.000, 0.702	831.000, 0.703
832.000, 0.701	832.000, 0.701	832.000, 0.702	832.000, 0.702	832.000, 0.703
833.000, 0.702	833.000, 0.702	833.000, 0.703	833.000, 0.702	833.000, 0.703
834.000, 0.702	834.000, 0.702	834.000, 0.703	834.000, 0.702	834.000, 0.703
835.000, 0.702	835.000, 0.702	835.000, 0.702	835.000, 0.702	835.000, 0.703
836.000, 0.703	836.000, 0.703	836.000, 0.702	836.000, 0.702	836.000, 0.705
837.000, 0.702	837.000, 0.703	837.000, 0.702	837.000, 0.702	837.000, 0.705
838.000, 0.702	838.000, 0.703	838.000, 0.701	838.000, 0.702	838.000, 0.704
839.000, 0.703	839.000, 0.704	839.000, 0.702	839.000, 0.704	839.000, 0.705
840.000, 0.703	840.000, 0.704	840.000, 0.703	840.000, 0.704	840.000, 0.705
841.000, 0.702	841.000, 0.702	841.000, 0.703	841.000, 0.702	841.000, 0.704
842.000, 0.702	842.000, 0.702	842.000, 0.703	842.000, 0.703	842.000, 0.704
843.000, 0.703	843.000, 0.703	843.000, 0.703	843.000, 0.704	843.000, 0.705
844.000, 0.703	844.000, 0.704	844.000, 0.704	844.000, 0.705	844.000, 0.705
845.000, 0.704	845.000, 0.704	845.000, 0.704	845.000, 0.705	845.000, 0.705
846.000, 0.703	846.000, 0.704	846.000, 0.704	846.000, 0.703	846.000, 0.705
847.000, 0.704	847.000, 0.704	847.000, 0.704	847.000, 0.704	847.000, 0.705
848.000, 0.705	848.000, 0.704	848.000, 0.705	848.000, 0.705	848.000, 0.705
849.000, 0.705	849.000, 0.704	849.000, 0.705	849.000, 0.706	849.000, 0.706
850.000, 0.704	850.000, 0.705	850.000, 0.705	850.000, 0.705	850.000, 0.706
851.000, 0.703	851.000, 0.705	851.000, 0.704	851.000, 0.705	851.000, 0.706
852.000, 0.705	852.000, 0.705	852.000, 0.705	852.000, 0.706	852.000, 0.705
853.000, 0.705	853.000, 0.705	853.000, 0.705	853.000, 0.706	853.000, 0.705
854.000, 0.705	854.000, 0.704	854.000, 0.704	854.000, 0.705	854.000, 0.705
855.000, 0.704	855.000, 0.705	855.000, 0.705	855.000, 0.705	855.000, 0.706
856.000, 0.705	856.000, 0.706	856.000, 0.706	856.000, 0.706	856.000, 0.706
857.000, 0.705	857.000, 0.706	857.000, 0.706	857.000, 0.707	857.000, 0.707
858.000, 0.706	858.000, 0.706	858.000, 0.706	858.000, 0.706	858.000, 0.708
859.000, 0.706	859.000, 0.706	859.000, 0.707	859.000, 0.706	859.000, 0.707
860.000, 0.706	860.000, 0.706	860.000, 0.708	860.000, 0.707	860.000, 0.707
861.000, 0.706	861.000, 0.707	861.000, 0.707	861.000, 0.707	861.000, 0.707
862.000, 0.706	862.000, 0.707	862.000, 0.706	862.000, 0.706	862.000, 0.708
863.000, 0.704	863.000, 0.706	863.000, 0.706	863.000, 0.706	863.000, 0.706
864.000, 0.705	864.000, 0.706	864.000, 0.707	864.000, 0.707	864.000, 0.707
865.000, 0.706	865.000, 0.707	865.000, 0.709	865.000, 0.708	865.000, 0.709
866.000, 0.705	866.000, 0.707	866.000, 0.709	866.000, 0.707	866.000, 0.708
867.000, 0.706	867.000, 0.707	867.000, 0.708	867.000, 0.707	867.000, 0.709
868.000, 0.708	868.000, 0.707	868.000, 0.708	868.000, 0.708	868.000, 0.711
869.000, 0.706	869.000, 0.707	869.000, 0.708	869.000, 0.708	869.000, 0.710
870.000, 0.706	870.000, 0.707	870.000, 0.708	870.000, 0.707	870.000, 0.709
871.000, 0.708	871.000, 0.708	871.000, 0.708	871.000, 0.708	871.000, 0.709
872.000, 0.709	872.000, 0.709	872.000, 0.710	872.000, 0.709	872.000, 0.709
873.000, 0.709	873.000, 0.709	873.000, 0.710	873.000, 0.710	873.000, 0.710
874.000, 0.708	874.000, 0.709	874.000, 0.709	874.000, 0.708	874.000, 0.710
875.000, 0.708	875.000, 0.708	875.000, 0.708	875.000, 0.707	875.000, 0.710
876.000, 0.708	876.000, 0.706	876.000, 0.707	876.000, 0.708	876.000, 0.710
877.000, 0.709	877.000, 0.708	877.000, 0.708	877.000, 0.708	877.000, 0.710
878.000, 0.709	878.000, 0.709	878.000, 0.709	878.000, 0.709	878.000, 0.711
879.000, 0.709	879.000, 0.710	879.000, 0.709	879.000, 0.710	879.000, 0.712
880.000, 0.708	880.000, 0.709	880.000, 0.709	880.000, 0.709	880.000, 0.710
881.000, 0.708	881.000, 0.708	881.000, 0.710	881.000, 0.708	881.000, 0.709
882.000, 0.709	882.000, 0.709	882.000, 0.710	882.000, 0.709	882.000, 0.710
883.000, 0.710	883.000, 0.710	883.000, 0.710	883.000, 0.710	883.000, 0.710
884.000, 0.710	884.000, 0.711	884.000, 0.711	884.000, 0.710	884.000, 0.711
885.000, 0.710	885.000, 0.710	885.000, 0.710	885.000, 0.711	885.000, 0.711
886.000, 0.710	886.000, 0.710	886.000, 0.710	886.000, 0.711	886.000, 0.712
887.000, 0.711	887.000, 0.711	887.000, 0.712	887.000, 0.710	887.000, 0.712
888.000, 0.711	888.000, 0.710	888.000, 0.712	888.000, 0.710	888.000, 0.712
889.000, 0.711	889.000, 0.710	889.000, 0.711	889.000, 0.711	889.000, 0.712
890.000, 0.711	890.000, 0.711	890.000, 0.711	890.000, 0.712	890.000, 0.712
891.000, 0.711	891.000, 0.710	891.000, 0.710	891.000, 0.711	891.000, 0.711
892.000, 0.710	892.000, 0.709	892.000, 0.710	892.000, 0.709	892.000, 0.710
893.000, 0.709	893.000, 0.709	893.000, 0.711	893.000, 0.710	893.000, 0.711
894.000, 0.710	894.000, 0.710	894.000, 0.713	894.000, 0.712	894.000, 0.712
895.000, 0.712	895.000, 0.711	895.000, 0.713	895.000, 0.714	895.000, 0.713
896.000, 0.711	896.000, 0.709	896.000, 0.709	896.000, 0.710	896.000, 0.711
897.000, 0.711	897.000, 0.709	897.000, 0.708	897.000, 0.710	897.000, 0.711
898.000, 0.713	898.000, 0.713	898.000, 0.711	898.000, 0.713	898.000, 0.713
899.000, 0.711	899.000, 0.713	899.000, 0.712	899.000, 0.711	899.000, 0.714
900.000, 0.709	900.000, 0.712	900.000, 0.713	900.000, 0.711	900.000, 0.713
901.000, 0.711	901.000, 0.711	901.000, 0.715	901.000, 0.714	901.000, 0.713
902.000, 0.712	902.000, 0.712	902.000, 0.714	902.000, 0.713	902.000, 0.714
903.000, 0.713	903.000, 0.714	903.000, 0.712	903.000, 0.711	903.000, 0.714
904.000, 0.712	904.000, 0.713	904.000, 0.713	904.000, 0.711	904.000, 0.712
905.000, 0.712	905.000, 0.714	905.000, 0.715	905.000, 0.713	905.000, 0.712
906.000, 0.714	906.000, 0.715	906.000, 0.717	906.000, 0.716	906.000, 0.714
907.000, 0.715	907.000, 0.715	907.000, 0.716	907.000, 0.716	907.000, 0.713
908.000, 0.715	908.000, 0.715	908.000, 0.717	908.000, 0.716	908.000, 0.715
909.000, 0.715	909.000, 0.716	909.000, 0.720	909.000, 0.717	909.000, 0.720
910.000, 0.715	910.000, 0.715	910.000, 0.718	910.000, 0.714	910.000, 0.718
911.000, 0.715	911.000, 0.714	911.000, 0.714	911.000, 0.712	911.000, 0.714
912.000, 0.716	912.000, 0.716	912.000, 0.715	912.000, 0.715	912.000, 0.715
913.000, 0.714	913.000, 0.715	913.000, 0.715	913.000, 0.716	913.000, 0.715
914.000, 0.712	914.000, 0.712	914.000, 0.715	914.000, 0.714	914.000, 0.713
915.000, 0.715	915.000, 0.713	915.000, 0.716	915.000, 0.713	915.000, 0.714
916.000, 0.716	916.000, 0.714	916.000, 0.717	916.000, 0.714	916.000, 0.715
917.000, 0.715	917.000, 0.714	917.000, 0.717	917.000, 0.715	917.000, 0.715
918.000, 0.715	918.000, 0.716	918.000, 0.717	918.000, 0.714	918.000, 0.714
919.000, 0.717	919.000, 0.718	919.000, 0.717	919.000, 0.715	919.000, 0.715
920.000, 0.719	920.000, 0.719	920.000, 0.718	920.000, 0.719	920.000, 0.717
921.000, 0.719	921.000, 0.718	921.000, 0.717	921.000, 0.719	921.000, 0.718
922.000, 0.717	922.000, 0.717	922.000, 0.716	922.000, 0.717	922.000, 0.717
923.000, 0.718	923.000, 0.719	923.000, 0.718	923.000, 0.719	923.000, 0.718
924.000, 0.718	924.000, 0.720	924.000, 0.719	924.000, 0.720	924.000, 0.718
925.000, 0.718	925.000, 0.720	925.000, 0.719	925.000, 0.719	925.000, 0.716
926.000, 0.717	926.000, 0.718	926.000, 0.719	926.000, 0.719	926.000, 0.718
927.000, 0.715	927.000, 0.717	927.000, 0.718	927.000, 0.717	927.000, 0.718
928.000, 0.713	928.000, 0.718	928.000, 0.719	928.000, 0.715	928.000, 0.716
929.000, 0.717	929.000, 0.719	929.000, 0.720	929.000, 0.714	929.000, 0.715
930.000, 0.722	930.000, 0.717	930.000, 0.721	930.000, 0.715	930.000, 0.716
931.000, 0.723	931.000, 0.713	931.000, 0.722	931.000, 0.720	931.000, 0.719
932.000, 0.720	932.000, 0.711	932.000, 0.720	932.000, 0.720	932.000, 0.719
933.000, 0.714	933.000, 0.711	933.000, 0.716	933.000, 0.717	933.000, 0.715
934.000, 0.715	934.000, 0.716	934.000, 0.723	934.000, 0.717	934.000, 0.716
935.000, 0.720	935.000, 0.721	935.000, 0.726	935.000, 0.719	935.000, 0.715
936.000, 0.727	936.000, 0.725	936.000, 0.722	936.000, 0.720	936.000, 0.713
937.000, 0.731	937.000, 0.721	937.000, 0.720	937.000, 0.713	937.000, 0.719
938.000, 0.729	938.000, 0.717	938.000, 0.720	938.000, 0.707	938.000, 0.723
939.000, 0.721	939.000, 0.718	939.000, 0.721	939.000, 0.710	939.000, 0.719
940.000, 0.718	940.000, 0.721	940.000, 0.721	940.000, 0.716	940.000, 0.717
941.000, 0.716	941.000, 0.722	941.000, 0.719	941.000, 0.719	941.000, 0.717
942.000, 0.713	942.000, 0.717	942.000, 0.715	942.000, 0.716	942.000, 0.717
943.000, 0.717	943.000, 0.720	943.000, 0.715	943.000, 0.715	943.000, 0.716
944.000, 0.726	944.000, 0.729	944.000, 0.720	944.000, 0.719	944.000, 0.717
945.000, 0.723	945.000, 0.728	945.000, 0.728	945.000, 0.722	945.000, 0.724
946.000, 0.723	946.000, 0.728	946.000, 0.735	946.000, 0.727	946.000, 0.729
947.000, 0.732	947.000, 0.734	947.000, 0.736	947.000, 0.733	947.000, 0.730
948.000, 0.732	948.000, 0.733	948.000, 0.734	948.000, 0.729	948.000, 0.730
949.000, 0.730	949.000, 0.730	949.000, 0.733	949.000, 0.722	949.000, 0.730
950.000, 0.730	950.000, 0.726	950.000, 0.734	950.000, 0.723	950.000, 0.729
951.000, 0.722	951.000, 0.722	951.000, 0.724	951.000, 0.722	951.000, 0.723
952.000, 0.713	952.000, 0.721	952.000, 0.715	952.000, 0.722	952.000, 0.719
953.000, 0.724	953.000, 0.735	953.000, 0.729	953.000, 0.726	953.000, 0.727
954.000, 0.731	954.000, 0.738	954.000, 0.736	954.000, 0.725	954.000, 0.732
955.000, 0.729	955.000, 0.728	955.000, 0.730	955.000, 0.719	955.000, 0.727
956.000, 0.729	956.000, 0.723	956.000, 0.722	956.000, 0.717	956.000, 0.720
957.000, 0.727	957.000, 0.720	957.000, 0.717	957.000, 0.717	957.000, 0.716
958.000, 0.723	958.000, 0.720	958.000, 0.719	958.000, 0.717	958.000, 0.720
959.000, 0.727	959.000, 0.723	959.000, 0.725	959.000, 0.723	959.000, 0.723
960.000, 0.730	960.000, 0.724	960.000, 0.730	960.000, 0.727	960.000, 0.723
961.000, 0.719	961.000, 0.719	961.000, 0.724	961.000, 0.721	961.000, 0.719
962.000, 0.718	962.000, 0.720	962.000, 0.723	962.000, 0.721	962.000, 0.719
963.000, 0.724	963.000, 0.727	963.000, 0.726	963.000, 0.725	963.000, 0.722
964.000, 0.724	964.000, 0.730	964.000, 0.726	964.000, 0.721	964.000, 0.725
965.000, 0.725	965.000, 0.731	965.000, 0.727	965.000, 0.723	965.000, 0.729
966.000, 0.728	966.000, 0.730	966.000, 0.728	966.000, 0.731	966.000, 0.732
967.000, 0.725	967.000, 0.730	967.000, 0.730	967.000, 0.727	967.000, 0.725
968.000, 0.724	968.000, 0.730	968.000, 0.730	968.000, 0.722	968.000, 0.720
969.000, 0.729	969.000, 0.729	969.000, 0.726	969.000, 0.726	969.000, 0.726
970.000, 0.734	970.000, 0.729	970.000, 0.731	970.000, 0.725	970.000, 0.731
971.000, 0.738	971.000, 0.731	971.000, 0.739	971.000, 0.722	971.000, 0.733
972.000, 0.733	972.000, 0.730	972.000, 0.738	972.000, 0.724	972.000, 0.731
973.000, 0.734	973.000, 0.730	973.000, 0.735	973.000, 0.725	973.000, 0.728
974.000, 0.739	974.000, 0.730	974.000, 0.733	974.000, 0.723	974.000, 0.724
975.000, 0.731	975.000, 0.728	975.000, 0.730	975.000, 0.724	975.000, 0.721
976.000, 0.725	976.000, 0.726	976.000, 0.725	976.000, 0.725	976.000, 0.723
977.000, 0.729	977.000, 0.729	977.000, 0.722	977.000, 0.727	977.000, 0.730
978.000, 0.727	978.000, 0.727	978.000, 0.721	978.000, 0.727	978.000, 0.728
979.000, 0.725	979.000, 0.725	979.000, 0.724	979.000, 0.728	979.000, 0.724
980.000, 0.732	980.000, 0.730	980.000, 0.731	980.000, 0.734	980.000, 0.726
981.000, 0.733	981.000, 0.732	981.000, 0.729	981.000, 0.729	981.000, 0.726
982.000, 0.729	982.000, 0.730	982.000, 0.720	982.000, 0.718	982.000, 0.723
983.000, 0.725	983.000, 0.728	983.000, 0.720	983.000, 0.722	983.000, 0.722
984.000, 0.724	984.000, 0.724	984.000, 0.725	984.000, 0.725	984.000, 0.723
985.000, 0.726	985.000, 0.719	985.000, 0.733	985.000, 0.723	985.000, 0.727
986.000, 0.729	986.000, 0.720	986.000, 0.732	986.000, 0.727	986.000, 0.725
987.000, 0.729	987.000, 0.724	987.000, 0.729	987.000, 0.729	987.000, 0.723
988.000, 0.724	988.000, 0.724	988.000, 0.730	988.000, 0.723	988.000, 0.727
989.000, 0.721	989.000, 0.725	989.000, 0.727	989.000, 0.722	989.000, 0.726
990.000, 0.723	990.000, 0.727	990.000, 0.724	990.000, 0.724	990.000, 0.724
991.000, 0.730	991.000, 0.731	991.000, 0.725	991.000, 0.724	991.000, 0.727
992.000, 0.731	992.000, 0.727	992.000, 0.728	992.000, 0.726	992.000, 0.726
993.000, 0.724	993.000, 0.718	993.000, 0.731	993.000, 0.730	993.000, 0.724
994.000, 0.726	994.000, 0.723	994.000, 0.732	994.000, 0.723	994.000, 0.730
995.000, 0.726	995.000, 0.726	995.000, 0.728	995.000, 0.720	995.000, 0.732
996.000, 0.721	996.000, 0.721	996.000, 0.720	996.000, 0.724	996.000, 0.722
997.000, 0.726	997.000, 0.720	997.000, 0.726	997.000, 0.724	997.000, 0.722
998.000, 0.732	998.000, 0.721	998.000, 0.734	998.000, 0.722	998.000, 0.728
999.000, 0.729	999.000, 0.723	999.000, 0.726	999.000, 0.724	999.000, 0.733
1000.000, 0.729	1000.000, 0.729	1000.000, 0.727	1000.000, 0.727	1000.000, 0.732
1001.000, 0.732	1001.000, 0.736	1001.000, 0.736	1001.000, 0.728	1001.000, 0.727
1002.000, 0.730	1002.000, 0.729	1002.000, 0.732	1002.000, 0.725	1002.000, 0.720
1003.000, 0.728	1003.000, 0.730	1003.000, 0.732	1003.000, 0.725	1003.000, 0.720
1004.000, 0.729	1004.000, 0.739	1004.000, 0.739	1004.000, 0.729	1004.000, 0.729
1005.000, 0.727	1005.000, 0.730	1005.000, 0.732	1005.000, 0.726	1005.000, 0.724
1006.000, 0.727	1006.000, 0.723	1006.000, 0.724	1006.000, 0.724	1006.000, 0.724
1007.000, 0.733	1007.000, 0.732	1007.000, 0.725	1007.000, 0.725	1007.000, 0.743
1008.000, 0.734	1008.000, 0.734	1008.000, 0.726	1008.000, 0.724	1008.000, 0.739
1009.000, 0.730	1009.000, 0.729	1009.000, 0.726	1009.000, 0.719	1009.000, 0.722
1010.000, 0.721	1010.000, 0.729	1010.000, 0.726	1010.000, 0.712	1010.000, 0.721
1011.000, 0.718	1011.000, 0.730	1011.000, 0.729	1011.000, 0.712	1011.000, 0.724
1012.000, 0.722	1012.000, 0.730	1012.000, 0.731	1012.000, 0.719	1012.000, 0.728
1013.000, 0.717	1013.000, 0.730	1013.000, 0.723	1013.000, 0.720	1013.000, 0.727
1014.000, 0.716	1014.000, 0.728	1014.000, 0.721	1014.000, 0.721	1014.000, 0.724
1015.000, 0.725	1015.000, 0.724	1015.000, 0.729	1015.000, 0.724	1015.000, 0.719
1016.000, 0.733	1016.000, 0.729	1016.000, 0.738	1016.000, 0.730	1016.000, 0.722
1017.000, 0.738	1017.000, 0.735	1017.000, 0.740	1017.000, 0.737	1017.000, 0.732
1018.000, 0.741	1018.000, 0.736	1018.000, 0.724	1018.000, 0.744	1018.000, 0.744
1019.000, 0.746	1019.000, 0.742	1019.000, 0.729	1019.000, 0.742	1019.000, 0.746
1020.000, 0.748	1020.000, 0.747	1020.000, 0.746	1020.000, 0.734	1020.000, 0.739
1021.000, 0.730	1021.000, 0.737	1021.000, 0.735	1021.000, 0.729	1021.000, 0.735
1022.000, 0.729	1022.000, 0.732	1022.000, 0.733	1022.000, 0.733	1022.000, 0.731
1023.000, 0.746	1023.000, 0.736	1023.000, 0.745	1023.000, 0.745	1023.000, 0.729
1024.000, 0.731	1024.000, 0.725	1024.000, 0.736	1024.000, 0.738	1024.000, 0.734
1025.000, 0.715	1025.000, 0.715	1025.000, 0.725	1025.000, 0.722	1025.000, 0.732
1026.000, 0.723	1026.000, 0.717	1026.000, 0.728	1026.000, 0.708	1026.000, 0.714
1027.000, 0.724	1027.000, 0.720	1027.000, 0.717	1027.000, 0.708	1027.000, 0.714
1028.000, 0.724	1028.000, 0.730	1028.000, 0.709	1028.000, 0.720	1028.000, 0.726
1029.000, 0.737	1029.000, 0.760	1029.000, 0.736	1029.000, 0.742	1029.000, 0.738
1030.000, 0.745	1030.000, 0.759	1030.000, 0.748	1030.000, 0.742	1030.000, 0.745
1031.000, 0.741	1031.000, 0.730	1031.000, 0.739	1031.000, 0.722	1031.000, 0.742
1032.000, 0.732	1032.000, 0.741	1032.000, 0.736	1032.000, 0.726	1032.000, 0.737
1033.000, 0.721	1033.000, 0.746	1033.000, 0.735	1033.000, 0.730	1033.000, 0.726
1034.000, 0.714	1034.000, 0.729	1034.000, 0.732	1034.000, 0.727	1034.000, 0.713
1035.000, 0.733	1035.000, 0.729	1035.000, 0.749	1035.000, 0.724	1035.000, 0.730
1036.000, 0.749	1036.000, 0.733	1036.000, 0.756	1036.000, 0.725	1036.000, 0.746
1037.000, 0.734	1037.000, 0.723	1037.000, 0.723	1037.000, 0.733	1037.000, 0.723
1038.000, 0.738	1038.000, 0.727	1038.000, 0.714	1038.000, 0.735	1038.000, 0.725
1039.000, 0.756	1039.000, 0.740	1039.000, 0.726	1039.000, 0.734	1039.000, 0.743
1040.000, 0.754	1040.000, 0.735	1040.000, 0.723	1040.000, 0.742	1040.000, 0.722
1041.000, 0.746	1041.000, 0.731	1041.000, 0.727	1041.000, 0.737	1041.000, 0.722
1042.000, 0.738	1042.000, 0.738	1042.000, 0.741	1042.000, 0.722	1042.000, 0.750
1043.000, 0.735	1043.000, 0.763	1043.000, 0.743	1043.000, 0.742	1043.000, 0.743
1044.000, 0.739	1044.000, 0.774	1044.000, 0.738	1044.000, 0.763	1044.000, 0.732
1045.000, 0.746	1045.000, 0.745	1045.000, 0.729	1045.000, 0.753	1045.000, 0.740
1046.000, 0.738	1046.000, 0.725	1046.000, 0.720	1046.000, 0.730	1046.000, 0.732
1047.000, 0.725	1047.000, 0.716	1047.000, 0.723	1047.000, 0.711	1047.000, 0.722
1048.000, 0.721	1048.000, 0.714	1048.000, 0.752	1048.000, 0.718	1048.000, 0.736
1049.000, 0.738	1049.000, 0.732	1049.000, 0.778	1049.000, 0.739	1049.000, 0.751
1050.000, 0.765	1050.000, 0.755	1050.000, 0.782	1050.000, 0.752	1050.000, 0.755
1051.000, 0.748	1051.000, 0.711	1051.000, 0.730	1051.000, 0.697	1051.000, 0.734
1052.000, 0.746	1052.000, 0.697	1052.000, 0.709	1052.000, 0.680	1052.000, 0.729
1053.000, 0.774	1053.000, 0.745	1053.000, 0.740	1053.000, 0.727	1053.000, 0.747
1054.000, 0.746	1054.000, 0.760	1054.000, 0.717	1054.000, 0.712	1054.000, 0.725
1055.000, 0.723	1055.000, 0.755	1055.000, 0.694	1055.000, 0.689	1055.000, 0.701
1056.000, 0.770	1056.000, 0.756	1056.000, 0.733	1056.000, 0.721	1056.000, 0.719
1057.000, 0.764	1057.000, 0.730	1057.000, 0.726	1057.000, 0.703	1057.000, 0.704
1058.000, 0.721	1058.000, 0.700	1058.000, 0.694	1058.000, 0.666	1058.000, 0.680
1059.000, 0.730	1059.000, 0.729	1059.000, 0.732	1059.000, 0.728	1059.000, 0.732
1060.000, 0.728	1060.000, 0.743	1060.000, 0.732	1060.000, 0.761	1060.000, 0.751
1061.000, 0.713	1061.000, 0.731	1061.000, 0.687	1061.000, 0.736	1061.000, 0.724
1062.000, 0.765	1062.000, 0.753	1062.000, 0.728	1062.000, 0.716	1062.000, 0.740
1063.000, 0.809	1063.000, 0.784	1063.000, 0.784	1063.000, 0.730	1063.000, 0.792
1064.000, 0.783	1064.000, 0.795	1064.000, 0.790	1064.000, 0.781	1064.000, 0.846
1065.000, 0.741	1065.000, 0.761	1065.000, 0.765	1065.000, 0.714	1065.000, 0.768
1066.000, 0.711	1066.000, 0.721	1066.000, 0.747	1066.000, 0.621	1066.000, 0.658
1067.000, 0.734	1067.000, 0.748	1067.000, 0.802	1067.000, 0.682	1067.000, 0.698
1068.000, 0.752	1068.000, 0.742	1068.000, 0.799	1068.000, 0.720	1068.000, 0.732
1069.000, 0.750	1069.000, 0.704	1069.000, 0.738	1069.000, 0.703	1069.000, 0.727
1070.000, 0.748	1070.000, 0.737	1070.000, 0.751	1070.000, 0.715	1070.000, 0.728
1071.000, 0.756	1071.000, 0.746	1071.000, 0.763	1071.000, 0.730	1071.000, 0.739
1072.000, 0.773	1072.000, 0.704	1072.000, 0.749	1072.000, 0.740	1072.000, 0.747
1073.000, 0.752	1073.000, 0.712	1073.000, 0.753	1073.000, 0.731	1073.000, 0.650
1074.000, 0.739	1074.000, 0.751	1074.000, 0.764	1074.000, 0.726	1074.000, 0.617
1075.000, 0.777	1075.000, 0.795	1075.000, 0.769	1075.000, 0.747	1075.000, 0.783
