325.000, 0.250	325.000, 0.255	325.000, 0.254	325.000, 0.247	325.000, 0.267
326.000, 0.255	326.000, 0.260	326.000, 0.256	326.000, 0.254	326.000, 0.269
327.000, 0.263	327.000, 0.266	327.000, 0.260	327.000, 0.263	327.000, 0.274
328.000, 0.266	328.000, 0.265	328.000, 0.264	328.000, 0.265	328.000, 0.281
329.000, 0.267	329.000, 0.263	329.000, 0.265	329.000, 0.262	329.000, 0.283
330.000, 0.267	330.000, 0.261	330.000, 0.263	330.000, 0.259	330.000, 0.280
331.000, 0.260	331.000, 0.260	331.000, 0.259	331.000, 0.260	331.000, 0.277
332.000, 0.260	332.000, 0.261	332.000, 0.260	332.000, 0.263	332.000, 0.278
333.000, 0.267	333.000, 0.265	333.000, 0.266	333.000, 0.267	333.000, 0.283
334.000, 0.265	334.000, 0.267	334.000, 0.265	334.000, 0.268	334.000, 0.282
335.000, 0.265	335.000, 0.268	335.000, 0.265	335.000, 0.268	335.000, 0.282
336.000, 0.271	336.000, 0.271	336.000, 0.270	336.000, 0.269	336.000, 0.291
337.000, 0.272	337.000, 0.273	337.000, 0.273	337.000, 0.268	337.000, 0.291
338.000, 0.271	338.000, 0.272	338.000, 0.273	338.000, 0.267	338.000, 0.287
339.000, 0.270	339.000, 0.270	339.000, 0.271	339.000, 0.270	339.000, 0.285
340.000, 0.271	340.000, 0.271	340.000, 0.272	340.000, 0.272	340.000, 0.286
341.000, 0.271	341.000, 0.274	341.000, 0.275	341.000, 0.273	341.000, 0.290
342.000, 0.273	342.000, 0.276	342.000, 0.276	342.000, 0.274	342.000, 0.292
343.000, 0.275	343.000, 0.276	343.000, 0.276	343.000, 0.276	343.000, 0.291
344.000, 0.276	344.000, 0.277	344.000, 0.276	344.000, 0.277	344.000, 0.291
345.000, 0.276	345.000, 0.279	345.000, 0.276	345.000, 0.276	345.000, 0.292
346.000, 0.277	346.000, 0.280	346.000, 0.277	346.000, 0.276	346.000, 0.294
347.000, 0.280	347.000, 0.282	347.000, 0.280	347.000, 0.280	347.000, 0.295
348.000, 0.283	348.000, 0.284	348.000, 0.283	348.000, 0.281	348.000, 0.297
349.000, 0.285	349.000, 0.286	349.000, 0.285	349.000, 0.281	349.000, 0.299
350.000, 0.286	350.000, 0.286	350.000, 0.287	350.000, 0.284	350.000, 0.300
351.000, 0.287	351.000, 0.286	351.000, 0.288	351.000, 0.287	351.000, 0.301
352.000, 0.289	352.000, 0.288	352.000, 0.288	352.000, 0.289	352.000, 0.303
353.000, 0.290	353.000, 0.290	353.000, 0.289	353.000, 0.291	353.000, 0.303
354.000, 0.291	354.000, 0.292	354.000, 0.290	354.000, 0.292	354.000, 0.304
355.000, 0.293	355.000, 0.292	355.000, 0.291	355.000, 0.292	355.000, 0.304
356.000, 0.293	356.000, 0.293	356.000, 0.292	356.000, 0.293	356.000, 0.306
357.000, 0.293	357.000, 0.295	357.000, 0.294	357.000, 0.294	357.000, 0.308
358.000, 0.293	358.000, 0.295	358.000, 0.295	358.000, 0.293	358.000, 0.308
359.000, 0.295	359.000, 0.296	359.000, 0.297	359.000, 0.295	359.000, 0.309
360.000, 0.298	360.000, 0.298	360.000, 0.299	360.000, 0.298	360.000, 0.312
361.000, 0.299	361.000, 0.300	361.000, 0.301	361.000, 0.301	361.000, 0.314
362.000, 0.301	362.000, 0.301	362.000, 0.301	362.000, 0.302	362.000, 0.316
363.000, 0.302	363.000, 0.303	363.000, 0.301	363.000, 0.302	363.000, 0.316
364.000, 0.302	364.000, 0.303	364.000, 0.303	364.000, 0.303	364.000, 0.315
365.000, 0.303	365.000, 0.304	365.000, 0.305	365.000, 0.304	365.000, 0.316
366.000, 0.306	366.000, 0.306	366.000, 0.307	366.000, 0.306	366.000, 0.318
367.000, 0.308	367.000, 0.309	367.000, 0.308	367.000, 0.307	367.000, 0.320
368.000, 0.309	368.000, 0.310	368.000, 0.308	368.000, 0.309	368.000, 0.321
369.000, 0.310	369.000, 0.310	369.000, 0.310	369.000, 0.310	369.000, 0.322
370.000, 0.311	370.000, 0.311	370.000, 0.312	370.000, 0.310	370.000, 0.323
371.000, 0.311	371.000, 0.313	371.000, 0.313	371.000, 0.312	371.000, 0.324
372.000, 0.314	372.000, 0.314	372.000, 0.315	372.000, 0.314	372.000, 0.325
373.000, 0.316	373.000, 0.316	373.000, 0.316	373.000, 0.316	373.000, 0.327
374.000, 0.317	374.000, 0.317	374.000, 0.317	374.000, 0.317	374.000, 0.330
375.000, 0.319	375.000, 0.320	375.000, 0.320	375.000, 0.319	375.000, 0.332
376.000, 0.321	376.000, 0.322	376.000, 0.323	376.000, 0.321	376.000, 0.333
377.000, 0.322	377.000, 0.323	377.000, 0.324	377.000, 0.323	377.000, 0.334
378.000, 0.324	378.000, 0.325	378.000, 0.325	378.000, 0.324	378.000, 0.335
379.000, 0.326	379.000, 0.327	379.000, 0.327	379.000, 0.325	379.000, 0.338
380.000, 0.328	380.000, 0.328	380.000, 0.329	380.000, 0.327	380.000, 0.339
381.000, 0.329	381.000, 0.330	381.000, 0.330	381.000, 0.329	381.000, 0.340
382.000, 0.331	382.000, 0.332	382.000, 0.332	382.000, 0.331	382.000, 0.342
383.000, 0.333	383.000, 0.334	383.000, 0.334	383.000, 0.333	383.000, 0.344
384.000, 0.335	384.000, 0.336	384.000, 0.336	384.000, 0.336	384.000, 0.347
385.000, 0.338	385.000, 0.340	385.000, 0.339	385.000, 0.338	385.000, 0.349
386.000, 0.341	386.000, 0.343	386.000, 0.342	386.000, 0.341	386.000, 0.351
387.000, 0.343	387.000, 0.345	387.000, 0.344	387.000, 0.344	387.000, 0.353
388.000, 0.345	388.000, 0.346	388.000, 0.346	388.000, 0.345	388.000, 0.356
389.000, 0.348	389.000, 0.348	389.000, 0.347	389.000, 0.347	389.000, 0.357
390.000, 0.350	390.000, 0.350	390.000, 0.350	390.000, 0.350	390.000, 0.358
391.000, 0.351	391.000, 0.352	391.000, 0.352	391.000, 0.351	391.000, 0.361
392.000, 0.353	392.000, 0.355	392.000, 0.355	392.000, 0.353	392.000, 0.364
393.000, 0.356	393.000, 0.356	393.000, 0.357	393.000, 0.356	393.000, 0.365
394.000, 0.358	394.000, 0.358	394.000, 0.359	394.000, 0.357	394.000, 0.366
395.000, 0.359	395.000, 0.360	395.000, 0.361	395.000, 0.359	395.000, 0.368
396.000, 0.361	396.000, 0.362	396.000, 0.362	396.000, 0.361	396.000, 0.370
397.000, 0.363	397.000, 0.365	397.000, 0.364	397.000, 0.364	397.000, 0.372
398.000, 0.367	398.000, 0.368	398.000, 0.366	398.000, 0.366	398.000, 0.374
399.000, 0.368	399.000, 0.368	399.000, 0.368	399.000, 0.367	399.000, 0.375
400.000, 0.369	400.000, 0.369	400.000, 0.369	400.000, 0.368	400.000, 0.376
401.000, 0.370	401.000, 0.371	401.000, 0.371	401.000, 0.370	401.000, 0.378
402.000, 0.372	402.000, 0.373	402.000, 0.373	402.000, 0.371	402.000, 0.379
403.000, 0.374	403.000, 0.374	403.000, 0.374	403.000, 0.372	403.000, 0.381
404.000, 0.375	404.000, 0.375	404.000, 0.376	404.000, 0.374	404.000, 0.382
405.000, 0.377	405.000, 0.376	405.000, 0.377	405.000, 0.376	405.000, 0.383
406.000, 0.378	406.000, 0.378	406.000, 0.378	406.000, 0.378	406.000, 0.385
407.000, 0.379	407.000, 0.379	407.000, 0.379	407.000, 0.379	407.000, 0.386
408.000, 0.380	408.000, 0.381	408.000, 0.381	408.000, 0.380	408.000, 0.388
409.000, 0.383	409.000, 0.383	409.000, 0.383	409.000, 0.382	409.000, 0.390
410.000, 0.384	410.000, 0.384	410.000, 0.384	410.000, 0.383	410.000, 0.390
411.000, 0.385	411.000, 0.385	411.000, 0.385	411.000, 0.384	411.000, 0.392
412.000, 0.387	412.000, 0.387	412.000, 0.387	412.000, 0.386	412.000, 0.393
413.000, 0.388	413.000, 0.389	413.000, 0.388	413.000, 0.387	413.000, 0.394
414.000, 0.389	414.000, 0.390	414.000, 0.390	414.000, 0.389	414.000, 0.395
415.000, 0.391	415.000, 0.391	415.000, 0.391	415.000, 0.390	415.000, 0.397
416.000, 0.392	416.000, 0.393	416.000, 0.392	416.000, 0.392	416.000, 0.398
417.000, 0.394	417.000, 0.395	417.000, 0.394	417.000, 0.393	417.000, 0.399
418.000, 0.396	418.000, 0.396	418.000, 0.396	418.000, 0.395	418.000, 0.401
419.000, 0.397	419.000, 0.397	419.000, 0.397	419.000, 0.396	419.000, 0.402
420.000, 0.398	420.000, 0.398	420.000, 0.398	420.000, 0.397	420.000, 0.403
421.000, 0.399	421.000, 0.400	421.000, 0.400	421.000, 0.399	421.000, 0.405
422.000, 0.401	422.000, 0.402	422.000, 0.401	422.000, 0.400	422.000, 0.406
423.000, 0.403	423.000, 0.403	423.000, 0.403	423.000, 0.402	423.000, 0.408
424.000, 0.404	424.000, 0.405	424.000, 0.405	424.000, 0.403	424.000, 0.409
425.000, 0.406	425.000, 0.406	425.000, 0.406	425.000, 0.405	425.000, 0.410
426.000, 0.407	426.000, 0.408	426.000, 0.408	426.000, 0.406	426.000, 0.412
427.000, 0.409	427.000, 0.410	427.000, 0.409	427.000, 0.408	427.000, 0.413
428.000, 0.410	428.000, 0.411	428.000, 0.411	428.000, 0.410	428.000, 0.415
429.000, 0.412	429.000, 0.413	429.000, 0.413	429.000, 0.411	429.000, 0.416
430.000, 0.414	430.000, 0.414	430.000, 0.414	430.000, 0.413	430.000, 0.418
431.000, 0.415	431.000, 0.416	431.000, 0.416	431.000, 0.414	431.000, 0.420
432.000, 0.417	432.000, 0.418	432.000, 0.418	432.000, 0.416	432.000, 0.421
433.000, 0.419	433.000, 0.420	433.000, 0.420	433.000, 0.418	433.000, 0.422
434.000, 0.421	434.000, 0.422	434.000, 0.421	434.000, 0.420	434.000, 0.424
435.000, 0.423	435.000, 0.423	435.000, 0.423	435.000, 0.422	435.000, 0.426
436.000, 0.424	436.000, 0.425	436.000, 0.425	436.000, 0.423	436.000, 0.427
437.000, 0.426	437.000, 0.426	437.000, 0.426	437.000, 0.425	437.000, 0.429
438.000, 0.428	438.000, 0.428	438.000, 0.428	438.000, 0.427	438.000, 0.430
439.000, 0.429	439.000, 0.430	439.000, 0.430	439.000, 0.428	439.000, 0.432
440.000, 0.431	440.000, 0.431	440.000, 0.431	440.000, 0.430	440.000, 0.433
441.000, 0.433	441.000, 0.433	441.000, 0.433	441.000, 0.431	441.000, 0.435
442.000, 0.434	442.000, 0.435	442.000, 0.435	442.000, 0.433	442.000, 0.436
443.000, 0.436	443.000, 0.436	443.000, 0.436	443.000, 0.435	443.000, 0.438
444.000, 0.438	444.000, 0.438	444.000, 0.438	444.000, 0.436	444.000, 0.439
445.000, 0.439	445.000, 0.439	445.000, 0.439	445.000, 0.437	445.000, 0.440
446.000, 0.441	446.000, 0.441	446.000, 0.441	446.000, 0.439	446.000, 0.442
447.000, 0.442	447.000, 0.442	447.000, 0.442	447.000, 0.441	447.000, 0.443
448.000, 0.443	448.000, 0.443	448.000, 0.444	448.000, 0.442	448.000, 0.444
449.000, 0.445	449.000, 0.445	449.000, 0.445	449.000, 0.443	449.000, 0.445
450.000, 0.446	450.000, 0.447	450.000, 0.447	450.000, 0.445	450.000, 0.447
451.000, 0.447	451.000, 0.448	451.000, 0.448	451.000, 0.446	451.000, 0.448
452.000, 0.448	452.000, 0.449	452.000, 0.449	452.000, 0.447	452.000, 0.449
453.000, 0.450	453.000, 0.450	453.000, 0.450	453.000, 0.448	453.000, 0.450
454.000, 0.451	454.000, 0.451	454.000, 0.451	454.000, 0.449	454.000, 0.451
455.000, 0.452	455.000, 0.452	455.000, 0.452	455.000, 0.450	455.000, 0.452
456.000, 0.453	456.000, 0.453	456.000, 0.453	456.000, 0.451	456.000, 0.453
457.000, 0.454	457.000, 0.455	457.000, 0.455	457.000, 0.452	457.000, 0.454
458.000, 0.455	458.000, 0.456	458.000, 0.456	458.000, 0.453	458.000, 0.455
459.000, 0.456	459.000, 0.457	459.000, 0.457	459.000, 0.454	459.000, 0.455
460.000, 0.457	460.000, 0.457	460.000, 0.457	460.000, 0.455	460.000, 0.456
461.000, 0.458	461.000, 0.458	461.000, 0.458	461.000, 0.456	461.000, 0.457
462.000, 0.458	462.000, 0.459	462.000, 0.459	462.000, 0.457	462.000, 0.458
463.000, 0.459	463.000, 0.460	463.000, 0.460	463.000, 0.458	463.000, 0.458
464.000, 0.460	464.000, 0.460	464.000, 0.461	464.000, 0.458	464.000, 0.459
465.000, 0.461	465.000, 0.461	465.000, 0.462	465.000, 0.459	465.000, 0.459
466.000, 0.462	466.000, 0.462	466.000, 0.462	466.000, 0.460	466.000, 0.460
467.000, 0.463	467.000, 0.463	467.000, 0.463	467.000, 0.461	467.000, 0.461
468.000, 0.463	468.000, 0.464	468.000, 0.464	468.000, 0.461	468.000, 0.462
469.000, 0.464	469.000, 0.464	469.000, 0.464	469.000, 0.462	469.000, 0.462
470.000, 0.465	470.000, 0.465	470.000, 0.465	470.000, 0.463	470.000, 0.463
471.000, 0.466	471.000, 0.466	471.000, 0.467	471.000, 0.464	471.000, 0.464
472.000, 0.466	472.000, 0.467	472.000, 0.467	472.000, 0.465	472.000, 0.464
473.000, 0.467	473.000, 0.468	473.000, 0.467	473.000, 0.465	473.000, 0.465
474.000, 0.468	474.000, 0.468	474.000, 0.468	474.000, 0.466	474.000, 0.466
475.000, 0.469	475.000, 0.469	475.000, 0.469	475.000, 0.467	475.000, 0.466
476.000, 0.470	476.000, 0.470	476.000, 0.470	476.000, 0.468	476.000, 0.467
477.000, 0.470	477.000, 0.471	477.000, 0.471	477.000, 0.468	477.000, 0.468
478.000, 0.471	478.000, 0.472	478.000, 0.472	478.000, 0.469	478.000, 0.469
479.000, 0.472	479.000, 0.473	479.000, 0.473	479.000, 0.470	479.000, 0.469
480.000, 0.473	480.000, 0.474	480.000, 0.473	480.000, 0.471	480.000, 0.470
481.000, 0.474	481.000, 0.474	481.000, 0.474	481.000, 0.472	481.000, 0.471
482.000, 0.475	482.000, 0.475	482.000, 0.475	482.000, 0.473	482.000, 0.472
483.000, 0.476	483.000, 0.476	483.000, 0.476	483.000, 0.474	483.000, 0.472
484.000, 0.477	484.000, 0.477	484.000, 0.477	484.000, 0.475	484.000, 0.473
485.000, 0.478	485.000, 0.478	485.000, 0.478	485.000, 0.476	485.000, 0.474
486.000, 0.479	486.000, 0.479	486.000, 0.479	486.000, 0.477	486.000, 0.475
487.000, 0.480	487.000, 0.480	487.000, 0.480	487.000, 0.478	487.000, 0.476
488.000, 0.481	488.000, 0.482	488.000, 0.482	488.000, 0.479	488.000, 0.477
489.000, 0.482	489.000, 0.483	489.000, 0.483	489.000, 0.480	489.000, 0.478
490.000, 0.483	490.000, 0.484	490.000, 0.484	490.000, 0.481	490.000, 0.479
491.000, 0.484	491.000, 0.485	491.000, 0.485	491.000, 0.482	491.000, 0.480
492.000, 0.485	492.000, 0.486	492.000, 0.486	492.000, 0.483	492.000, 0.481
493.000, 0.487	493.000, 0.487	493.000, 0.487	493.000, 0.485	493.000, 0.482
494.000, 0.488	494.000, 0.488	494.000, 0.488	494.000, 0.486	494.000, 0.484
495.000, 0.489	495.000, 0.490	495.000, 0.490	495.000, 0.487	495.000, 0.485
496.000, 0.490	496.000, 0.491	496.000, 0.491	496.000, 0.488	496.000, 0.486
497.000, 0.491	497.000, 0.492	497.000, 0.492	497.000, 0.489	497.000, 0.486
498.000, 0.492	498.000, 0.493	498.000, 0.493	498.000, 0.490	498.000, 0.487
499.000, 0.494	499.000, 0.494	499.000, 0.494	499.000, 0.492	499.000, 0.489
500.000, 0.495	500.000, 0.496	500.000, 0.496	500.000, 0.493	500.000, 0.490
501.000, 0.496	501.000, 0.497	501.000, 0.497	501.000, 0.494	501.000, 0.491
502.000, 0.498	502.000, 0.498	502.000, 0.498	502.000, 0.495	502.000, 0.492
503.000, 0.499	503.000, 0.499	503.000, 0.500	503.000, 0.497	503.000, 0.493
504.000, 0.500	504.000, 0.501	504.000, 0.501	504.000, 0.498	504.000, 0.495
505.000, 0.502	505.000, 0.502	505.000, 0.502	505.000, 0.499	505.000, 0.496
506.000, 0.503	506.000, 0.503	506.000, 0.503	506.000, 0.501	506.000, 0.497
507.000, 0.504	507.000, 0.505	507.000, 0.505	507.000, 0.502	507.000, 0.498
508.000, 0.506	508.000, 0.506	508.000, 0.506	508.000, 0.503	508.000, 0.500
509.000, 0.507	509.000, 0.508	509.000, 0.508	509.000, 0.505	509.000, 0.501
510.000, 0.508	510.000, 0.509	510.000, 0.509	510.000, 0.506	510.000, 0.502
511.000, 0.510	511.000, 0.510	511.000, 0.510	511.000, 0.507	511.000, 0.503
512.000, 0.511	512.000, 0.511	512.000, 0.511	512.000, 0.509	512.000, 0.504
513.000, 0.512	513.000, 0.513	513.000, 0.513	513.000, 0.510	513.000, 0.506
514.000, 0.514	514.000, 0.514	514.000, 0.514	514.000, 0.511	514.000, 0.507
515.000, 0.515	515.000, 0.515	515.000, 0.515	515.000, 0.512	515.000, 0.508
516.000, 0.516	516.000, 0.517	516.000, 0.517	516.000, 0.514	516.000, 0.509
517.000, 0.518	517.000, 0.518	517.000, 0.518	517.000, 0.515	517.000, 0.510
518.000, 0.519	518.000, 0.520	518.000, 0.520	518.000, 0.517	518.000, 0.512
519.000, 0.521	519.000, 0.521	519.000, 0.521	519.000, 0.518	519.000, 0.513
520.000, 0.522	520.000, 0.523	520.000, 0.523	520.000, 0.520	520.000, 0.515
521.000, 0.524	521.000, 0.524	521.000, 0.524	521.000, 0.521	521.000, 0.516
522.000, 0.525	522.000, 0.526	522.000, 0.526	522.000, 0.522	522.000, 0.517
523.000, 0.526	523.000, 0.527	523.000, 0.527	523.000, 0.524	523.000, 0.518
524.000, 0.528	524.000, 0.528	524.000, 0.528	524.000, 0.525	524.000, 0.519
525.000, 0.529	525.000, 0.529	525.000, 0.529	525.000, 0.526	525.000, 0.520
526.000, 0.530	526.000, 0.531	526.000, 0.531	526.000, 0.527	526.000, 0.521
527.000, 0.532	527.000, 0.532	527.000, 0.532	527.000, 0.529	527.000, 0.523
528.000, 0.533	528.000, 0.534	528.000, 0.534	528.000, 0.530	528.000, 0.524
529.000, 0.535	529.000, 0.535	529.000, 0.535	529.000, 0.532	529.000, 0.526
530.000, 0.536	530.000, 0.536	530.000, 0.536	530.000, 0.533	530.000, 0.527
531.000, 0.537	531.000, 0.538	531.000, 0.538	531.000, 0.534	531.000, 0.528
532.000, 0.539	532.000, 0.539	532.000, 0.539	532.000, 0.536	532.000, 0.529
533.000, 0.540	533.000, 0.541	533.000, 0.541	533.000, 0.537	533.000, 0.531
534.000, 0.542	534.000, 0.542	534.000, 0.542	534.000, 0.539	534.000, 0.532
535.000, 0.543	535.000, 0.543	535.000, 0.543	535.000, 0.540	535.000, 0.533
536.000, 0.544	536.000, 0.544	536.000, 0.544	536.000, 0.541	536.000, 0.534
537.000, 0.545	537.000, 0.546	537.000, 0.546	537.000, 0.542	537.000, 0.535
538.000, 0.547	538.000, 0.547	538.000, 0.547	538.000, 0.544	538.000, 0.537
539.000, 0.548	539.000, 0.548	539.000, 0.548	539.000, 0.545	539.000, 0.538
540.000, 0.549	540.000, 0.549	540.000, 0.550	540.000, 0.546	540.000, 0.539
541.000, 0.550	541.000, 0.551	541.000, 0.551	541.000, 0.547	541.000, 0.540
542.000, 0.552	542.000, 0.552	542.000, 0.552	542.000, 0.548	542.000, 0.541
543.000, 0.553	543.000, 0.553	543.000, 0.554	543.000, 0.550	543.000, 0.542
544.000, 0.554	544.000, 0.555	544.000, 0.555	544.000, 0.551	544.000, 0.544
545.000, 0.556	545.000, 0.556	545.000, 0.556	545.000, 0.553	545.000, 0.545
546.000, 0.557	546.000, 0.557	546.000, 0.558	546.000, 0.554	546.000, 0.546
547.000, 0.558	547.000, 0.559	547.000, 0.559	547.000, 0.555	547.000, 0.547
548.000, 0.560	548.000, 0.560	548.000, 0.560	548.000, 0.556	548.000, 0.548
549.000, 0.561	549.000, 0.561	549.000, 0.561	549.000, 0.558	549.000, 0.549
550.000, 0.562	550.000, 0.562	550.000, 0.562	550.000, 0.559	550.000, 0.550
551.000, 0.563	551.000, 0.564	551.000, 0.564	551.000, 0.560	551.000, 0.551
552.000, 0.564	552.000, 0.565	552.000, 0.565	552.000, 0.561	552.000, 0.552
553.000, 0.566	553.000, 0.566	553.000, 0.566	553.000, 0.562	553.000, 0.553
554.000, 0.567	554.000, 0.567	554.000, 0.567	554.000, 0.563	554.000, 0.555
555.000, 0.568	555.000, 0.568	555.000, 0.569	555.000, 0.565	555.000, 0.556
556.000, 0.569	556.000, 0.570	556.000, 0.570	556.000, 0.566	556.000, 0.557
557.000, 0.570	557.000, 0.571	557.000, 0.571	557.000, 0.567	557.000, 0.557
558.000, 0.571	558.000, 0.572	558.000, 0.572	558.000, 0.568	558.000, 0.558
559.000, 0.573	559.000, 0.573	559.000, 0.573	559.000, 0.569	559.000, 0.559
560.000, 0.574	560.000, 0.574	560.000, 0.574	560.000, 0.570	560.000, 0.561
561.000, 0.575	561.000, 0.575	561.000, 0.576	561.000, 0.571	561.000, 0.562
562.000, 0.576	562.000, 0.576	562.000, 0.577	562.000, 0.572	562.000, 0.562
563.000, 0.577	563.000, 0.577	563.000, 0.578	563.000, 0.573	563.000, 0.563
564.000, 0.578	564.000, 0.578	564.000, 0.579	564.000, 0.574	564.000, 0.564
565.000, 0.579	565.000, 0.579	565.000, 0.579	565.000, 0.575	565.000, 0.565
566.000, 0.580	566.000, 0.580	566.000, 0.580	566.000, 0.576	566.000, 0.566
567.000, 0.581	567.000, 0.581	567.000, 0.581	567.000, 0.577	567.000, 0.567
568.000, 0.582	568.000, 0.582	568.000, 0.582	568.000, 0.578	568.000, 0.568
569.000, 0.583	569.000, 0.583	569.000, 0.584	569.000, 0.579	569.000, 0.569
570.000, 0.584	570.000, 0.584	570.000, 0.584	570.000, 0.580	570.000, 0.569
571.000, 0.585	571.000, 0.585	571.000, 0.585	571.000, 0.581	571.000, 0.570
572.000, 0.586	572.000, 0.586	572.000, 0.586	572.000, 0.582	572.000, 0.571
573.000, 0.587	573.000, 0.587	573.000, 0.587	573.000, 0.583	573.000, 0.572
574.000, 0.587	574.000, 0.588	574.000, 0.588	574.000, 0.584	574.000, 0.573
575.000, 0.588	575.000, 0.589	575.000, 0.589	575.000, 0.585	575.000, 0.574
576.000, 0.589	576.000, 0.589	576.000, 0.590	576.000, 0.586	576.000, 0.574
577.000, 0.590	577.000, 0.591	577.000, 0.591	577.000, 0.586	577.000, 0.575
578.000, 0.591	578.000, 0.592	578.000, 0.592	578.000, 0.588	578.000, 0.576
579.000, 0.592	579.000, 0.592	579.000, 0.593	579.000, 0.588	579.000, 0.577
580.000, 0.593	580.000, 0.593	580.000, 0.593	580.000, 0.589	580.000, 0.578
581.000, 0.594	581.000, 0.594	581.000, 0.594	581.000, 0.589	581.000, 0.578
582.000, 0.594	582.000, 0.594	582.000, 0.595	582.000, 0.590	582.000, 0.579
583.000, 0.595	583.000, 0.595	583.000, 0.595	583.000, 0.591	583.000, 0.579
584.000, 0.596	584.000, 0.596	584.000, 0.596	584.000, 0.592	584.000, 0.580
585.000, 0.596	585.000, 0.597	585.000, 0.597	585.000, 0.592	585.000, 0.580
586.000, 0.596	586.000, 0.597	586.000, 0.597	586.000, 0.593	586.000, 0.581
587.000, 0.597	587.000, 0.598	587.000, 0.598	587.000, 0.594	587.000, 0.581
588.000, 0.598	588.000, 0.599	588.000, 0.599	588.000, 0.595	588.000, 0.582
589.000, 0.599	589.000, 0.599	589.000, 0.599	589.000, 0.595	589.000, 0.582
590.000, 0.599	590.000, 0.600	590.000, 0.600	590.000, 0.596	590.000, 0.583
591.000, 0.600	591.000, 0.601	591.000, 0.601	591.000, 0.596	591.000, 0.584
592.000, 0.600	592.000, 0.601	592.000, 0.601	592.000, 0.597	592.000, 0.584
593.000, 0.601	593.000, 0.601	593.000, 0.602	593.000, 0.597	593.000, 0.584
594.000, 0.602	594.000, 0.602	594.000, 0.602	594.000, 0.598	594.000, 0.585
595.000, 0.602	595.000, 0.603	595.000, 0.602	595.000, 0.598	595.000, 0.585
596.000, 0.603	596.000, 0.603	596.000, 0.603	596.000, 0.599	596.000, 0.586
597.000, 0.603	597.000, 0.604	597.000, 0.604	597.000, 0.599	597.000, 0.586
598.000, 0.604	598.000, 0.604	598.000, 0.604	598.000, 0.600	598.000, 0.587
599.000, 0.604	599.000, 0.605	599.000, 0.605	599.000, 0.600	599.000, 0.587
600.000, 0.604	600.000, 0.605	600.000, 0.605	600.000, 0.600	600.000, 0.587
601.000, 0.605	601.000, 0.605	601.000, 0.606	601.000, 0.601	601.000, 0.588
602.000, 0.606	602.000, 0.606	602.000, 0.606	602.000, 0.602	602.000, 0.588
603.000, 0.607	603.000, 0.607	603.000, 0.607	603.000, 0.602	603.000, 0.589
604.000, 0.607	604.000, 0.607	604.000, 0.607	604.000, 0.603	604.000, 0.589
605.000, 0.607	605.000, 0.608	605.000, 0.608	605.000, 0.603	605.000, 0.590
606.000, 0.608	606.000, 0.608	606.000, 0.609	606.000, 0.604	606.000, 0.590
607.000, 0.609	607.000, 0.609	607.000, 0.609	607.000, 0.605	607.000, 0.591
608.000, 0.610	608.000, 0.609	608.000, 0.610	608.000, 0.605	608.000, 0.591
609.000, 0.610	609.000, 0.610	609.000, 0.610	609.000, 0.606	609.000, 0.592
610.000, 0.610	610.000, 0.611	610.000, 0.611	610.000, 0.606	610.000, 0.593
611.000, 0.611	611.000, 0.611	611.000, 0.612	611.000, 0.607	611.000, 0.593
612.000, 0.611	612.000, 0.611	612.000, 0.612	612.000, 0.607	612.000, 0.593
613.000, 0.612	613.000, 0.612	613.000, 0.612	613.000, 0.608	613.000, 0.594
614.000, 0.613	614.000, 0.613	614.000, 0.613	614.000, 0.608	614.000, 0.594
615.000, 0.613	615.000, 0.613	615.000, 0.614	615.000, 0.609	615.000, 0.595
616.000, 0.613	616.000, 0.614	616.000, 0.614	616.000, 0.609	616.000, 0.595
617.000, 0.614	617.000, 0.614	617.000, 0.614	617.000, 0.610	617.000, 0.595
618.000, 0.614	618.000, 0.614	618.000, 0.614	618.000, 0.610	618.000, 0.595
619.000, 0.615	619.000, 0.615	619.000, 0.615	619.000, 0.611	619.000, 0.596
620.000, 0.615	620.000, 0.615	620.000, 0.616	620.000, 0.611	620.000, 0.596
621.000, 0.616	621.000, 0.616	621.000, 0.617	621.000, 0.612	621.000, 0.597
622.000, 0.616	622.000, 0.617	622.000, 0.617	622.000, 0.612	622.000, 0.597
623.000, 0.616	623.000, 0.617	623.000, 0.617	623.000, 0.613	623.000, 0.597
624.000, 0.617	624.000, 0.617	624.000, 0.617	624.000, 0.613	624.000, 0.598
625.000, 0.617	625.000, 0.618	625.000, 0.618	625.000, 0.613	625.000, 0.598
626.000, 0.618	626.000, 0.618	626.000, 0.618	626.000, 0.614	626.000, 0.598
627.000, 0.618	627.000, 0.619	627.000, 0.619	627.000, 0.614	627.000, 0.599
628.000, 0.619	628.000, 0.619	628.000, 0.619	628.000, 0.614	628.000, 0.599
629.000, 0.619	629.000, 0.619	629.000, 0.619	629.000, 0.615	629.000, 0.599
630.000, 0.620	630.000, 0.620	630.000, 0.620	630.000, 0.615	630.000, 0.600
631.000, 0.620	631.000, 0.620	631.000, 0.620	631.000, 0.616	631.000, 0.600
632.000, 0.620	632.000, 0.621	632.000, 0.621	632.000, 0.616	632.000, 0.601
633.000, 0.621	633.000, 0.621	633.000, 0.621	633.000, 0.616	633.000, 0.601
634.000, 0.621	634.000, 0.621	634.000, 0.622	634.000, 0.616	634.000, 0.601
635.000, 0.621	635.000, 0.621	635.000, 0.622	635.000, 0.617	635.000, 0.601
636.000, 0.622	636.000, 0.622	636.000, 0.623	636.000, 0.618	636.000, 0.602
637.000, 0.623	637.000, 0.623	637.000, 0.623	637.000, 0.618	637.000, 0.602
638.000, 0.622	638.000, 0.623	638.000, 0.623	638.000, 0.618	638.000, 0.603
639.000, 0.623	639.000, 0.623	639.000, 0.623	639.000, 0.618	639.000, 0.603
640.000, 0.623	640.000, 0.624	640.000, 0.624	640.000, 0.619	640.000, 0.603
641.000, 0.623	641.000, 0.624	641.000, 0.625	641.000, 0.619	641.000, 0.604
642.000, 0.624	642.000, 0.625	642.000, 0.625	642.000, 0.620	642.000, 0.604
643.000, 0.624	643.000, 0.625	643.000, 0.625	643.000, 0.620	643.000, 0.604
644.000, 0.625	644.000, 0.625	644.000, 0.626	644.000, 0.620	644.000, 0.604
645.000, 0.625	645.000, 0.625	645.000, 0.626	645.000, 0.621	645.000, 0.604
646.000, 0.625	646.000, 0.626	646.000, 0.626	646.000, 0.621	646.000, 0.605
647.000, 0.626	647.000, 0.626	647.000, 0.627	647.000, 0.621	647.000, 0.606
648.000, 0.626	648.000, 0.627	648.000, 0.627	648.000, 0.622	648.000, 0.606
649.000, 0.627	649.000, 0.627	649.000, 0.628	649.000, 0.622	649.000, 0.606
650.000, 0.627	650.000, 0.627	650.000, 0.628	650.000, 0.623	650.000, 0.606
651.000, 0.627	651.000, 0.628	651.000, 0.628	651.000, 0.623	651.000, 0.606
652.000, 0.627	652.000, 0.628	652.000, 0.628	652.000, 0.623	652.000, 0.607
653.000, 0.628	653.000, 0.628	653.000, 0.628	653.000, 0.624	653.000, 0.607
654.000, 0.629	654.000, 0.629	654.000, 0.629	654.000, 0.624	654.000, 0.608
655.000, 0.629	655.000, 0.629	655.000, 0.630	655.000, 0.624	655.000, 0.608
656.000, 0.630	656.000, 0.630	656.000, 0.630	656.000, 0.625	656.000, 0.608
657.000, 0.630	657.000, 0.630	657.000, 0.630	657.000, 0.625	657.000, 0.608
658.000, 0.630	658.000, 0.630	658.000, 0.631	658.000, 0.625	658.000, 0.609
659.000, 0.631	659.000, 0.631	659.000, 0.631	659.000, 0.626	659.000, 0.610
660.000, 0.631	660.000, 0.631	660.000, 0.632	660.000, 0.627	660.000, 0.610
661.000, 0.632	661.000, 0.632	661.000, 0.632	661.000, 0.627	661.000, 0.610
662.000, 0.632	662.000, 0.632	662.000, 0.633	662.000, 0.628	662.000, 0.611
663.000, 0.632	663.000, 0.633	663.000, 0.633	663.000, 0.628	663.000, 0.611
664.000, 0.633	664.000, 0.633	664.000, 0.633	664.000, 0.628	664.000, 0.611
665.000, 0.633	665.000, 0.634	665.000, 0.634	665.000, 0.629	665.000, 0.612
666.000, 0.634	666.000, 0.634	666.000, 0.634	666.000, 0.629	666.000, 0.612
667.000, 0.634	667.000, 0.634	667.000, 0.634	667.000, 0.629	667.000, 0.612
668.000, 0.635	668.000, 0.635	668.000, 0.635	668.000, 0.630	668.000, 0.613
669.000, 0.635	669.000, 0.635	669.000, 0.636	669.000, 0.631	669.000, 0.613
670.000, 0.635	670.000, 0.635	670.000, 0.636	670.000, 0.631	670.000, 0.614
671.000, 0.636	671.000, 0.636	671.000, 0.636	671.000, 0.631	671.000, 0.614
672.000, 0.636	672.000, 0.636	672.000, 0.637	672.000, 0.631	672.000, 0.614
673.000, 0.636	673.000, 0.636	673.000, 0.637	673.000, 0.631	673.000, 0.614
674.000, 0.637	674.000, 0.637	674.000, 0.637	674.000, 0.632	674.000, 0.615
675.000, 0.638	675.000, 0.638	675.000, 0.638	675.000, 0.632	675.000, 0.615
676.000, 0.638	676.000, 0.638	676.000, 0.638	676.000, 0.633	676.000, 0.615
677.000, 0.638	677.000, 0.638	677.000, 0.638	677.000, 0.633	677.000, 0.615
678.000, 0.638	678.000, 0.638	678.000, 0.638	678.000, 0.633	678.000, 0.616
679.000, 0.638	679.000, 0.639	679.000, 0.639	679.000, 0.633	679.000, 0.616
680.000, 0.639	680.000, 0.639	680.000, 0.639	680.000, 0.634	680.000, 0.617
681.000, 0.639	681.000, 0.639	681.000, 0.639	681.000, 0.634	681.000, 0.617
682.000, 0.639	682.000, 0.639	682.000, 0.640	682.000, 0.635	682.000, 0.617
683.000, 0.639	683.000, 0.640	683.000, 0.640	683.000, 0.635	683.000, 0.617
684.000, 0.640	684.000, 0.640	684.000, 0.641	684.000, 0.635	684.000, 0.618
685.000, 0.640	685.000, 0.640	685.000, 0.641	685.000, 0.635	685.000, 0.618
686.000, 0.640	686.000, 0.640	686.000, 0.640	686.000, 0.635	686.000, 0.617
687.000, 0.640	687.000, 0.641	687.000, 0.641	687.000, 0.636	687.000, 0.618
688.000, 0.641	688.000, 0.641	688.000, 0.641	688.000, 0.636	688.000, 0.618
689.000, 0.641	689.000, 0.641	689.000, 0.642	689.000, 0.636	689.000, 0.619
690.000, 0.642	690.000, 0.642	690.000, 0.642	690.000, 0.637	690.000, 0.619
691.000, 0.642	691.000, 0.642	691.000, 0.643	691.000, 0.638	691.000, 0.619
692.000, 0.643	692.000, 0.643	692.000, 0.643	692.000, 0.638	692.000, 0.619
693.000, 0.643	693.000, 0.643	693.000, 0.643	693.000, 0.638	693.000, 0.619
694.000, 0.643	694.000, 0.643	694.000, 0.643	694.000, 0.638	694.000, 0.620
695.000, 0.644	695.000, 0.643	695.000, 0.644	695.000, 0.639	695.000, 0.620
696.000, 0.644	696.000, 0.644	696.000, 0.645	696.000, 0.639	696.000, 0.621
697.000, 0.645	697.000, 0.645	697.000, 0.645	697.000, 0.640	697.000, 0.622
698.000, 0.645	698.000, 0.645	698.000, 0.646	698.000, 0.640	698.000, 0.622
699.000, 0.645	699.000, 0.645	699.000, 0.646	699.000, 0.640	699.000, 0.622
700.000, 0.645	700.000, 0.645	700.000, 0.646	700.000, 0.640	700.000, 0.622
701.000, 0.645	701.000, 0.646	701.000, 0.646	701.000, 0.640	701.000, 0.622
702.000, 0.646	702.000, 0.646	702.000, 0.646	702.000, 0.641	702.000, 0.622
703.000, 0.646	703.000, 0.647	703.000, 0.647	703.000, 0.641	703.000, 0.622
704.000, 0.647	704.000, 0.647	704.000, 0.647	704.000, 0.642	704.000, 0.623
705.000, 0.647	705.000, 0.647	705.000, 0.647	705.000, 0.642	705.000, 0.623
706.000, 0.647	706.000, 0.647	706.000, 0.648	706.000, 0.642	706.000, 0.624
707.000, 0.648	707.000, 0.648	707.000, 0.648	707.000, 0.642	707.000, 0.624
708.000, 0.648	708.000, 0.648	708.000, 0.649	708.000, 0.643	708.000, 0.624
709.000, 0.648	709.000, 0.648	709.000, 0.649	709.000, 0.643	709.000, 0.624
710.000, 0.648	710.000, 0.649	710.000, 0.649	710.000, 0.643	710.000, 0.624
711.000, 0.649	711.000, 0.649	711.000, 0.649	711.000, 0.644	711.000, 0.625
712.000, 0.649	712.000, 0.649	712.000, 0.650	712.000, 0.644	712.000, 0.625
713.000, 0.649	713.000, 0.649	713.000, 0.650	713.000, 0.644	713.000, 0.625
714.000, 0.649	714.000, 0.650	714.000, 0.650	714.000, 0.644	714.000, 0.625
715.000, 0.649	715.000, 0.650	715.000, 0.650	715.000, 0.644	715.000, 0.625
716.000, 0.649	716.000, 0.649	716.000, 0.650	716.000, 0.645	716.000, 0.625
717.000, 0.650	717.000, 0.650	717.000, 0.650	717.000, 0.645	717.000, 0.625
718.000, 0.650	718.000, 0.650	718.000, 0.651	718.000, 0.645	718.000, 0.626
719.000, 0.651	719.000, 0.651	719.000, 0.651	719.000, 0.645	719.000, 0.626
720.000, 0.651	720.000, 0.651	720.000, 0.651	720.000, 0.646	720.000, 0.626
721.000, 0.651	721.000, 0.652	721.000, 0.652	721.000, 0.647	721.000, 0.627
722.000, 0.651	722.000, 0.651	722.000, 0.652	722.000, 0.646	722.000, 0.627
723.000, 0.651	723.000, 0.651	723.000, 0.652	723.000, 0.646	723.000, 0.626
724.000, 0.651	724.000, 0.652	724.000, 0.652	724.000, 0.646	724.000, 0.626
725.000, 0.652	725.000, 0.652	725.000, 0.652	725.000, 0.647	725.000, 0.626
726.000, 0.652	726.000, 0.653	726.000, 0.653	726.000, 0.647	726.000, 0.627
727.000, 0.653	727.000, 0.653	727.000, 0.653	727.000, 0.648	727.000, 0.628
728.000, 0.653	728.000, 0.653	728.000, 0.653	728.000, 0.648	728.000, 0.627
729.000, 0.653	729.000, 0.653	729.000, 0.654	729.000, 0.648	729.000, 0.627
730.000, 0.654	730.000, 0.654	730.000, 0.655	730.000, 0.649	730.000, 0.628
731.000, 0.654	731.000, 0.654	731.000, 0.655	731.000, 0.649	731.000, 0.628
732.000, 0.654	732.000, 0.655	732.000, 0.655	732.000, 0.650	732.000, 0.628
733.000, 0.655	733.000, 0.655	733.000, 0.656	733.000, 0.650	733.000, 0.629
734.000, 0.655	734.000, 0.655	734.000, 0.656	734.000, 0.650	734.000, 0.629
735.000, 0.655	735.000, 0.656	735.000, 0.656	735.000, 0.650	735.000, 0.629
736.000, 0.656	736.000, 0.656	736.000, 0.656	736.000, 0.651	736.000, 0.629
737.000, 0.656	737.000, 0.656	737.000, 0.656	737.000, 0.651	737.000, 0.630
738.000, 0.656	738.000, 0.657	738.000, 0.657	738.000, 0.652	738.000, 0.630
739.000, 0.657	739.000, 0.657	739.000, 0.658	739.000, 0.652	739.000, 0.630
740.000, 0.658	740.000, 0.657	740.000, 0.658	740.000, 0.652	740.000, 0.631
741.000, 0.658	741.000, 0.657	741.000, 0.658	741.000, 0.652	741.000, 0.631
742.000, 0.658	742.000, 0.658	742.000, 0.658	742.000, 0.653	742.000, 0.631
743.000, 0.658	743.000, 0.658	743.000, 0.658	743.000, 0.654	743.000, 0.631
744.000, 0.659	744.000, 0.658	744.000, 0.659	744.000, 0.654	744.000, 0.631
745.000, 0.659	745.000, 0.659	745.000, 0.659	745.000, 0.653	745.000, 0.631
746.000, 0.659	746.000, 0.659	746.000, 0.659	746.000, 0.653	746.000, 0.632
747.000, 0.659	747.000, 0.659	747.000, 0.659	747.000, 0.654	747.000, 0.632
748.000, 0.659	748.000, 0.660	748.000, 0.660	748.000, 0.654	748.000, 0.632
749.000, 0.659	749.000, 0.660	749.000, 0.660	749.000, 0.655	749.000, 0.632
750.000, 0.660	750.000, 0.660	750.000, 0.661	750.000, 0.655	750.000, 0.633
751.000, 0.660	751.000, 0.661	751.000, 0.661	751.000, 0.655	751.000, 0.633
752.000, 0.661	752.000, 0.661	752.000, 0.662	752.000, 0.656	752.000, 0.634
753.000, 0.661	753.000, 0.662	753.000, 0.662	753.000, 0.656	753.000, 0.633
754.000, 0.661	754.000, 0.661	754.000, 0.661	754.000, 0.656	754.000, 0.633
755.000, 0.661	755.000, 0.661	755.000, 0.662	755.000, 0.656	755.000, 0.633
756.000, 0.661	756.000, 0.661	756.000, 0.662	756.000, 0.656	756.000, 0.633
757.000, 0.661	757.000, 0.661	757.000, 0.661	757.000, 0.656	757.000, 0.632
758.000, 0.660	758.000, 0.660	758.000, 0.661	758.000, 0.655	758.000, 0.631
759.000, 0.659	759.000, 0.660	759.000, 0.660	759.000, 0.654	759.000, 0.631
760.000, 0.659	760.000, 0.660	760.000, 0.660	760.000, 0.654	760.000, 0.631
761.000, 0.660	761.000, 0.661	761.000, 0.661	761.000, 0.655	761.000, 0.632
762.000, 0.660	762.000, 0.661	762.000, 0.661	762.000, 0.656	762.000, 0.632
763.000, 0.662	763.000, 0.662	763.000, 0.662	763.000, 0.657	763.000, 0.634
764.000, 0.663	764.000, 0.663	764.000, 0.663	764.000, 0.658	764.000, 0.634
765.000, 0.663	765.000, 0.663	765.000, 0.664	765.000, 0.658	765.000, 0.634
766.000, 0.664	766.000, 0.664	766.000, 0.664	766.000, 0.658	766.000, 0.635
767.000, 0.664	767.000, 0.664	767.000, 0.665	767.000, 0.659	767.000, 0.635
768.000, 0.665	768.000, 0.665	768.000, 0.665	768.000, 0.660	768.000, 0.635
769.000, 0.665	769.000, 0.665	769.000, 0.665	769.000, 0.660	769.000, 0.636
770.000, 0.665	770.000, 0.665	770.000, 0.665	770.000, 0.659	770.000, 0.636
771.000, 0.665	771.000, 0.666	771.000, 0.666	771.000, 0.660	771.000, 0.636
772.000, 0.666	772.000, 0.666	772.000, 0.666	772.000, 0.661	772.000, 0.636
773.000, 0.666	773.000, 0.667	773.000, 0.666	773.000, 0.661	773.000, 0.636
774.000, 0.667	774.000, 0.667	774.000, 0.667	774.000, 0.662	774.000, 0.637
775.000, 0.667	775.000, 0.667	775.000, 0.667	775.000, 0.662	775.000, 0.638
776.000, 0.667	776.000, 0.667	776.000, 0.667	776.000, 0.662	776.000, 0.638
777.000, 0.667	777.000, 0.667	777.000, 0.667	777.000, 0.662	777.000, 0.638
778.000, 0.668	778.000, 0.667	778.000, 0.667	778.000, 0.662	778.000, 0.637
779.000, 0.668	779.000, 0.668	779.000, 0.668	779.000, 0.662	779.000, 0.638
780.000, 0.668	780.000, 0.668	780.000, 0.669	780.000, 0.663	780.000, 0.638
781.000, 0.669	781.000, 0.669	781.000, 0.669	781.000, 0.663	781.000, 0.638
782.000, 0.669	782.000, 0.668	782.000, 0.668	782.000, 0.663	782.000, 0.638
783.000, 0.669	783.000, 0.668	783.000, 0.669	783.000, 0.663	783.000, 0.638
784.000, 0.669	784.000, 0.669	784.000, 0.669	784.000, 0.664	784.000, 0.639
785.000, 0.670	785.000, 0.670	785.000, 0.669	785.000, 0.664	785.000, 0.639
786.000, 0.670	786.000, 0.670	786.000, 0.669	786.000, 0.664	786.000, 0.640
787.000, 0.670	787.000, 0.670	787.000, 0.670	787.000, 0.665	787.000, 0.640
788.000, 0.670	788.000, 0.670	788.000, 0.671	788.000, 0.665	788.000, 0.640
789.000, 0.671	789.000, 0.671	789.000, 0.671	789.000, 0.665	789.000, 0.640
790.000, 0.671	790.000, 0.671	790.000, 0.671	790.000, 0.665	790.000, 0.640
791.000, 0.671	791.000, 0.671	791.000, 0.672	791.000, 0.666	791.000, 0.640
792.000, 0.671	792.000, 0.671	792.000, 0.672	792.000, 0.667	792.000, 0.641
793.000, 0.672	793.000, 0.672	793.000, 0.672	793.000, 0.666	793.000, 0.641
794.000, 0.672	794.000, 0.672	794.000, 0.672	794.000, 0.666	794.000, 0.641
795.000, 0.672	795.000, 0.672	795.000, 0.672	795.000, 0.666	795.000, 0.642
796.000, 0.672	796.000, 0.672	796.000, 0.672	796.000, 0.667	796.000, 0.642
797.000, 0.672	797.000, 0.672	797.000, 0.672	797.000, 0.667	797.000, 0.641
798.000, 0.672	798.000, 0.672	798.000, 0.673	798.000, 0.667	798.000, 0.641
799.000, 0.672	799.000, 0.673	799.000, 0.673	799.000, 0.667	799.000, 0.641
800.000, 0.673	800.000, 0.673	800.000, 0.673	800.000, 0.667	800.000, 0.642
801.000, 0.673	801.000, 0.673	801.000, 0.673	801.000, 0.668	801.000, 0.642
802.000, 0.673	802.000, 0.673	802.000, 0.674	802.000, 0.668	802.000, 0.642
803.000, 0.674	803.000, 0.674	803.000, 0.675	803.000, 0.668	803.000, 0.643
804.000, 0.674	804.000, 0.674	804.000, 0.675	804.000, 0.668	804.000, 0.643
805.000, 0.674	805.000, 0.675	805.000, 0.675	805.000, 0.668	805.000, 0.642
806.000, 0.673	806.000, 0.674	806.000, 0.674	806.000, 0.668	806.000, 0.642
807.000, 0.674	807.000, 0.674	807.000, 0.674	807.000, 0.668	807.000, 0.642
808.000, 0.674	808.000, 0.674	808.000, 0.674	808.000, 0.669	808.000, 0.643
809.000, 0.675	809.000, 0.675	809.000, 0.675	809.000, 0.670	809.000, 0.644
810.000, 0.675	810.000, 0.675	810.000, 0.676	810.000, 0.670	810.000, 0.644
811.000, 0.675	811.000, 0.674	811.000, 0.675	811.000, 0.670	811.000, 0.643
812.000, 0.675	812.000, 0.675	812.000, 0.675	812.000, 0.670	812.000, 0.643
813.000, 0.675	813.000, 0.675	813.000, 0.676	813.000, 0.670	813.000, 0.643
814.000, 0.676	814.000, 0.675	814.000, 0.676	814.000, 0.671	814.000, 0.644
815.000, 0.676	815.000, 0.676	815.000, 0.676	815.000, 0.671	815.000, 0.645
816.000, 0.676	816.000, 0.677	816.000, 0.677	816.000, 0.671	816.000, 0.645
817.000, 0.677	817.000, 0.677	817.000, 0.677	817.000, 0.672	817.000, 0.645
818.000, 0.677	818.000, 0.677	818.000, 0.677	818.000, 0.672	818.000, 0.645
819.000, 0.677	819.000, 0.677	819.000, 0.677	819.000, 0.672	819.000, 0.645
820.000, 0.677	820.000, 0.677	820.000, 0.678	820.000, 0.672	820.000, 0.646
821.000, 0.677	821.000, 0.677	821.000, 0.678	821.000, 0.672	821.000, 0.646
822.000, 0.677	822.000, 0.676	822.000, 0.678	822.000, 0.672	822.000, 0.645
823.000, 0.678	823.000, 0.678	823.000, 0.679	823.000, 0.673	823.000, 0.646
824.000, 0.679	824.000, 0.679	824.000, 0.679	824.000, 0.674	824.000, 0.647
825.000, 0.678	825.000, 0.679	825.000, 0.679	825.000, 0.673	825.000, 0.647
826.000, 0.679	826.000, 0.678	826.000, 0.679	826.000, 0.673	826.000, 0.646
827.000, 0.679	827.000, 0.679	827.000, 0.679	827.000, 0.673	827.000, 0.646
828.000, 0.679	828.000, 0.679	828.000, 0.679	828.000, 0.674	828.000, 0.647
829.000, 0.680	829.000, 0.679	829.000, 0.680	829.000, 0.674	829.000, 0.647
830.000, 0.681	830.000, 0.679	830.000, 0.680	830.000, 0.674	830.000, 0.647
831.000, 0.680	831.000, 0.680	831.000, 0.680	831.000, 0.674	831.000, 0.647
832.000, 0.680	832.000, 0.680	832.000, 0.680	832.000, 0.675	832.000, 0.648
833.000, 0.681	833.000, 0.680	833.000, 0.680	833.000, 0.676	833.000, 0.649
834.000, 0.681	834.000, 0.681	834.000, 0.681	834.000, 0.676	834.000, 0.649
835.000, 0.681	835.000, 0.681	835.000, 0.681	835.000, 0.676	835.000, 0.648
836.000, 0.681	836.000, 0.681	836.000, 0.682	836.000, 0.676	836.000, 0.648
837.000, 0.681	837.000, 0.682	837.000, 0.682	837.000, 0.676	837.000, 0.649
838.000, 0.681	838.000, 0.682	838.000, 0.682	838.000, 0.676	838.000, 0.649
839.000, 0.682	839.000, 0.682	839.000, 0.683	839.000, 0.677	839.000, 0.649
840.000, 0.682	840.000, 0.682	840.000, 0.683	840.000, 0.677	840.000, 0.650
841.000, 0.681	841.000, 0.682	841.000, 0.682	841.000, 0.677	841.000, 0.649
842.000, 0.681	842.000, 0.682	842.000, 0.682	842.000, 0.677	842.000, 0.649
843.000, 0.682	843.000, 0.682	843.000, 0.683	843.000, 0.677	843.000, 0.649
844.000, 0.683	844.000, 0.683	844.000, 0.684	844.000, 0.678	844.000, 0.651
845.000, 0.683	845.000, 0.683	845.000, 0.684	845.000, 0.678	845.000, 0.651
846.000, 0.683	846.000, 0.683	846.000, 0.684	846.000, 0.678	846.000, 0.651
847.000, 0.684	847.000, 0.683	847.000, 0.684	847.000, 0.678	847.000, 0.651
848.000, 0.684	848.000, 0.684	848.000, 0.684	848.000, 0.678	848.000, 0.652
849.000, 0.685	849.000, 0.684	849.000, 0.684	849.000, 0.679	849.000, 0.652
850.000, 0.684	850.000, 0.684	850.000, 0.684	850.000, 0.678	850.000, 0.651
851.000, 0.684	851.000, 0.683	851.000, 0.684	851.000, 0.678	851.000, 0.651
852.000, 0.685	852.000, 0.684	852.000, 0.685	852.000, 0.678	852.000, 0.651
853.000, 0.685	853.000, 0.684	853.000, 0.685	853.000, 0.678	853.000, 0.651
854.000, 0.684	854.000, 0.683	854.000, 0.685	854.000, 0.678	854.000, 0.651
855.000, 0.685	855.000, 0.684	855.000, 0.685	855.000, 0.679	855.000, 0.652
856.000, 0.685	856.000, 0.684	856.000, 0.686	856.000, 0.679	856.000, 0.652
857.000, 0.685	857.000, 0.685	857.000, 0.687	857.000, 0.679	857.000, 0.652
858.000, 0.685	858.000, 0.686	858.000, 0.687	858.000, 0.680	858.000, 0.652
859.000, 0.685	859.000, 0.686	859.000, 0.687	859.000, 0.681	859.000, 0.653
860.000, 0.686	860.000, 0.686	860.000, 0.686	860.000, 0.681	860.000, 0.653
861.000, 0.686	861.000, 0.687	861.000, 0.687	861.000, 0.681	861.000, 0.653
862.000, 0.685	862.000, 0.686	862.000, 0.687	862.000, 0.680	862.000, 0.653
863.000, 0.684	863.000, 0.685	863.000, 0.685	863.000, 0.679	863.000, 0.652
864.000, 0.685	864.000, 0.687	864.000, 0.687	864.000, 0.681	864.000, 0.653
865.000, 0.687	865.000, 0.688	865.000, 0.689	865.000, 0.683	865.000, 0.655
866.000, 0.686	866.000, 0.687	866.000, 0.687	866.000, 0.683	866.000, 0.654
867.000, 0.687	867.000, 0.687	867.000, 0.687	867.000, 0.682	867.000, 0.653
868.000, 0.688	868.000, 0.688	868.000, 0.688	868.000, 0.682	868.000, 0.654
869.000, 0.688	869.000, 0.688	869.000, 0.688	869.000, 0.682	869.000, 0.654
870.000, 0.688	870.000, 0.688	870.000, 0.688	870.000, 0.682	870.000, 0.654
871.000, 0.688	871.000, 0.687	871.000, 0.688	871.000, 0.682	871.000, 0.654
872.000, 0.689	872.000, 0.688	872.000, 0.689	872.000, 0.684	872.000, 0.655
873.000, 0.690	873.000, 0.690	873.000, 0.689	873.000, 0.685	873.000, 0.655
874.000, 0.689	874.000, 0.691	874.000, 0.689	874.000, 0.683	874.000, 0.656
875.000, 0.688	875.000, 0.690	875.000, 0.688	875.000, 0.681	875.000, 0.655
876.000, 0.689	876.000, 0.689	876.000, 0.688	876.000, 0.682	876.000, 0.654
877.000, 0.688	877.000, 0.688	877.000, 0.688	877.000, 0.683	877.000, 0.655
878.000, 0.688	878.000, 0.688	878.000, 0.689	878.000, 0.684	878.000, 0.655
879.000, 0.690	879.000, 0.689	879.000, 0.689	879.000, 0.684	879.000, 0.655
880.000, 0.689	880.000, 0.691	880.000, 0.689	880.000, 0.685	880.000, 0.655
881.000, 0.688	881.000, 0.691	881.000, 0.688	881.000, 0.684	881.000, 0.655
882.000, 0.688	882.000, 0.689	882.000, 0.689	882.000, 0.682	882.000, 0.655
883.000, 0.689	883.000, 0.689	883.000, 0.690	883.000, 0.683	883.000, 0.656
884.000, 0.692	884.000, 0.690	884.000, 0.692	884.000, 0.684	884.000, 0.657
885.000, 0.690	885.000, 0.690	885.000, 0.691	885.000, 0.685	885.000, 0.658
886.000, 0.690	886.000, 0.691	886.000, 0.690	886.000, 0.686	886.000, 0.658
887.000, 0.691	887.000, 0.691	887.000, 0.690	887.000, 0.687	887.000, 0.659
888.000, 0.691	888.000, 0.691	888.000, 0.690	888.000, 0.687	888.000, 0.658
889.000, 0.691	889.000, 0.691	889.000, 0.691	889.000, 0.686	889.000, 0.658
890.000, 0.691	890.000, 0.692	890.000, 0.692	890.000, 0.685	890.000, 0.657
891.000, 0.690	891.000, 0.691	891.000, 0.691	891.000, 0.685	891.000, 0.656
892.000, 0.689	892.000, 0.689	892.000, 0.690	892.000, 0.685	892.000, 0.656
893.000, 0.690	893.000, 0.691	893.000, 0.690	893.000, 0.683	893.000, 0.656
894.000, 0.691	894.000, 0.692	894.000, 0.691	894.000, 0.684	894.000, 0.658
895.000, 0.692	895.000, 0.692	895.000, 0.692	895.000, 0.686	895.000, 0.659
896.000, 0.690	896.000, 0.690	896.000, 0.689	896.000, 0.683	896.000, 0.656
897.000, 0.689	897.000, 0.690	897.000, 0.689	897.000, 0.683	897.000, 0.655
898.000, 0.690	898.000, 0.693	898.000, 0.692	898.000, 0.686	898.000, 0.658
899.000, 0.693	899.000, 0.693	899.000, 0.692	899.000, 0.685	899.000, 0.658
900.000, 0.694	900.000, 0.693	900.000, 0.692	900.000, 0.685	900.000, 0.657
901.000, 0.693	901.000, 0.694	901.000, 0.694	901.000, 0.688	901.000, 0.658
902.000, 0.693	902.000, 0.694	902.000, 0.694	902.000, 0.686	902.000, 0.658
903.000, 0.693	903.000, 0.692	903.000, 0.693	903.000, 0.684	903.000, 0.657
904.000, 0.694	904.000, 0.692	904.000, 0.691	904.000, 0.686	904.000, 0.658
905.000, 0.694	905.000, 0.692	905.000, 0.691	905.000, 0.686	905.000, 0.660
906.000, 0.693	906.000, 0.694	906.000, 0.693	906.000, 0.685	906.000, 0.662
907.000, 0.694	907.000, 0.695	907.000, 0.693	907.000, 0.688	907.000, 0.662
908.000, 0.696	908.000, 0.697	908.000, 0.695	908.000, 0.690	908.000, 0.662
909.000, 0.698	909.000, 0.698	909.000, 0.697	909.000, 0.690	909.000, 0.663
910.000, 0.694	910.000, 0.696	910.000, 0.694	910.000, 0.689	910.000, 0.661
911.000, 0.689	911.000, 0.693	911.000, 0.692	911.000, 0.688	911.000, 0.658
912.000, 0.693	912.000, 0.695	912.000, 0.694	912.000, 0.688	912.000, 0.660
913.000, 0.694	913.000, 0.695	913.000, 0.695	913.000, 0.687	913.000, 0.659
914.000, 0.693	914.000, 0.694	914.000, 0.695	914.000, 0.686	914.000, 0.657
915.000, 0.694	915.000, 0.694	915.000, 0.694	915.000, 0.688	915.000, 0.659
916.000, 0.695	916.000, 0.694	916.000, 0.694	916.000, 0.690	916.000, 0.659
917.000, 0.695	917.000, 0.695	917.000, 0.694	917.000, 0.691	917.000, 0.659
918.000, 0.696	918.000, 0.694	918.000, 0.694	918.000, 0.690	918.000, 0.660
919.000, 0.698	919.000, 0.696	919.000, 0.695	919.000, 0.690	919.000, 0.661
920.000, 0.699	920.000, 0.699	920.000, 0.698	920.000, 0.692	920.000, 0.665
921.000, 0.698	921.000, 0.699	921.000, 0.698	921.000, 0.692	921.000, 0.665
922.000, 0.698	922.000, 0.697	922.000, 0.696	922.000, 0.691	922.000, 0.662
923.000, 0.700	923.000, 0.698	923.000, 0.697	923.000, 0.692	923.000, 0.662
924.000, 0.700	924.000, 0.699	924.000, 0.697	924.000, 0.693	924.000, 0.662
925.000, 0.698	925.000, 0.700	925.000, 0.695	925.000, 0.693	925.000, 0.663
926.000, 0.698	926.000, 0.698	926.000, 0.696	926.000, 0.692	926.000, 0.662
927.000, 0.697	927.000, 0.697	927.000, 0.696	927.000, 0.692	927.000, 0.660
928.000, 0.696	928.000, 0.695	928.000, 0.694	928.000, 0.693	928.000, 0.658
929.000, 0.695	929.000, 0.692	929.000, 0.692	929.000, 0.691	929.000, 0.658
930.000, 0.696	930.000, 0.692	930.000, 0.692	930.000, 0.688	930.000, 0.660
931.000, 0.696	931.000, 0.697	931.000, 0.695	931.000, 0.688	931.000, 0.663
932.000, 0.695	932.000, 0.698	932.000, 0.693	932.000, 0.687	932.000, 0.663
933.000, 0.693	933.000, 0.695	933.000, 0.688	933.000, 0.685	933.000, 0.661
934.000, 0.697	934.000, 0.696	934.000, 0.695	934.000, 0.686	934.000, 0.661
935.000, 0.698	935.000, 0.698	935.000, 0.702	935.000, 0.687	935.000, 0.664
936.000, 0.697	936.000, 0.701	936.000, 0.705	936.000, 0.689	936.000, 0.668
937.000, 0.700	937.000, 0.700	937.000, 0.698	937.000, 0.688	937.000, 0.667
938.000, 0.702	938.000, 0.698	938.000, 0.693	938.000, 0.685	938.000, 0.666
939.000, 0.699	939.000, 0.697	939.000, 0.696	939.000, 0.684	939.000, 0.666
940.000, 0.699	940.000, 0.699	940.000, 0.698	940.000, 0.692	940.000, 0.663
941.000, 0.699	941.000, 0.701	941.000, 0.696	941.000, 0.697	941.000, 0.659
942.000, 0.697	942.000, 0.693	942.000, 0.692	942.000, 0.687	942.000, 0.659
943.000, 0.699	943.000, 0.695	943.000, 0.691	943.000, 0.685	943.000, 0.657
944.000, 0.705	944.000, 0.703	944.000, 0.695	944.000, 0.691	944.000, 0.654
945.000, 0.704	945.000, 0.700	945.000, 0.702	945.000, 0.691	945.000, 0.662
946.000, 0.704	946.000, 0.702	946.000, 0.706	946.000, 0.694	946.000, 0.672
947.000, 0.710	947.000, 0.710	947.000, 0.704	947.000, 0.703	947.000, 0.678
948.000, 0.712	948.000, 0.710	948.000, 0.707	948.000, 0.701	948.000, 0.675
949.000, 0.708	949.000, 0.707	949.000, 0.710	949.000, 0.699	949.000, 0.671
950.000, 0.703	950.000, 0.704	950.000, 0.708	950.000, 0.707	950.000, 0.670
951.000, 0.699	951.000, 0.698	951.000, 0.702	951.000, 0.702	951.000, 0.665
952.000, 0.699	952.000, 0.694	952.000, 0.698	952.000, 0.691	952.000, 0.661
953.000, 0.706	953.000, 0.705	953.000, 0.704	953.000, 0.699	953.000, 0.663
954.000, 0.712	954.000, 0.711	954.000, 0.711	954.000, 0.705	954.000, 0.668
955.000, 0.713	955.000, 0.708	955.000, 0.716	955.000, 0.704	955.000, 0.672
956.000, 0.705	956.000, 0.708	956.000, 0.710	956.000, 0.700	956.000, 0.670
957.000, 0.697	957.000, 0.709	957.000, 0.703	957.000, 0.693	957.000, 0.666
958.000, 0.697	958.000, 0.707	958.000, 0.703	958.000, 0.687	958.000, 0.662
959.000, 0.702	959.000, 0.707	959.000, 0.707	959.000, 0.689	959.000, 0.665
960.000, 0.707	960.000, 0.707	960.000, 0.709	960.000, 0.694	960.000, 0.669
961.000, 0.703	961.000, 0.707	961.000, 0.703	961.000, 0.695	961.000, 0.670
962.000, 0.701	962.000, 0.706	962.000, 0.700	962.000, 0.698	962.000, 0.671
963.000, 0.701	963.000, 0.705	963.000, 0.700	963.000, 0.702	963.000, 0.673
964.000, 0.701	964.000, 0.699	964.000, 0.705	964.000, 0.697	964.000, 0.672
965.000, 0.704	965.000, 0.702	965.000, 0.710	965.000, 0.695	965.000, 0.673
966.000, 0.710	966.000, 0.712	966.000, 0.714	966.000, 0.699	966.000, 0.677
967.000, 0.708	967.000, 0.711	967.000, 0.713	967.000, 0.701	967.000, 0.674
968.000, 0.706	968.000, 0.707	968.000, 0.711	968.000, 0.701	968.000, 0.672
969.000, 0.709	969.000, 0.708	969.000, 0.711	969.000, 0.699	969.000, 0.678
970.000, 0.711	970.000, 0.710	970.000, 0.714	970.000, 0.702	970.000, 0.677
971.000, 0.710	971.000, 0.713	971.000, 0.716	971.000, 0.707	971.000, 0.673
972.000, 0.706	972.000, 0.713	972.000, 0.714	972.000, 0.713	972.000, 0.674
973.000, 0.708	973.000, 0.715	973.000, 0.712	973.000, 0.709	973.000, 0.674
974.000, 0.713	974.000, 0.716	974.000, 0.712	974.000, 0.697	974.000, 0.670
975.000, 0.709	975.000, 0.709	975.000, 0.712	975.000, 0.697	975.000, 0.668
976.000, 0.704	976.000, 0.704	976.000, 0.708	976.000, 0.700	976.000, 0.666
977.000, 0.701	977.000, 0.707	977.000, 0.702	977.000, 0.699	977.000, 0.663
978.000, 0.703	978.000, 0.707	978.000, 0.704	978.000, 0.698	978.000, 0.670
979.000, 0.707	979.000, 0.707	979.000, 0.709	979.000, 0.699	979.000, 0.679
980.000, 0.710	980.000, 0.712	980.000, 0.710	980.000, 0.704	980.000, 0.677
981.000, 0.710	981.000, 0.712	981.000, 0.707	981.000, 0.705	981.000, 0.674
982.000, 0.707	982.000, 0.709	982.000, 0.704	982.000, 0.701	982.000, 0.672
983.000, 0.707	983.000, 0.710	983.000, 0.704	983.000, 0.701	983.000, 0.670
984.000, 0.707	984.000, 0.709	984.000, 0.704	984.000, 0.698	984.000, 0.671
985.000, 0.706	985.000, 0.703	985.000, 0.701	985.000, 0.692	985.000, 0.673
986.000, 0.703	986.000, 0.704	986.000, 0.703	986.000, 0.692	986.000, 0.668
987.000, 0.700	987.000, 0.705	987.000, 0.706	987.000, 0.694	987.000, 0.663
988.000, 0.700	988.000, 0.703	988.000, 0.708	988.000, 0.698	988.000, 0.665
989.000, 0.706	989.000, 0.703	989.000, 0.711	989.000, 0.699	989.000, 0.665
990.000, 0.713	990.000, 0.704	990.000, 0.712	990.000, 0.698	990.000, 0.666
991.000, 0.713	991.000, 0.705	991.000, 0.705	991.000, 0.695	991.000, 0.670
992.000, 0.711	992.000, 0.708	992.000, 0.702	992.000, 0.693	992.000, 0.676
993.000, 0.708	993.000, 0.710	993.000, 0.706	993.000, 0.695	993.000, 0.681
994.000, 0.708	994.000, 0.710	994.000, 0.711	994.000, 0.701	994.000, 0.678
995.000, 0.706	995.000, 0.706	995.000, 0.711	995.000, 0.700	995.000, 0.671
996.000, 0.700	996.000, 0.699	996.000, 0.706	996.000, 0.691	996.000, 0.666
997.000, 0.701	997.000, 0.696	997.000, 0.707	997.000, 0.695	997.000, 0.672
998.000, 0.707	998.000, 0.697	998.000, 0.711	998.000, 0.705	998.000, 0.678
999.000, 0.712	999.000, 0.699	999.000, 0.715	999.000, 0.704	999.000, 0.669
1000.000, 0.711	1000.000, 0.705	1000.000, 0.713	1000.000, 0.705	1000.000, 0.668
1001.000, 0.707	1001.000, 0.712	1001.000, 0.706	1001.000, 0.706	1001.000, 0.674
1002.000, 0.704	1002.000, 0.712	1002.000, 0.704	1002.000, 0.699	1002.000, 0.674
1003.000, 0.705	1003.000, 0.714	1003.000, 0.705	1003.000, 0.696	1003.000, 0.669
1004.000, 0.710	1004.000, 0.719	1004.000, 0.706	1004.000, 0.700	1004.000, 0.663
1005.000, 0.707	1005.000, 0.714	1005.000, 0.709	1005.000, 0.701	1005.000, 0.669
1006.000, 0.707	1006.000, 0.709	1006.000, 0.714	1006.000, 0.705	1006.000, 0.678
1007.000, 0.717	1007.000, 0.711	1007.000, 0.724	1007.000, 0.717	1007.000, 0.679
1008.000, 0.720	1008.000, 0.710	1008.000, 0.713	1008.000, 0.714	1008.000, 0.677
1009.000, 0.714	1009.000, 0.705	1009.000, 0.697	1009.000, 0.703	1009.000, 0.674
1010.000, 0.706	1010.000, 0.702	1010.000, 0.707	1010.000, 0.704	1010.000, 0.671
1011.000, 0.706	1011.000, 0.705	1011.000, 0.710	1011.000, 0.701	1011.000, 0.674
1012.000, 0.712	1012.000, 0.711	1012.000, 0.703	1012.000, 0.696	1012.000, 0.678
1013.000, 0.711	1013.000, 0.706	1013.000, 0.702	1013.000, 0.704	1013.000, 0.673
1014.000, 0.709	1014.000, 0.706	1014.000, 0.707	1014.000, 0.708	1014.000, 0.669
1015.000, 0.710	1015.000, 0.715	1015.000, 0.717	1015.000, 0.703	1015.000, 0.672
1016.000, 0.715	1016.000, 0.721	1016.000, 0.716	1016.000, 0.694	1016.000, 0.678
1017.000, 0.721	1017.000, 0.718	1017.000, 0.715	1017.000, 0.692	1017.000, 0.680
1018.000, 0.727	1018.000, 0.705	1018.000, 0.728	1018.000, 0.702	1018.000, 0.676
1019.000, 0.741	1019.000, 0.711	1019.000, 0.733	1019.000, 0.715	1019.000, 0.683
1020.000, 0.751	1020.000, 0.729	1020.000, 0.729	1020.000, 0.722	1020.000, 0.696
1021.000, 0.729	1021.000, 0.722	1021.000, 0.724	1021.000, 0.711	1021.000, 0.693
1022.000, 0.715	1022.000, 0.715	1022.000, 0.716	1022.000, 0.711	1022.000, 0.686
1023.000, 0.719	1023.000, 0.715	1023.000, 0.707	1023.000, 0.723	1023.000, 0.677
1024.000, 0.718	1024.000, 0.700	1024.000, 0.696	1024.000, 0.702	1024.000, 0.652
1025.000, 0.713	1025.000, 0.694	1025.000, 0.694	1025.000, 0.685	1025.000, 0.637
1026.000, 0.705	1026.000, 0.709	1026.000, 0.707	1026.000, 0.702	1026.000, 0.649
1027.000, 0.707	1027.000, 0.710	1027.000, 0.714	1027.000, 0.701	1027.000, 0.657
1028.000, 0.718	1028.000, 0.710	1028.000, 0.720	1028.000, 0.696	1028.000, 0.665
1029.000, 0.734	1029.000, 0.739	1029.000, 0.735	1029.000, 0.720	1029.000, 0.686
1030.000, 0.726	1030.000, 0.741	1030.000, 0.730	1030.000, 0.725	1030.000, 0.685
1031.000, 0.701	1031.000, 0.715	1031.000, 0.707	1031.000, 0.708	1031.000, 0.665
1032.000, 0.720	1032.000, 0.714	1032.000, 0.714	1032.000, 0.718	1032.000, 0.679
1033.000, 0.731	1033.000, 0.716	1033.000, 0.714	1033.000, 0.710	1033.000, 0.683
1034.000, 0.714	1034.000, 0.710	1034.000, 0.695	1034.000, 0.672	1034.000, 0.662
1035.000, 0.702	1035.000, 0.706	1035.000, 0.702	1035.000, 0.677	1035.000, 0.655
1036.000, 0.702	1036.000, 0.703	1036.000, 0.714	1036.000, 0.692	1036.000, 0.656
1037.000, 0.717	1037.000, 0.699	1037.000, 0.702	1037.000, 0.677	1037.000, 0.658
1038.000, 0.725	1038.000, 0.714	1038.000, 0.712	1038.000, 0.688	1038.000, 0.679
1039.000, 0.724	1039.000, 0.734	1039.000, 0.735	1039.000, 0.715	1039.000, 0.704
1040.000, 0.728	1040.000, 0.705	1040.000, 0.727	1040.000, 0.704	1040.000, 0.690
1041.000, 0.719	1041.000, 0.701	1041.000, 0.718	1041.000, 0.694	1041.000, 0.683
1042.000, 0.704	1042.000, 0.731	1042.000, 0.718	1042.000, 0.698	1042.000, 0.694
1043.000, 0.724	1043.000, 0.727	1043.000, 0.729	1043.000, 0.721	1043.000, 0.693
1044.000, 0.738	1044.000, 0.714	1044.000, 0.730	1044.000, 0.741	1044.000, 0.678
1045.000, 0.710	1045.000, 0.716	1045.000, 0.707	1045.000, 0.736	1045.000, 0.653
1046.000, 0.691	1046.000, 0.707	1046.000, 0.695	1046.000, 0.706	1046.000, 0.646
1047.000, 0.693	1047.000, 0.701	1047.000, 0.701	1047.000, 0.682	1047.000, 0.659
1048.000, 0.716	1048.000, 0.726	1048.000, 0.728	1048.000, 0.709	1048.000, 0.686
1049.000, 0.752	1049.000, 0.748	1049.000, 0.739	1049.000, 0.734	1049.000, 0.719
1050.000, 0.774	1050.000, 0.753	1050.000, 0.726	1050.000, 0.740	1050.000, 0.737
1051.000, 0.709	1051.000, 0.726	1051.000, 0.706	1051.000, 0.722	1051.000, 0.682
1052.000, 0.676	1052.000, 0.715	1052.000, 0.703	1052.000, 0.710	1052.000, 0.655
1053.000, 0.713	1053.000, 0.734	1053.000, 0.721	1053.000, 0.715	1053.000, 0.684
1054.000, 0.727	1054.000, 0.741	1054.000, 0.706	1054.000, 0.701	1054.000, 0.684
1055.000, 0.718	1055.000, 0.731	1055.000, 0.692	1055.000, 0.698	1055.000, 0.678
1056.000, 0.702	1056.000, 0.705	1056.000, 0.712	1056.000, 0.730	1056.000, 0.696
1057.000, 0.703	1057.000, 0.718	1057.000, 0.710	1057.000, 0.707	1057.000, 0.659
1058.000, 0.722	1058.000, 0.746	1058.000, 0.702	1058.000, 0.662	1058.000, 0.599
1059.000, 0.749	1059.000, 0.707	1059.000, 0.749	1059.000, 0.720	1059.000, 0.620
1060.000, 0.729	1060.000, 0.670	1060.000, 0.766	1060.000, 0.734	1060.000, 0.643
1061.000, 0.672	1061.000, 0.663	1061.000, 0.736	1061.000, 0.686	1061.000, 0.652
1062.000, 0.711	1062.000, 0.706	1062.000, 0.708	1062.000, 0.693	1062.000, 0.685
1063.000, 0.768	1063.000, 0.753	1063.000, 0.712	1063.000, 0.732	1063.000, 0.723
1064.000, 0.768	1064.000, 0.758	1064.000, 0.755	1064.000, 0.771	1064.000, 0.738
1065.000, 0.728	1065.000, 0.728	1065.000, 0.734	1065.000, 0.739	1065.000, 0.689
1066.000, 0.698	1066.000, 0.695	1066.000, 0.707	1066.000, 0.679	1066.000, 0.632
1067.000, 0.763	1067.000, 0.708	1067.000, 0.782	1067.000, 0.674	1067.000, 0.663
1068.000, 0.765	1068.000, 0.747	1068.000, 0.782	1068.000, 0.690	1068.000, 0.681
1069.000, 0.701	1069.000, 0.779	1069.000, 0.701	1069.000, 0.709	1069.000, 0.667
1070.000, 0.734	1070.000, 0.729	1070.000, 0.712	1070.000, 0.709	1070.000, 0.663
1071.000, 0.778	1071.000, 0.705	1071.000, 0.730	1071.000, 0.713	1071.000, 0.659
1072.000, 0.800	1072.000, 0.737	1072.000, 0.723	1072.000, 0.721	1072.000, 0.657
1073.000, 0.766	1073.000, 0.718	1073.000, 0.704	1073.000, 0.666	1073.000, 0.689
1074.000, 0.736	1074.000, 0.702	1074.000, 0.706	1074.000, 0.621	1074.000, 0.711
1075.000, 0.756	1075.000, 0.743	1075.000, 0.753	1075.000, 0.644	1075.000, 0.688
