325.000, 0.234	325.000, 0.233	325.000, 0.232	325.000, 0.234	325.000, 0.234
326.000, 0.233	326.000, 0.236	326.000, 0.235	326.000, 0.237	326.000, 0.233
327.000, 0.235	327.000, 0.241	327.000, 0.240	327.000, 0.240	327.000, 0.237
328.000, 0.244	328.000, 0.241	328.000, 0.241	328.000, 0.240	328.000, 0.243
329.000, 0.246	329.000, 0.242	329.000, 0.240	329.000, 0.241	329.000, 0.245
330.000, 0.243	330.000, 0.242	330.000, 0.239	330.000, 0.243	330.000, 0.243
331.000, 0.240	331.000, 0.241	331.000, 0.241	331.000, 0.245	331.000, 0.241
332.000, 0.240	332.000, 0.242	332.000, 0.244	332.000, 0.247	332.000, 0.242
333.000, 0.245	333.000, 0.247	333.000, 0.248	333.000, 0.248	333.000, 0.245
334.000, 0.247	334.000, 0.249	334.000, 0.246	334.000, 0.246	334.000, 0.246
335.000, 0.248	335.000, 0.248	335.000, 0.245	335.000, 0.245	335.000, 0.247
336.000, 0.251	336.000, 0.248	336.000, 0.249	336.000, 0.249	336.000, 0.250
337.000, 0.253	337.000, 0.250	337.000, 0.252	337.000, 0.250	337.000, 0.252
338.000, 0.253	338.000, 0.253	338.000, 0.252	338.000, 0.250	338.000, 0.252
339.000, 0.251	339.000, 0.253	339.000, 0.251	339.000, 0.248	339.000, 0.249
340.000, 0.252	340.000, 0.253	340.000, 0.251	340.000, 0.250	340.000, 0.250
341.000, 0.255	341.000, 0.253	341.000, 0.252	341.000, 0.254	341.000, 0.256
342.000, 0.258	342.000, 0.257	342.000, 0.254	342.000, 0.256	342.000, 0.256
343.000, 0.259	343.000, 0.259	343.000, 0.255	343.000, 0.257	343.000, 0.256
344.000, 0.258	344.000, 0.257	344.000, 0.257	344.000, 0.256	344.000, 0.256
345.000, 0.258	345.000, 0.258	345.000, 0.256	345.000, 0.258	345.000, 0.259
346.000, 0.258	346.000, 0.260	346.000, 0.257	346.000, 0.260	346.000, 0.262
347.000, 0.262	347.000, 0.262	347.000, 0.263	347.000, 0.261	347.000, 0.263
348.000, 0.264	348.000, 0.263	348.000, 0.264	348.000, 0.263	348.000, 0.264
349.000, 0.264	349.000, 0.266	349.000, 0.264	349.000, 0.265	349.000, 0.265
350.000, 0.267	350.000, 0.267	350.000, 0.266	350.000, 0.267	350.000, 0.267
351.000, 0.269	351.000, 0.268	351.000, 0.268	351.000, 0.268	351.000, 0.269
352.000, 0.269	352.000, 0.269	352.000, 0.269	352.000, 0.270	352.000, 0.270
353.000, 0.270	353.000, 0.271	353.000, 0.271	353.000, 0.272	353.000, 0.272
354.000, 0.271	354.000, 0.272	354.000, 0.272	354.000, 0.273	354.000, 0.272
355.000, 0.272	355.000, 0.273	355.000, 0.272	355.000, 0.274	355.000, 0.271
356.000, 0.273	356.000, 0.273	356.000, 0.273	356.000, 0.275	356.000, 0.273
357.000, 0.275	357.000, 0.274	357.000, 0.275	357.000, 0.276	357.000, 0.275
358.000, 0.276	358.000, 0.275	358.000, 0.275	358.000, 0.276	358.000, 0.275
359.000, 0.277	359.000, 0.276	359.000, 0.276	359.000, 0.277	359.000, 0.276
360.000, 0.279	360.000, 0.278	360.000, 0.278	360.000, 0.279	360.000, 0.278
361.000, 0.281	361.000, 0.281	361.000, 0.280	361.000, 0.281	361.000, 0.280
362.000, 0.282	362.000, 0.283	362.000, 0.282	362.000, 0.282	362.000, 0.282
363.000, 0.283	363.000, 0.285	363.000, 0.283	363.000, 0.282	363.000, 0.283
364.000, 0.284	364.000, 0.286	364.000, 0.283	364.000, 0.283	364.000, 0.284
365.000, 0.285	365.000, 0.286	365.000, 0.284	365.000, 0.285	365.000, 0.285
366.000, 0.286	366.000, 0.288	366.000, 0.286	366.000, 0.287	366.000, 0.287
367.000, 0.287	367.000, 0.289	367.000, 0.287	367.000, 0.288	367.000, 0.288
368.000, 0.289	368.000, 0.290	368.000, 0.289	368.000, 0.289	368.000, 0.289
369.000, 0.291	369.000, 0.291	369.000, 0.290	369.000, 0.290	369.000, 0.290
370.000, 0.291	370.000, 0.291	370.000, 0.291	370.000, 0.291	370.000, 0.292
371.000, 0.291	371.000, 0.292	371.000, 0.293	371.000, 0.292	371.000, 0.294
372.000, 0.294	372.000, 0.294	372.000, 0.294	372.000, 0.294	372.000, 0.295
373.000, 0.296	373.000, 0.297	373.000, 0.296	373.000, 0.296	373.000, 0.296
374.000, 0.297	374.000, 0.298	374.000, 0.298	374.000, 0.297	374.000, 0.297
375.000, 0.300	375.000, 0.300	375.000, 0.300	375.000, 0.299	375.000, 0.299
376.000, 0.302	376.000, 0.301	376.000, 0.302	376.000, 0.301	376.000, 0.301
377.000, 0.303	377.000, 0.303	377.000, 0.303	377.000, 0.303	377.000, 0.303
378.000, 0.305	378.000, 0.304	378.000, 0.305	378.000, 0.305	378.000, 0.305
379.000, 0.306	379.000, 0.306	379.000, 0.306	379.000, 0.306	379.000, 0.307
380.000, 0.307	380.000, 0.308	380.000, 0.307	380.000, 0.307	380.000, 0.308
381.000, 0.308	381.000, 0.310	381.000, 0.308	381.000, 0.308	381.000, 0.309
382.000, 0.310	382.000, 0.311	382.000, 0.310	382.000, 0.310	382.000, 0.311
383.000, 0.312	383.000, 0.312	383.000, 0.312	383.000, 0.311	383.000, 0.312
384.000, 0.314	384.000, 0.313	384.000, 0.315	384.000, 0.314	384.000, 0.314
385.000, 0.318	385.000, 0.317	385.000, 0.317	385.000, 0.317	385.000, 0.317
386.000, 0.320	386.000, 0.320	386.000, 0.320	386.000, 0.320	386.000, 0.320
387.000, 0.321	387.000, 0.323	387.000, 0.322	387.000, 0.323	387.000, 0.323
388.000, 0.323	388.000, 0.325	388.000, 0.325	388.000, 0.323	388.000, 0.324
389.000, 0.325	389.000, 0.326	389.000, 0.327	389.000, 0.325	389.000, 0.325
390.000, 0.328	390.000, 0.328	390.000, 0.327	390.000, 0.327	390.000, 0.327
391.000, 0.329	391.000, 0.329	391.000, 0.329	391.000, 0.329	391.000, 0.329
392.000, 0.331	392.000, 0.331	392.000, 0.332	392.000, 0.332	392.000, 0.332
393.000, 0.334	393.000, 0.333	393.000, 0.335	393.000, 0.333	393.000, 0.334
394.000, 0.336	394.000, 0.336	394.000, 0.336	394.000, 0.335	394.000, 0.335
395.000, 0.338	395.000, 0.338	395.000, 0.336	395.000, 0.337	395.000, 0.337
396.000, 0.337	396.000, 0.339	396.000, 0.338	396.000, 0.339	396.000, 0.339
397.000, 0.340	397.000, 0.341	397.000, 0.341	397.000, 0.341	397.000, 0.341
398.000, 0.344	398.000, 0.343	398.000, 0.343	398.000, 0.343	398.000, 0.343
399.000, 0.345	399.000, 0.344	399.000, 0.344	399.000, 0.344	399.000, 0.345
400.000, 0.345	400.000, 0.345	400.000, 0.345	400.000, 0.345	400.000, 0.346
401.000, 0.347	401.000, 0.347	401.000, 0.347	401.000, 0.347	401.000, 0.348
402.000, 0.349	402.000, 0.349	402.000, 0.349	402.000, 0.349	402.000, 0.349
403.000, 0.350	403.000, 0.351	403.000, 0.350	403.000, 0.350	403.000, 0.350
404.000, 0.352	404.000, 0.352	404.000, 0.351	404.000, 0.351	404.000, 0.352
405.000, 0.353	405.000, 0.353	405.000, 0.353	405.000, 0.353	405.000, 0.353
406.000, 0.354	406.000, 0.354	406.000, 0.354	406.000, 0.354	406.000, 0.354
407.000, 0.355	407.000, 0.355	407.000, 0.355	407.000, 0.355	407.000, 0.356
408.000, 0.357	408.000, 0.357	408.000, 0.357	408.000, 0.357	408.000, 0.357
409.000, 0.359	409.000, 0.359	409.000, 0.359	409.000, 0.359	409.000, 0.359
410.000, 0.360	410.000, 0.360	410.000, 0.360	410.000, 0.360	410.000, 0.360
411.000, 0.361	411.000, 0.361	411.000, 0.361	411.000, 0.361	411.000, 0.361
412.000, 0.362	412.000, 0.363	412.000, 0.363	412.000, 0.363	412.000, 0.363
413.000, 0.364	413.000, 0.365	413.000, 0.364	413.000, 0.364	413.000, 0.364
414.000, 0.365	414.000, 0.366	414.000, 0.365	414.000, 0.365	414.000, 0.366
415.000, 0.367	415.000, 0.367	415.000, 0.366	415.000, 0.366	415.000, 0.367
416.000, 0.368	416.000, 0.368	416.000, 0.368	416.000, 0.368	416.000, 0.368
417.000, 0.369	417.000, 0.370	417.000, 0.369	417.000, 0.370	417.000, 0.369
418.000, 0.370	418.000, 0.371	418.000, 0.371	418.000, 0.371	418.000, 0.371
419.000, 0.372	419.000, 0.372	419.000, 0.372	419.000, 0.372	419.000, 0.372
420.000, 0.373	420.000, 0.373	420.000, 0.373	420.000, 0.373	420.000, 0.373
421.000, 0.374	421.000, 0.375	421.000, 0.374	421.000, 0.374	421.000, 0.374
422.000, 0.376	422.000, 0.376	422.000, 0.376	422.000, 0.376	422.000, 0.376
423.000, 0.378	423.000, 0.378	423.000, 0.378	423.000, 0.377	423.000, 0.378
424.000, 0.379	424.000, 0.379	424.000, 0.379	424.000, 0.379	424.000, 0.379
425.000, 0.380	425.000, 0.381	425.000, 0.380	425.000, 0.380	425.000, 0.381
426.000, 0.382	426.000, 0.382	426.000, 0.381	426.000, 0.382	426.000, 0.382
427.000, 0.383	427.000, 0.383	427.000, 0.383	427.000, 0.383	427.000, 0.383
428.000, 0.385	428.000, 0.385	428.000, 0.385	428.000, 0.385	428.000, 0.385
429.000, 0.386	429.000, 0.386	429.000, 0.386	429.000, 0.386	429.000, 0.386
430.000, 0.388	430.000, 0.388	430.000, 0.387	430.000, 0.388	430.000, 0.388
431.000, 0.389	431.000, 0.389	431.000, 0.389	431.000, 0.389	431.000, 0.389
432.000, 0.391	432.000, 0.391	432.000, 0.391	432.000, 0.391	432.000, 0.391
433.000, 0.392	433.000, 0.392	433.000, 0.392	433.000, 0.392	433.000, 0.392
434.000, 0.394	434.000, 0.394	434.000, 0.394	434.000, 0.394	434.000, 0.394
435.000, 0.396	435.000, 0.395	435.000, 0.395	435.000, 0.395	435.000, 0.396
436.000, 0.397	436.000, 0.397	436.000, 0.397	436.000, 0.397	436.000, 0.397
437.000, 0.399	437.000, 0.399	437.000, 0.398	437.000, 0.398	437.000, 0.398
438.000, 0.400	438.000, 0.400	438.000, 0.400	438.000, 0.400	438.000, 0.400
439.000, 0.402	439.000, 0.402	439.000, 0.402	439.000, 0.401	439.000, 0.401
440.000, 0.403	440.000, 0.403	440.000, 0.403	440.000, 0.403	440.000, 0.403
441.000, 0.405	441.000, 0.405	441.000, 0.405	441.000, 0.404	441.000, 0.405
442.000, 0.406	442.000, 0.406	442.000, 0.406	442.000, 0.406	442.000, 0.406
443.000, 0.407	443.000, 0.407	443.000, 0.407	443.000, 0.407	443.000, 0.407
444.000, 0.409	444.000, 0.409	444.000, 0.409	444.000, 0.409	444.000, 0.409
445.000, 0.410	445.000, 0.410	445.000, 0.410	445.000, 0.410	445.000, 0.410
446.000, 0.411	446.000, 0.412	446.000, 0.412	446.000, 0.411	446.000, 0.412
447.000, 0.413	447.000, 0.413	447.000, 0.413	447.000, 0.412	447.000, 0.413
448.000, 0.414	448.000, 0.414	448.000, 0.414	448.000, 0.414	448.000, 0.414
449.000, 0.416	449.000, 0.416	449.000, 0.415	449.000, 0.415	449.000, 0.415
450.000, 0.417	450.000, 0.417	450.000, 0.417	450.000, 0.417	450.000, 0.417
451.000, 0.418	451.000, 0.418	451.000, 0.418	451.000, 0.418	451.000, 0.418
452.000, 0.419	452.000, 0.419	452.000, 0.419	452.000, 0.418	452.000, 0.419
453.000, 0.420	453.000, 0.420	453.000, 0.420	453.000, 0.420	453.000, 0.420
454.000, 0.421	454.000, 0.421	454.000, 0.421	454.000, 0.421	454.000, 0.421
455.000, 0.422	455.000, 0.422	455.000, 0.422	455.000, 0.422	455.000, 0.422
456.000, 0.423	456.000, 0.423	456.000, 0.423	456.000, 0.423	456.000, 0.423
457.000, 0.424	457.000, 0.424	457.000, 0.424	457.000, 0.424	457.000, 0.424
458.000, 0.425	458.000, 0.425	458.000, 0.425	458.000, 0.425	458.000, 0.425
459.000, 0.426	459.000, 0.426	459.000, 0.426	459.000, 0.426	459.000, 0.426
460.000, 0.427	460.000, 0.427	460.000, 0.427	460.000, 0.426	460.000, 0.427
461.000, 0.428	461.000, 0.428	461.000, 0.427	461.000, 0.427	461.000, 0.428
462.000, 0.429	462.000, 0.428	462.000, 0.428	462.000, 0.428	462.000, 0.428
463.000, 0.429	463.000, 0.429	463.000, 0.429	463.000, 0.429	463.000, 0.429
464.000, 0.430	464.000, 0.430	464.000, 0.430	464.000, 0.429	464.000, 0.430
465.000, 0.430	465.000, 0.430	465.000, 0.430	465.000, 0.430	465.000, 0.430
466.000, 0.431	466.000, 0.431	466.000, 0.431	466.000, 0.431	466.000, 0.431
467.000, 0.432	467.000, 0.432	467.000, 0.432	467.000, 0.432	467.000, 0.432
468.000, 0.433	468.000, 0.433	468.000, 0.432	468.000, 0.432	468.000, 0.433
469.000, 0.433	469.000, 0.433	469.000, 0.433	469.000, 0.433	469.000, 0.433
470.000, 0.434	470.000, 0.434	470.000, 0.434	470.000, 0.434	470.000, 0.434
471.000, 0.435	471.000, 0.435	471.000, 0.435	471.000, 0.435	471.000, 0.435
472.000, 0.435	472.000, 0.436	472.000, 0.435	472.000, 0.435	472.000, 0.435
473.000, 0.436	473.000, 0.436	473.000, 0.436	473.000, 0.436	473.000, 0.436
474.000, 0.437	474.000, 0.437	474.000, 0.437	474.000, 0.437	474.000, 0.437
475.000, 0.438	475.000, 0.438	475.000, 0.438	475.000, 0.437	475.000, 0.438
476.000, 0.439	476.000, 0.439	476.000, 0.439	476.000, 0.438	476.000, 0.439
477.000, 0.439	477.000, 0.439	477.000, 0.439	477.000, 0.439	477.000, 0.439
478.000, 0.440	478.000, 0.440	478.000, 0.440	478.000, 0.440	478.000, 0.440
479.000, 0.441	479.000, 0.441	479.000, 0.441	479.000, 0.440	479.000, 0.441
480.000, 0.442	480.000, 0.442	480.000, 0.442	480.000, 0.441	480.000, 0.441
481.000, 0.443	481.000, 0.442	481.000, 0.442	481.000, 0.442	481.000, 0.442
482.000, 0.443	482.000, 0.443	482.000, 0.443	482.000, 0.443	482.000, 0.443
483.000, 0.444	483.000, 0.444	483.000, 0.444	483.000, 0.444	483.000, 0.444
484.000, 0.445	484.000, 0.445	484.000, 0.445	484.000, 0.445	484.000, 0.445
485.000, 0.446	485.000, 0.446	485.000, 0.446	485.000, 0.446	485.000, 0.446
486.000, 0.447	486.000, 0.447	486.000, 0.447	486.000, 0.446	486.000, 0.447
487.000, 0.448	487.000, 0.448	487.000, 0.448	487.000, 0.447	487.000, 0.448
488.000, 0.449	488.000, 0.449	488.000, 0.449	488.000, 0.448	488.000, 0.449
489.000, 0.450	489.000, 0.450	489.000, 0.450	489.000, 0.450	489.000, 0.450
490.000, 0.451	490.000, 0.451	490.000, 0.451	490.000, 0.450	490.000, 0.451
491.000, 0.452	491.000, 0.452	491.000, 0.452	491.000, 0.451	491.000, 0.452
492.000, 0.453	492.000, 0.453	492.000, 0.453	492.000, 0.452	492.000, 0.453
493.000, 0.454	493.000, 0.454	493.000, 0.454	493.000, 0.453	493.000, 0.454
494.000, 0.455	494.000, 0.455	494.000, 0.455	494.000, 0.455	494.000, 0.455
495.000, 0.456	495.000, 0.456	495.000, 0.456	495.000, 0.456	495.000, 0.456
496.000, 0.457	496.000, 0.457	496.000, 0.457	496.000, 0.457	496.000, 0.457
497.000, 0.458	497.000, 0.458	497.000, 0.458	497.000, 0.457	497.000, 0.458
498.000, 0.459	498.000, 0.459	498.000, 0.459	498.000, 0.458	498.000, 0.459
499.000, 0.460	499.000, 0.460	499.000, 0.460	499.000, 0.460	499.000, 0.460
500.000, 0.461	500.000, 0.461	500.000, 0.461	500.000, 0.461	500.000, 0.461
501.000, 0.462	501.000, 0.462	501.000, 0.462	501.000, 0.462	501.000, 0.462
502.000, 0.464	502.000, 0.463	502.000, 0.463	502.000, 0.463	502.000, 0.464
503.000, 0.465	503.000, 0.465	503.000, 0.464	503.000, 0.464	503.000, 0.465
504.000, 0.466	504.000, 0.466	504.000, 0.466	504.000, 0.465	504.000, 0.466
505.000, 0.467	505.000, 0.467	505.000, 0.467	505.000, 0.466	505.000, 0.467
506.000, 0.468	506.000, 0.469	506.000, 0.468	506.000, 0.468	506.000, 0.468
507.000, 0.469	507.000, 0.470	507.000, 0.469	507.000, 0.469	507.000, 0.469
508.000, 0.471	508.000, 0.471	508.000, 0.471	508.000, 0.470	508.000, 0.470
509.000, 0.472	509.000, 0.472	509.000, 0.472	509.000, 0.471	509.000, 0.471
510.000, 0.473	510.000, 0.473	510.000, 0.473	510.000, 0.472	510.000, 0.472
511.000, 0.474	511.000, 0.474	511.000, 0.474	511.000, 0.473	511.000, 0.474
512.000, 0.475	512.000, 0.475	512.000, 0.475	512.000, 0.475	512.000, 0.475
513.000, 0.476	513.000, 0.476	513.000, 0.476	513.000, 0.476	513.000, 0.476
514.000, 0.478	514.000, 0.477	514.000, 0.477	514.000, 0.477	514.000, 0.478
515.000, 0.479	515.000, 0.478	515.000, 0.478	515.000, 0.478	515.000, 0.479
516.000, 0.480	516.000, 0.480	516.000, 0.480	516.000, 0.479	516.000, 0.480
517.000, 0.481	517.000, 0.481	517.000, 0.481	517.000, 0.481	517.000, 0.481
518.000, 0.482	518.000, 0.483	518.000, 0.482	518.000, 0.482	518.000, 0.483
519.000, 0.484	519.000, 0.484	519.000, 0.484	519.000, 0.483	519.000, 0.484
520.000, 0.485	520.000, 0.485	520.000, 0.485	520.000, 0.485	520.000, 0.485
521.000, 0.486	521.000, 0.486	521.000, 0.486	521.000, 0.486	521.000, 0.486
522.000, 0.487	522.000, 0.488	522.000, 0.488	522.000, 0.487	522.000, 0.488
523.000, 0.489	523.000, 0.489	523.000, 0.489	523.000, 0.488	523.000, 0.489
524.000, 0.490	524.000, 0.490	524.000, 0.490	524.000, 0.489	524.000, 0.490
525.000, 0.491	525.000, 0.491	525.000, 0.491	525.000, 0.490	525.000, 0.491
526.000, 0.492	526.000, 0.492	526.000, 0.492	526.000, 0.492	526.000, 0.492
527.000, 0.493	527.000, 0.493	527.000, 0.493	527.000, 0.493	527.000, 0.493
528.000, 0.495	528.000, 0.495	528.000, 0.495	528.000, 0.494	528.000, 0.495
529.000, 0.496	529.000, 0.496	529.000, 0.496	529.000, 0.495	529.000, 0.496
530.000, 0.497	530.000, 0.497	530.000, 0.497	530.000, 0.496	530.000, 0.497
531.000, 0.498	531.000, 0.498	531.000, 0.498	531.000, 0.498	531.000, 0.498
532.000, 0.500	532.000, 0.500	532.000, 0.499	532.000, 0.499	532.000, 0.500
533.000, 0.501	533.000, 0.501	533.000, 0.501	533.000, 0.500	533.000, 0.501
534.000, 0.502	534.000, 0.502	534.000, 0.502	534.000, 0.501	534.000, 0.502
535.000, 0.503	535.000, 0.503	535.000, 0.503	535.000, 0.502	535.000, 0.503
536.000, 0.504	536.000, 0.504	536.000, 0.504	536.000, 0.504	536.000, 0.504
537.000, 0.505	537.000, 0.505	537.000, 0.505	537.000, 0.505	537.000, 0.505
538.000, 0.506	538.000, 0.506	538.000, 0.506	538.000, 0.506	538.000, 0.506
539.000, 0.507	539.000, 0.507	539.000, 0.507	539.000, 0.507	539.000, 0.508
540.000, 0.509	540.000, 0.508	540.000, 0.508	540.000, 0.508	540.000, 0.509
541.000, 0.510	541.000, 0.509	541.000, 0.509	541.000, 0.509	541.000, 0.509
542.000, 0.511	542.000, 0.511	542.000, 0.510	542.000, 0.510	542.000, 0.511
543.000, 0.512	543.000, 0.512	543.000, 0.512	543.000, 0.511	543.000, 0.512
544.000, 0.513	544.000, 0.513	544.000, 0.513	544.000, 0.512	544.000, 0.513
545.000, 0.514	545.000, 0.514	545.000, 0.514	545.000, 0.514	545.000, 0.514
546.000, 0.515	546.000, 0.515	546.000, 0.515	546.000, 0.515	546.000, 0.515
547.000, 0.516	547.000, 0.516	547.000, 0.516	547.000, 0.516	547.000, 0.516
548.000, 0.518	548.000, 0.517	548.000, 0.517	548.000, 0.517	548.000, 0.517
549.000, 0.519	549.000, 0.518	549.000, 0.518	549.000, 0.518	549.000, 0.519
550.000, 0.519	550.000, 0.519	550.000, 0.519	550.000, 0.519	550.000, 0.520
551.000, 0.520	551.000, 0.520	551.000, 0.520	551.000, 0.520	551.000, 0.521
552.000, 0.522	552.000, 0.522	552.000, 0.521	552.000, 0.521	552.000, 0.522
553.000, 0.523	553.000, 0.523	553.000, 0.522	553.000, 0.522	553.000, 0.523
554.000, 0.524	554.000, 0.524	554.000, 0.523	554.000, 0.523	554.000, 0.524
555.000, 0.525	555.000, 0.525	555.000, 0.525	555.000, 0.524	555.000, 0.525
556.000, 0.526	556.000, 0.526	556.000, 0.526	556.000, 0.525	556.000, 0.526
557.000, 0.527	557.000, 0.527	557.000, 0.526	557.000, 0.526	557.000, 0.527
558.000, 0.527	558.000, 0.527	558.000, 0.527	558.000, 0.527	558.000, 0.527
559.000, 0.528	559.000, 0.528	559.000, 0.528	559.000, 0.528	559.000, 0.528
560.000, 0.529	560.000, 0.529	560.000, 0.529	560.000, 0.529	560.000, 0.529
561.000, 0.531	561.000, 0.530	561.000, 0.530	561.000, 0.530	561.000, 0.531
562.000, 0.531	562.000, 0.531	562.000, 0.531	562.000, 0.531	562.000, 0.531
563.000, 0.532	563.000, 0.532	563.000, 0.532	563.000, 0.532	563.000, 0.532
564.000, 0.533	564.000, 0.533	564.000, 0.533	564.000, 0.533	564.000, 0.533
565.000, 0.534	565.000, 0.534	565.000, 0.534	565.000, 0.533	565.000, 0.534
566.000, 0.535	566.000, 0.534	566.000, 0.534	566.000, 0.534	566.000, 0.535
567.000, 0.536	567.000, 0.536	567.000, 0.535	567.000, 0.535	567.000, 0.536
568.000, 0.537	568.000, 0.537	568.000, 0.536	568.000, 0.536	568.000, 0.537
569.000, 0.538	569.000, 0.537	569.000, 0.537	569.000, 0.537	569.000, 0.537
570.000, 0.538	570.000, 0.538	570.000, 0.538	570.000, 0.538	570.000, 0.538
571.000, 0.539	571.000, 0.539	571.000, 0.539	571.000, 0.538	571.000, 0.539
572.000, 0.540	572.000, 0.540	572.000, 0.539	572.000, 0.539	572.000, 0.540
573.000, 0.541	573.000, 0.540	573.000, 0.540	573.000, 0.540	573.000, 0.540
574.000, 0.541	574.000, 0.541	574.000, 0.541	574.000, 0.541	574.000, 0.541
575.000, 0.542	575.000, 0.542	575.000, 0.542	575.000, 0.541	575.000, 0.542
576.000, 0.543	576.000, 0.543	576.000, 0.543	576.000, 0.542	576.000, 0.543
577.000, 0.544	577.000, 0.544	577.000, 0.543	577.000, 0.543	577.000, 0.544
578.000, 0.545	578.000, 0.544	578.000, 0.544	578.000, 0.544	578.000, 0.544
579.000, 0.545	579.000, 0.545	579.000, 0.545	579.000, 0.545	579.000, 0.545
580.000, 0.546	580.000, 0.546	580.000, 0.545	580.000, 0.545	580.000, 0.546
581.000, 0.546	581.000, 0.546	581.000, 0.546	581.000, 0.546	581.000, 0.546
582.000, 0.547	582.000, 0.546	582.000, 0.547	582.000, 0.546	582.000, 0.547
583.000, 0.548	583.000, 0.547	583.000, 0.547	583.000, 0.547	583.000, 0.547
584.000, 0.548	584.000, 0.548	584.000, 0.548	584.000, 0.547	584.000, 0.548
585.000, 0.549	585.000, 0.549	585.000, 0.548	585.000, 0.548	585.000, 0.549
586.000, 0.549	586.000, 0.549	586.000, 0.549	586.000, 0.548	586.000, 0.549
587.000, 0.550	587.000, 0.549	587.000, 0.549	587.000, 0.549	587.000, 0.550
588.000, 0.551	588.000, 0.550	588.000, 0.550	588.000, 0.550	588.000, 0.550
589.000, 0.551	589.000, 0.550	589.000, 0.550	589.000, 0.550	589.000, 0.551
590.000, 0.551	590.000, 0.551	590.000, 0.551	590.000, 0.551	590.000, 0.551
591.000, 0.552	591.000, 0.551	591.000, 0.551	591.000, 0.552	591.000, 0.552
592.000, 0.553	592.000, 0.552	592.000, 0.552	592.000, 0.552	592.000, 0.553
593.000, 0.553	593.000, 0.553	593.000, 0.552	593.000, 0.552	593.000, 0.553
594.000, 0.553	594.000, 0.553	594.000, 0.553	594.000, 0.552	594.000, 0.554
595.000, 0.554	595.000, 0.553	595.000, 0.553	595.000, 0.553	595.000, 0.554
596.000, 0.554	596.000, 0.554	596.000, 0.554	596.000, 0.554	596.000, 0.555
597.000, 0.555	597.000, 0.554	597.000, 0.554	597.000, 0.554	597.000, 0.555
598.000, 0.555	598.000, 0.555	598.000, 0.554	598.000, 0.555	598.000, 0.556
599.000, 0.556	599.000, 0.556	599.000, 0.555	599.000, 0.555	599.000, 0.556
600.000, 0.556	600.000, 0.556	600.000, 0.556	600.000, 0.556	600.000, 0.556
601.000, 0.557	601.000, 0.556	601.000, 0.556	601.000, 0.556	601.000, 0.557
602.000, 0.558	602.000, 0.557	602.000, 0.557	602.000, 0.557	602.000, 0.558
603.000, 0.558	603.000, 0.558	603.000, 0.558	603.000, 0.557	603.000, 0.558
604.000, 0.559	604.000, 0.558	604.000, 0.558	604.000, 0.557	604.000, 0.558
605.000, 0.559	605.000, 0.559	605.000, 0.559	605.000, 0.558	605.000, 0.559
606.000, 0.560	606.000, 0.559	606.000, 0.559	606.000, 0.559	606.000, 0.559
607.000, 0.560	607.000, 0.560	607.000, 0.560	607.000, 0.559	607.000, 0.560
608.000, 0.560	608.000, 0.560	608.000, 0.560	608.000, 0.560	608.000, 0.560
609.000, 0.561	609.000, 0.561	609.000, 0.560	609.000, 0.560	609.000, 0.561
610.000, 0.562	610.000, 0.561	610.000, 0.561	610.000, 0.561	610.000, 0.562
611.000, 0.562	611.000, 0.562	611.000, 0.562	611.000, 0.561	611.000, 0.562
612.000, 0.563	612.000, 0.562	612.000, 0.562	612.000, 0.562	612.000, 0.562
613.000, 0.563	613.000, 0.563	613.000, 0.562	613.000, 0.562	613.000, 0.563
614.000, 0.564	614.000, 0.563	614.000, 0.563	614.000, 0.562	614.000, 0.564
615.000, 0.564	615.000, 0.563	615.000, 0.563	615.000, 0.563	615.000, 0.564
616.000, 0.564	616.000, 0.564	616.000, 0.564	616.000, 0.564	616.000, 0.564
617.000, 0.565	617.000, 0.564	617.000, 0.564	617.000, 0.564	617.000, 0.565
618.000, 0.565	618.000, 0.565	618.000, 0.564	618.000, 0.564	618.000, 0.565
619.000, 0.565	619.000, 0.565	619.000, 0.565	619.000, 0.565	619.000, 0.565
620.000, 0.566	620.000, 0.565	620.000, 0.565	620.000, 0.565	620.000, 0.566
621.000, 0.567	621.000, 0.566	621.000, 0.566	621.000, 0.566	621.000, 0.566
622.000, 0.567	622.000, 0.566	622.000, 0.566	622.000, 0.566	622.000, 0.567
623.000, 0.567	623.000, 0.567	623.000, 0.567	623.000, 0.566	623.000, 0.567
624.000, 0.568	624.000, 0.567	624.000, 0.567	624.000, 0.567	624.000, 0.568
625.000, 0.568	625.000, 0.568	625.000, 0.567	625.000, 0.567	625.000, 0.568
626.000, 0.568	626.000, 0.568	626.000, 0.568	626.000, 0.567	626.000, 0.568
627.000, 0.568	627.000, 0.568	627.000, 0.568	627.000, 0.568	627.000, 0.568
628.000, 0.569	628.000, 0.568	628.000, 0.568	628.000, 0.568	628.000, 0.569
629.000, 0.569	629.000, 0.569	629.000, 0.568	629.000, 0.568	629.000, 0.569
630.000, 0.570	630.000, 0.569	630.000, 0.569	630.000, 0.569	630.000, 0.570
631.000, 0.570	631.000, 0.569	631.000, 0.569	631.000, 0.570	631.000, 0.570
632.000, 0.570	632.000, 0.570	632.000, 0.570	632.000, 0.570	632.000, 0.570
633.000, 0.571	633.000, 0.570	633.000, 0.571	633.000, 0.570	633.000, 0.571
634.000, 0.571	634.000, 0.570	634.000, 0.571	634.000, 0.570	634.000, 0.571
635.000, 0.572	635.000, 0.571	635.000, 0.571	635.000, 0.570	635.000, 0.571
636.000, 0.572	636.000, 0.572	636.000, 0.571	636.000, 0.571	636.000, 0.572
637.000, 0.573	637.000, 0.572	637.000, 0.572	637.000, 0.572	637.000, 0.573
638.000, 0.573	638.000, 0.572	638.000, 0.572	638.000, 0.572	638.000, 0.573
639.000, 0.573	639.000, 0.572	639.000, 0.572	639.000, 0.572	639.000, 0.573
640.000, 0.573	640.000, 0.573	640.000, 0.573	640.000, 0.573	640.000, 0.573
641.000, 0.574	641.000, 0.573	641.000, 0.573	641.000, 0.573	641.000, 0.574
642.000, 0.574	642.000, 0.574	642.000, 0.574	642.000, 0.574	642.000, 0.574
643.000, 0.575	643.000, 0.574	643.000, 0.574	643.000, 0.574	643.000, 0.574
644.000, 0.575	644.000, 0.575	644.000, 0.574	644.000, 0.574	644.000, 0.575
645.000, 0.575	645.000, 0.575	645.000, 0.575	645.000, 0.574	645.000, 0.576
646.000, 0.576	646.000, 0.575	646.000, 0.575	646.000, 0.575	646.000, 0.576
647.000, 0.576	647.000, 0.576	647.000, 0.576	647.000, 0.575	647.000, 0.576
648.000, 0.577	648.000, 0.576	648.000, 0.576	648.000, 0.576	648.000, 0.577
649.000, 0.577	649.000, 0.577	649.000, 0.576	649.000, 0.576	649.000, 0.577
650.000, 0.577	650.000, 0.577	650.000, 0.577	650.000, 0.577	650.000, 0.577
651.000, 0.578	651.000, 0.577	651.000, 0.576	651.000, 0.577	651.000, 0.577
652.000, 0.578	652.000, 0.577	652.000, 0.577	652.000, 0.577	652.000, 0.578
653.000, 0.578	653.000, 0.578	653.000, 0.578	653.000, 0.577	653.000, 0.578
654.000, 0.579	654.000, 0.578	654.000, 0.578	654.000, 0.578	654.000, 0.578
655.000, 0.579	655.000, 0.578	655.000, 0.578	655.000, 0.578	655.000, 0.579
656.000, 0.579	656.000, 0.579	656.000, 0.579	656.000, 0.578	656.000, 0.579
657.000, 0.579	657.000, 0.579	657.000, 0.579	657.000, 0.579	657.000, 0.580
658.000, 0.580	658.000, 0.580	658.000, 0.579	658.000, 0.579	658.000, 0.580
659.000, 0.581	659.000, 0.580	659.000, 0.580	659.000, 0.580	659.000, 0.581
660.000, 0.581	660.000, 0.581	660.000, 0.580	660.000, 0.580	660.000, 0.581
661.000, 0.581	661.000, 0.581	661.000, 0.581	661.000, 0.580	661.000, 0.581
662.000, 0.582	662.000, 0.582	662.000, 0.581	662.000, 0.581	662.000, 0.582
663.000, 0.582	663.000, 0.582	663.000, 0.581	663.000, 0.582	663.000, 0.582
664.000, 0.582	664.000, 0.582	664.000, 0.582	664.000, 0.582	664.000, 0.582
665.000, 0.583	665.000, 0.582	665.000, 0.582	665.000, 0.582	665.000, 0.583
666.000, 0.584	666.000, 0.583	666.000, 0.583	666.000, 0.583	666.000, 0.584
667.000, 0.583	667.000, 0.583	667.000, 0.583	667.000, 0.582	667.000, 0.584
668.000, 0.584	668.000, 0.584	668.000, 0.584	668.000, 0.583	668.000, 0.584
669.000, 0.585	669.000, 0.584	669.000, 0.584	669.000, 0.584	669.000, 0.585
670.000, 0.585	670.000, 0.584	670.000, 0.584	670.000, 0.584	670.000, 0.585
671.000, 0.586	671.000, 0.585	671.000, 0.585	671.000, 0.584	671.000, 0.586
672.000, 0.586	672.000, 0.585	672.000, 0.585	672.000, 0.585	672.000, 0.586
673.000, 0.586	673.000, 0.585	673.000, 0.585	673.000, 0.585	673.000, 0.586
674.000, 0.586	674.000, 0.586	674.000, 0.586	674.000, 0.586	674.000, 0.586
675.000, 0.587	675.000, 0.587	675.000, 0.586	675.000, 0.586	675.000, 0.587
676.000, 0.587	676.000, 0.587	676.000, 0.586	676.000, 0.586	676.000, 0.588
677.000, 0.587	677.000, 0.587	677.000, 0.587	677.000, 0.587	677.000, 0.588
678.000, 0.588	678.000, 0.588	678.000, 0.587	678.000, 0.587	678.000, 0.588
679.000, 0.588	679.000, 0.588	679.000, 0.588	679.000, 0.587	679.000, 0.588
680.000, 0.589	680.000, 0.588	680.000, 0.588	680.000, 0.588	680.000, 0.589
681.000, 0.589	681.000, 0.588	681.000, 0.588	681.000, 0.588	681.000, 0.590
682.000, 0.590	682.000, 0.589	682.000, 0.589	682.000, 0.589	682.000, 0.590
683.000, 0.590	683.000, 0.589	683.000, 0.589	683.000, 0.589	683.000, 0.590
684.000, 0.591	684.000, 0.590	684.000, 0.590	684.000, 0.589	684.000, 0.590
685.000, 0.591	685.000, 0.590	685.000, 0.590	685.000, 0.589	685.000, 0.591
686.000, 0.590	686.000, 0.589	686.000, 0.589	686.000, 0.589	686.000, 0.590
687.000, 0.591	687.000, 0.590	687.000, 0.590	687.000, 0.590	687.000, 0.591
688.000, 0.591	688.000, 0.591	688.000, 0.591	688.000, 0.591	688.000, 0.592
689.000, 0.592	689.000, 0.592	689.000, 0.591	689.000, 0.591	689.000, 0.592
690.000, 0.593	690.000, 0.592	690.000, 0.592	690.000, 0.592	690.000, 0.593
691.000, 0.594	691.000, 0.593	691.000, 0.593	691.000, 0.593	691.000, 0.593
692.000, 0.594	692.000, 0.593	692.000, 0.593	692.000, 0.593	692.000, 0.593
693.000, 0.594	693.000, 0.593	693.000, 0.593	693.000, 0.593	693.000, 0.594
694.000, 0.595	694.000, 0.594	694.000, 0.594	694.000, 0.594	694.000, 0.595
695.000, 0.595	695.000, 0.595	695.000, 0.594	695.000, 0.594	695.000, 0.596
696.000, 0.596	696.000, 0.595	696.000, 0.595	696.000, 0.595	696.000, 0.596
697.000, 0.597	697.000, 0.596	697.000, 0.595	697.000, 0.596	697.000, 0.596
698.000, 0.597	698.000, 0.596	698.000, 0.596	698.000, 0.596	698.000, 0.597
699.000, 0.597	699.000, 0.597	699.000, 0.596	699.000, 0.596	699.000, 0.598
700.000, 0.597	700.000, 0.597	700.000, 0.596	700.000, 0.596	700.000, 0.597
701.000, 0.598	701.000, 0.597	701.000, 0.597	701.000, 0.597	701.000, 0.598
702.000, 0.599	702.000, 0.598	702.000, 0.598	702.000, 0.597	702.000, 0.599
703.000, 0.599	703.000, 0.598	703.000, 0.598	703.000, 0.598	703.000, 0.599
704.000, 0.599	704.000, 0.599	704.000, 0.598	704.000, 0.599	704.000, 0.600
705.000, 0.600	705.000, 0.599	705.000, 0.599	705.000, 0.599	705.000, 0.600
706.000, 0.600	706.000, 0.600	706.000, 0.599	706.000, 0.600	706.000, 0.600
707.000, 0.601	707.000, 0.600	707.000, 0.600	707.000, 0.600	707.000, 0.601
708.000, 0.601	708.000, 0.601	708.000, 0.600	708.000, 0.600	708.000, 0.601
709.000, 0.601	709.000, 0.601	709.000, 0.600	709.000, 0.601	709.000, 0.602
710.000, 0.602	710.000, 0.601	710.000, 0.601	710.000, 0.601	710.000, 0.603
711.000, 0.603	711.000, 0.602	711.000, 0.602	711.000, 0.602	711.000, 0.603
712.000, 0.603	712.000, 0.602	712.000, 0.602	712.000, 0.602	712.000, 0.603
713.000, 0.603	713.000, 0.603	713.000, 0.603	713.000, 0.602	713.000, 0.603
714.000, 0.604	714.000, 0.603	714.000, 0.603	714.000, 0.603	714.000, 0.604
715.000, 0.604	715.000, 0.603	715.000, 0.603	715.000, 0.603	715.000, 0.604
716.000, 0.604	716.000, 0.604	716.000, 0.603	716.000, 0.603	716.000, 0.604
717.000, 0.605	717.000, 0.604	717.000, 0.604	717.000, 0.604	717.000, 0.605
718.000, 0.605	718.000, 0.604	718.000, 0.605	718.000, 0.604	718.000, 0.605
719.000, 0.605	719.000, 0.605	719.000, 0.605	719.000, 0.605	719.000, 0.606
720.000, 0.606	720.000, 0.605	720.000, 0.606	720.000, 0.606	720.000, 0.607
721.000, 0.607	721.000, 0.606	721.000, 0.606	721.000, 0.606	721.000, 0.607
722.000, 0.607	722.000, 0.607	722.000, 0.607	722.000, 0.606	722.000, 0.607
723.000, 0.607	723.000, 0.607	723.000, 0.607	723.000, 0.606	723.000, 0.607
724.000, 0.608	724.000, 0.607	724.000, 0.607	724.000, 0.607	724.000, 0.608
725.000, 0.608	725.000, 0.607	725.000, 0.608	725.000, 0.607	725.000, 0.608
726.000, 0.609	726.000, 0.608	726.000, 0.608	726.000, 0.608	726.000, 0.609
727.000, 0.610	727.000, 0.609	727.000, 0.609	727.000, 0.609	727.000, 0.609
728.000, 0.610	728.000, 0.609	728.000, 0.609	728.000, 0.609	728.000, 0.610
729.000, 0.610	729.000, 0.609	729.000, 0.609	729.000, 0.609	729.000, 0.610
730.000, 0.611	730.000, 0.610	730.000, 0.610	730.000, 0.610	730.000, 0.611
731.000, 0.611	731.000, 0.611	731.000, 0.611	731.000, 0.610	731.000, 0.611
732.000, 0.612	732.000, 0.611	732.000, 0.611	732.000, 0.611	732.000, 0.612
733.000, 0.612	733.000, 0.612	733.000, 0.611	733.000, 0.611	733.000, 0.612
734.000, 0.613	734.000, 0.612	734.000, 0.612	734.000, 0.612	734.000, 0.613
735.000, 0.613	735.000, 0.613	735.000, 0.612	735.000, 0.612	735.000, 0.613
736.000, 0.613	736.000, 0.613	736.000, 0.613	736.000, 0.612	736.000, 0.613
737.000, 0.614	737.000, 0.613	737.000, 0.613	737.000, 0.613	737.000, 0.613
738.000, 0.614	738.000, 0.614	738.000, 0.613	738.000, 0.614	738.000, 0.614
739.000, 0.615	739.000, 0.615	739.000, 0.614	739.000, 0.615	739.000, 0.615
740.000, 0.616	740.000, 0.615	740.000, 0.615	740.000, 0.615	740.000, 0.616
741.000, 0.616	741.000, 0.616	741.000, 0.615	741.000, 0.616	741.000, 0.616
742.000, 0.616	742.000, 0.616	742.000, 0.616	742.000, 0.616	742.000, 0.616
743.000, 0.617	743.000, 0.616	743.000, 0.616	743.000, 0.616	743.000, 0.617
744.000, 0.618	744.000, 0.617	744.000, 0.617	744.000, 0.616	744.000, 0.617
745.000, 0.618	745.000, 0.617	745.000, 0.617	745.000, 0.617	745.000, 0.617
746.000, 0.618	746.000, 0.618	746.000, 0.617	746.000, 0.617	746.000, 0.618
747.000, 0.618	747.000, 0.618	747.000, 0.618	747.000, 0.618	747.000, 0.618
748.000, 0.619	748.000, 0.618	748.000, 0.618	748.000, 0.618	748.000, 0.619
749.000, 0.619	749.000, 0.619	749.000, 0.619	749.000, 0.619	749.000, 0.619
750.000, 0.620	750.000, 0.619	750.000, 0.619	750.000, 0.620	750.000, 0.620
751.000, 0.620	751.000, 0.620	751.000, 0.620	751.000, 0.620	751.000, 0.620
752.000, 0.621	752.000, 0.621	752.000, 0.620	752.000, 0.620	752.000, 0.621
753.000, 0.622	753.000, 0.621	753.000, 0.621	753.000, 0.621	753.000, 0.622
754.000, 0.621	754.000, 0.620	754.000, 0.621	754.000, 0.620	754.000, 0.621
755.000, 0.622	755.000, 0.621	755.000, 0.621	755.000, 0.621	755.000, 0.622
756.000, 0.622	756.000, 0.622	756.000, 0.622	756.000, 0.621	756.000, 0.622
757.000, 0.622	757.000, 0.622	757.000, 0.621	757.000, 0.621	757.000, 0.622
758.000, 0.621	758.000, 0.621	758.000, 0.621	758.000, 0.621	758.000, 0.621
759.000, 0.620	759.000, 0.620	759.000, 0.620	759.000, 0.620	759.000, 0.620
760.000, 0.620	760.000, 0.620	760.000, 0.619	760.000, 0.620	760.000, 0.621
761.000, 0.621	761.000, 0.621	761.000, 0.620	761.000, 0.621	761.000, 0.622
762.000, 0.622	762.000, 0.621	762.000, 0.621	762.000, 0.621	762.000, 0.622
763.000, 0.623	763.000, 0.623	763.000, 0.622	763.000, 0.623	763.000, 0.623
764.000, 0.624	764.000, 0.625	764.000, 0.623	764.000, 0.624	764.000, 0.624
765.000, 0.625	765.000, 0.625	765.000, 0.625	765.000, 0.624	765.000, 0.625
766.000, 0.626	766.000, 0.625	766.000, 0.626	766.000, 0.625	766.000, 0.626
767.000, 0.627	767.000, 0.626	767.000, 0.626	767.000, 0.626	767.000, 0.627
768.000, 0.627	768.000, 0.627	768.000, 0.627	768.000, 0.626	768.000, 0.627
769.000, 0.628	769.000, 0.627	769.000, 0.627	769.000, 0.626	769.000, 0.628
770.000, 0.628	770.000, 0.627	770.000, 0.627	770.000, 0.627	770.000, 0.628
771.000, 0.628	771.000, 0.628	771.000, 0.628	771.000, 0.628	771.000, 0.628
772.000, 0.629	772.000, 0.629	772.000, 0.628	772.000, 0.628	772.000, 0.628
773.000, 0.629	773.000, 0.629	773.000, 0.629	773.000, 0.629	773.000, 0.629
774.000, 0.630	774.000, 0.629	774.000, 0.629	774.000, 0.629	774.000, 0.629
775.000, 0.630	775.000, 0.630	775.000, 0.630	775.000, 0.629	775.000, 0.630
776.000, 0.630	776.000, 0.630	776.000, 0.630	776.000, 0.630	776.000, 0.630
777.000, 0.631	777.000, 0.630	777.000, 0.630	777.000, 0.630	777.000, 0.630
778.000, 0.631	778.000, 0.631	778.000, 0.630	778.000, 0.630	778.000, 0.630
779.000, 0.631	779.000, 0.631	779.000, 0.631	779.000, 0.631	779.000, 0.631
780.000, 0.632	780.000, 0.632	780.000, 0.631	780.000, 0.631	780.000, 0.632
781.000, 0.633	781.000, 0.633	781.000, 0.632	781.000, 0.632	781.000, 0.632
782.000, 0.632	782.000, 0.632	782.000, 0.632	782.000, 0.632	782.000, 0.632
783.000, 0.631	783.000, 0.632	783.000, 0.632	783.000, 0.632	783.000, 0.632
784.000, 0.633	784.000, 0.633	784.000, 0.633	784.000, 0.633	784.000, 0.633
785.000, 0.633	785.000, 0.633	785.000, 0.633	785.000, 0.633	785.000, 0.633
786.000, 0.634	786.000, 0.634	786.000, 0.633	786.000, 0.634	786.000, 0.634
787.000, 0.634	787.000, 0.634	787.000, 0.634	787.000, 0.634	787.000, 0.635
788.000, 0.635	788.000, 0.635	788.000, 0.635	788.000, 0.635	788.000, 0.635
789.000, 0.635	789.000, 0.635	789.000, 0.635	789.000, 0.635	789.000, 0.635
790.000, 0.635	790.000, 0.636	790.000, 0.635	790.000, 0.635	790.000, 0.635
791.000, 0.636	791.000, 0.636	791.000, 0.635	791.000, 0.635	791.000, 0.636
792.000, 0.636	792.000, 0.636	792.000, 0.636	792.000, 0.636	792.000, 0.636
793.000, 0.637	793.000, 0.637	793.000, 0.636	793.000, 0.636	793.000, 0.637
794.000, 0.637	794.000, 0.637	794.000, 0.637	794.000, 0.636	794.000, 0.637
795.000, 0.637	795.000, 0.637	795.000, 0.637	795.000, 0.637	795.000, 0.637
796.000, 0.638	796.000, 0.637	796.000, 0.637	796.000, 0.637	796.000, 0.637
797.000, 0.638	797.000, 0.637	797.000, 0.637	797.000, 0.637	797.000, 0.637
798.000, 0.637	798.000, 0.637	798.000, 0.637	798.000, 0.637	798.000, 0.638
799.000, 0.638	799.000, 0.638	799.000, 0.638	799.000, 0.638	799.000, 0.638
800.000, 0.639	800.000, 0.638	800.000, 0.638	800.000, 0.638	800.000, 0.638
801.000, 0.639	801.000, 0.639	801.000, 0.638	801.000, 0.638	801.000, 0.638
802.000, 0.639	802.000, 0.639	802.000, 0.639	802.000, 0.638	802.000, 0.639
803.000, 0.640	803.000, 0.640	803.000, 0.640	803.000, 0.639	803.000, 0.640
804.000, 0.640	804.000, 0.640	804.000, 0.640	804.000, 0.640	804.000, 0.640
805.000, 0.640	805.000, 0.641	805.000, 0.640	805.000, 0.639	805.000, 0.640
806.000, 0.639	806.000, 0.640	806.000, 0.639	806.000, 0.639	806.000, 0.639
807.000, 0.640	807.000, 0.640	807.000, 0.640	807.000, 0.639	807.000, 0.639
808.000, 0.640	808.000, 0.641	808.000, 0.640	808.000, 0.640	808.000, 0.640
809.000, 0.641	809.000, 0.641	809.000, 0.641	809.000, 0.641	809.000, 0.641
810.000, 0.641	810.000, 0.641	810.000, 0.642	810.000, 0.641	810.000, 0.641
811.000, 0.641	811.000, 0.641	811.000, 0.641	811.000, 0.641	811.000, 0.641
812.000, 0.641	812.000, 0.641	812.000, 0.641	812.000, 0.641	812.000, 0.641
813.000, 0.641	813.000, 0.642	813.000, 0.642	813.000, 0.641	813.000, 0.642
814.000, 0.642	814.000, 0.643	814.000, 0.642	814.000, 0.642	814.000, 0.642
815.000, 0.642	815.000, 0.643	815.000, 0.642	815.000, 0.642	815.000, 0.642
816.000, 0.643	816.000, 0.644	816.000, 0.642	816.000, 0.642	816.000, 0.643
817.000, 0.643	817.000, 0.644	817.000, 0.643	817.000, 0.643	817.000, 0.644
818.000, 0.644	818.000, 0.643	818.000, 0.643	818.000, 0.643	818.000, 0.644
819.000, 0.644	819.000, 0.643	819.000, 0.643	819.000, 0.643	819.000, 0.644
820.000, 0.644	820.000, 0.644	820.000, 0.644	820.000, 0.644	820.000, 0.644
821.000, 0.644	821.000, 0.644	821.000, 0.644	821.000, 0.644	821.000, 0.644
822.000, 0.644	822.000, 0.643	822.000, 0.643	822.000, 0.644	822.000, 0.644
823.000, 0.645	823.000, 0.644	823.000, 0.645	823.000, 0.644	823.000, 0.645
824.000, 0.646	824.000, 0.645	824.000, 0.646	824.000, 0.645	824.000, 0.646
825.000, 0.646	825.000, 0.645	825.000, 0.645	825.000, 0.645	825.000, 0.645
826.000, 0.646	826.000, 0.645	826.000, 0.645	826.000, 0.645	826.000, 0.645
827.000, 0.646	827.000, 0.646	827.000, 0.645	827.000, 0.646	827.000, 0.646
828.000, 0.646	828.000, 0.647	828.000, 0.646	828.000, 0.646	828.000, 0.646
829.000, 0.646	829.000, 0.647	829.000, 0.646	829.000, 0.646	829.000, 0.646
830.000, 0.647	830.000, 0.646	830.000, 0.646	830.000, 0.647	830.000, 0.646
831.000, 0.647	831.000, 0.646	831.000, 0.646	831.000, 0.647	831.000, 0.646
832.000, 0.647	832.000, 0.647	832.000, 0.647	832.000, 0.647	832.000, 0.647
833.000, 0.648	833.000, 0.647	833.000, 0.648	833.000, 0.647	833.000, 0.648
834.000, 0.648	834.000, 0.648	834.000, 0.648	834.000, 0.647	834.000, 0.648
835.000, 0.649	835.000, 0.648	835.000, 0.648	835.000, 0.647	835.000, 0.648
836.000, 0.649	836.000, 0.648	836.000, 0.649	836.000, 0.648	836.000, 0.649
837.000, 0.649	837.000, 0.648	837.000, 0.648	837.000, 0.648	837.000, 0.649
838.000, 0.648	838.000, 0.648	838.000, 0.647	838.000, 0.648	838.000, 0.648
839.000, 0.649	839.000, 0.649	839.000, 0.649	839.000, 0.649	839.000, 0.649
840.000, 0.650	840.000, 0.649	840.000, 0.649	840.000, 0.649	840.000, 0.650
841.000, 0.650	841.000, 0.649	841.000, 0.648	841.000, 0.648	841.000, 0.649
842.000, 0.649	842.000, 0.649	842.000, 0.649	842.000, 0.648	842.000, 0.649
843.000, 0.650	843.000, 0.650	843.000, 0.650	843.000, 0.649	843.000, 0.650
844.000, 0.651	844.000, 0.650	844.000, 0.651	844.000, 0.650	844.000, 0.651
845.000, 0.651	845.000, 0.651	845.000, 0.651	845.000, 0.650	845.000, 0.650
846.000, 0.650	846.000, 0.651	846.000, 0.650	846.000, 0.650	846.000, 0.650
847.000, 0.650	847.000, 0.651	847.000, 0.651	847.000, 0.651	847.000, 0.650
848.000, 0.651	848.000, 0.652	848.000, 0.651	848.000, 0.652	848.000, 0.651
849.000, 0.652	849.000, 0.653	849.000, 0.651	849.000, 0.652	849.000, 0.651
850.000, 0.652	850.000, 0.652	850.000, 0.651	850.000, 0.651	850.000, 0.651
851.000, 0.651	851.000, 0.651	851.000, 0.651	851.000, 0.651	851.000, 0.651
852.000, 0.652	852.000, 0.652	852.000, 0.652	852.000, 0.652	852.000, 0.652
853.000, 0.652	853.000, 0.652	853.000, 0.652	853.000, 0.652	853.000, 0.652
854.000, 0.652	854.000, 0.652	854.000, 0.652	854.000, 0.652	854.000, 0.652
855.000, 0.652	855.000, 0.652	855.000, 0.651	855.000, 0.651	855.000, 0.652
856.000, 0.652	856.000, 0.653	856.000, 0.651	856.000, 0.652	856.000, 0.653
857.000, 0.653	857.000, 0.654	857.000, 0.652	857.000, 0.653	857.000, 0.654
858.000, 0.653	858.000, 0.654	858.000, 0.652	858.000, 0.652	858.000, 0.654
859.000, 0.654	859.000, 0.654	859.000, 0.653	859.000, 0.652	859.000, 0.654
860.000, 0.655	860.000, 0.654	860.000, 0.655	860.000, 0.653	860.000, 0.654
861.000, 0.655	861.000, 0.654	861.000, 0.654	861.000, 0.653	861.000, 0.654
862.000, 0.654	862.000, 0.654	862.000, 0.652	862.000, 0.654	862.000, 0.653
863.000, 0.653	863.000, 0.653	863.000, 0.653	863.000, 0.653	863.000, 0.652
864.000, 0.654	864.000, 0.654	864.000, 0.654	864.000, 0.654	864.000, 0.653
865.000, 0.655	865.000, 0.655	865.000, 0.655	865.000, 0.656	865.000, 0.655
866.000, 0.654	866.000, 0.654	866.000, 0.654	866.000, 0.655	866.000, 0.655
867.000, 0.656	867.000, 0.654	867.000, 0.654	867.000, 0.655	867.000, 0.656
868.000, 0.657	868.000, 0.655	868.000, 0.655	868.000, 0.656	868.000, 0.656
869.000, 0.656	869.000, 0.656	869.000, 0.656	869.000, 0.656	869.000, 0.655
870.000, 0.655	870.000, 0.656	870.000, 0.656	870.000, 0.655	870.000, 0.655
871.000, 0.656	871.000, 0.655	871.000, 0.655	871.000, 0.654	871.000, 0.656
872.000, 0.657	872.000, 0.656	872.000, 0.656	872.000, 0.656	872.000, 0.657
873.000, 0.658	873.000, 0.657	873.000, 0.656	873.000, 0.658	873.000, 0.657
874.000, 0.657	874.000, 0.657	874.000, 0.656	874.000, 0.657	874.000, 0.658
875.000, 0.657	875.000, 0.656	875.000, 0.656	875.000, 0.655	875.000, 0.657
876.000, 0.656	876.000, 0.655	876.000, 0.655	876.000, 0.655	876.000, 0.657
877.000, 0.657	877.000, 0.656	877.000, 0.656	877.000, 0.655	877.000, 0.657
878.000, 0.657	878.000, 0.657	878.000, 0.656	878.000, 0.656	878.000, 0.658
879.000, 0.658	879.000, 0.657	879.000, 0.656	879.000, 0.656	879.000, 0.659
880.000, 0.658	880.000, 0.658	880.000, 0.656	880.000, 0.655	880.000, 0.659
881.000, 0.658	881.000, 0.658	881.000, 0.656	881.000, 0.655	881.000, 0.658
882.000, 0.657	882.000, 0.657	882.000, 0.656	882.000, 0.656	882.000, 0.658
883.000, 0.658	883.000, 0.657	883.000, 0.657	883.000, 0.657	883.000, 0.658
884.000, 0.660	884.000, 0.658	884.000, 0.658	884.000, 0.658	884.000, 0.659
885.000, 0.658	885.000, 0.659	885.000, 0.658	885.000, 0.658	885.000, 0.659
886.000, 0.658	886.000, 0.659	886.000, 0.659	886.000, 0.658	886.000, 0.659
887.000, 0.659	887.000, 0.658	887.000, 0.659	887.000, 0.658	887.000, 0.660
888.000, 0.660	888.000, 0.659	888.000, 0.659	888.000, 0.658	888.000, 0.660
889.000, 0.660	889.000, 0.660	889.000, 0.659	889.000, 0.658	889.000, 0.660
890.000, 0.660	890.000, 0.660	890.000, 0.659	890.000, 0.660	890.000, 0.660
891.000, 0.658	891.000, 0.659	891.000, 0.659	891.000, 0.658	891.000, 0.659
892.000, 0.657	892.000, 0.657	892.000, 0.658	892.000, 0.657	892.000, 0.658
893.000, 0.658	893.000, 0.658	893.000, 0.657	893.000, 0.658	893.000, 0.659
894.000, 0.660	894.000, 0.660	894.000, 0.659	894.000, 0.660	894.000, 0.661
895.000, 0.662	895.000, 0.661	895.000, 0.661	895.000, 0.661	895.000, 0.662
896.000, 0.658	896.000, 0.658	896.000, 0.657	896.000, 0.659	896.000, 0.659
897.000, 0.657	897.000, 0.657	897.000, 0.656	897.000, 0.658	897.000, 0.658
898.000, 0.660	898.000, 0.661	898.000, 0.659	898.000, 0.660	898.000, 0.659
899.000, 0.662	899.000, 0.661	899.000, 0.659	899.000, 0.660	899.000, 0.660
900.000, 0.662	900.000, 0.661	900.000, 0.659	900.000, 0.661	900.000, 0.662
901.000, 0.662	901.000, 0.662	901.000, 0.661	901.000, 0.662	901.000, 0.662
902.000, 0.661	902.000, 0.661	902.000, 0.662	902.000, 0.661	902.000, 0.662
903.000, 0.659	903.000, 0.660	903.000, 0.661	903.000, 0.660	903.000, 0.661
904.000, 0.660	904.000, 0.661	904.000, 0.660	904.000, 0.660	904.000, 0.660
905.000, 0.662	905.000, 0.662	905.000, 0.661	905.000, 0.662	905.000, 0.662
906.000, 0.664	906.000, 0.664	906.000, 0.663	906.000, 0.663	906.000, 0.664
907.000, 0.664	907.000, 0.664	907.000, 0.664	907.000, 0.662	907.000, 0.662
908.000, 0.664	908.000, 0.664	908.000, 0.664	908.000, 0.662	908.000, 0.663
909.000, 0.666	909.000, 0.665	909.000, 0.664	909.000, 0.664	909.000, 0.666
910.000, 0.664	910.000, 0.665	910.000, 0.662	910.000, 0.663	910.000, 0.664
911.000, 0.662	911.000, 0.664	911.000, 0.660	911.000, 0.661	911.000, 0.662
912.000, 0.662	912.000, 0.665	912.000, 0.661	912.000, 0.663	912.000, 0.663
913.000, 0.662	913.000, 0.662	913.000, 0.661	913.000, 0.663	913.000, 0.663
914.000, 0.661	914.000, 0.660	914.000, 0.660	914.000, 0.662	914.000, 0.662
915.000, 0.663	915.000, 0.662	915.000, 0.660	915.000, 0.662	915.000, 0.663
916.000, 0.664	916.000, 0.664	916.000, 0.661	916.000, 0.662	916.000, 0.664
917.000, 0.662	917.000, 0.664	917.000, 0.662	917.000, 0.661	917.000, 0.664
918.000, 0.662	918.000, 0.664	918.000, 0.663	918.000, 0.661	918.000, 0.664
919.000, 0.664	919.000, 0.664	919.000, 0.665	919.000, 0.664	919.000, 0.665
920.000, 0.667	920.000, 0.667	920.000, 0.666	920.000, 0.667	920.000, 0.667
921.000, 0.667	921.000, 0.666	921.000, 0.665	921.000, 0.665	921.000, 0.667
922.000, 0.665	922.000, 0.664	922.000, 0.662	922.000, 0.663	922.000, 0.666
923.000, 0.664	923.000, 0.669	923.000, 0.663	923.000, 0.666	923.000, 0.664
924.000, 0.665	924.000, 0.669	924.000, 0.665	924.000, 0.666	924.000, 0.665
925.000, 0.667	925.000, 0.665	925.000, 0.666	925.000, 0.663	925.000, 0.667
926.000, 0.665	926.000, 0.667	926.000, 0.663	926.000, 0.664	926.000, 0.667
927.000, 0.664	927.000, 0.669	927.000, 0.662	927.000, 0.666	927.000, 0.667
928.000, 0.664	928.000, 0.668	928.000, 0.664	928.000, 0.667	928.000, 0.664
929.000, 0.664	929.000, 0.667	929.000, 0.664	929.000, 0.666	929.000, 0.664
930.000, 0.665	930.000, 0.668	930.000, 0.664	930.000, 0.664	930.000, 0.665
931.000, 0.667	931.000, 0.670	931.000, 0.666	931.000, 0.666	931.000, 0.667
932.000, 0.664	932.000, 0.668	932.000, 0.664	932.000, 0.664	932.000, 0.665
933.000, 0.660	933.000, 0.664	933.000, 0.659	933.000, 0.660	933.000, 0.661
934.000, 0.665	934.000, 0.666	934.000, 0.657	934.000, 0.666	934.000, 0.663
935.000, 0.671	935.000, 0.667	935.000, 0.661	935.000, 0.666	935.000, 0.666
936.000, 0.675	936.000, 0.664	936.000, 0.668	936.000, 0.660	936.000, 0.668
937.000, 0.672	937.000, 0.669	937.000, 0.667	937.000, 0.666	937.000, 0.669
938.000, 0.667	938.000, 0.671	938.000, 0.664	938.000, 0.667	938.000, 0.669
939.000, 0.662	939.000, 0.665	939.000, 0.666	939.000, 0.658	939.000, 0.667
940.000, 0.663	940.000, 0.663	940.000, 0.668	940.000, 0.662	940.000, 0.669
941.000, 0.666	941.000, 0.663	941.000, 0.667	941.000, 0.670	941.000, 0.670
942.000, 0.664	942.000, 0.661	942.000, 0.659	942.000, 0.666	942.000, 0.666
943.000, 0.663	943.000, 0.663	943.000, 0.661	943.000, 0.666	943.000, 0.666
944.000, 0.664	944.000, 0.668	944.000, 0.672	944.000, 0.669	944.000, 0.671
945.000, 0.667	945.000, 0.669	945.000, 0.675	945.000, 0.669	945.000, 0.670
946.000, 0.671	946.000, 0.669	946.000, 0.675	946.000, 0.674	946.000, 0.670
947.000, 0.674	947.000, 0.669	947.000, 0.674	947.000, 0.683	947.000, 0.673
948.000, 0.675	948.000, 0.673	948.000, 0.673	948.000, 0.676	948.000, 0.673
949.000, 0.675	949.000, 0.677	949.000, 0.674	949.000, 0.671	949.000, 0.673
950.000, 0.674	950.000, 0.676	950.000, 0.677	950.000, 0.679	950.000, 0.676
951.000, 0.668	951.000, 0.672	951.000, 0.671	951.000, 0.672	951.000, 0.673
952.000, 0.664	952.000, 0.669	952.000, 0.666	952.000, 0.661	952.000, 0.669
953.000, 0.672	953.000, 0.672	953.000, 0.677	953.000, 0.676	953.000, 0.672
954.000, 0.678	954.000, 0.679	954.000, 0.679	954.000, 0.683	954.000, 0.674
955.000, 0.677	955.000, 0.686	955.000, 0.670	955.000, 0.675	955.000, 0.672
956.000, 0.674	956.000, 0.684	956.000, 0.664	956.000, 0.670	956.000, 0.669
957.000, 0.670	957.000, 0.675	957.000, 0.662	957.000, 0.664	957.000, 0.667
958.000, 0.666	958.000, 0.664	958.000, 0.665	958.000, 0.659	958.000, 0.668
959.000, 0.669	959.000, 0.665	959.000, 0.669	959.000, 0.665	959.000, 0.667
960.000, 0.671	960.000, 0.671	960.000, 0.671	960.000, 0.672	960.000, 0.667
961.000, 0.665	961.000, 0.669	961.000, 0.667	961.000, 0.668	961.000, 0.669
962.000, 0.669	962.000, 0.668	962.000, 0.668	962.000, 0.669	962.000, 0.673
963.000, 0.681	963.000, 0.668	963.000, 0.674	963.000, 0.673	963.000, 0.677
964.000, 0.676	964.000, 0.668	964.000, 0.671	964.000, 0.664	964.000, 0.674
965.000, 0.671	965.000, 0.671	965.000, 0.670	965.000, 0.663	965.000, 0.670
966.000, 0.671	966.000, 0.675	966.000, 0.674	966.000, 0.674	966.000, 0.670
967.000, 0.674	967.000, 0.677	967.000, 0.673	967.000, 0.676	967.000, 0.672
968.000, 0.674	968.000, 0.676	968.000, 0.671	968.000, 0.673	968.000, 0.674
969.000, 0.668	969.000, 0.675	969.000, 0.669	969.000, 0.670	969.000, 0.675
970.000, 0.670	970.000, 0.674	970.000, 0.670	970.000, 0.673	970.000, 0.679
971.000, 0.677	971.000, 0.675	971.000, 0.674	971.000, 0.678	971.000, 0.683
972.000, 0.681	972.000, 0.678	972.000, 0.678	972.000, 0.679	972.000, 0.679
973.000, 0.678	973.000, 0.680	973.000, 0.679	973.000, 0.676	973.000, 0.680
974.000, 0.671	974.000, 0.679	974.000, 0.679	974.000, 0.672	974.000, 0.683
975.000, 0.676	975.000, 0.674	975.000, 0.679	975.000, 0.674	975.000, 0.678
976.000, 0.675	976.000, 0.671	976.000, 0.673	976.000, 0.675	976.000, 0.673
977.000, 0.661	977.000, 0.673	977.000, 0.661	977.000, 0.674	977.000, 0.672
978.000, 0.662	978.000, 0.675	978.000, 0.662	978.000, 0.674	978.000, 0.670
979.000, 0.671	979.000, 0.679	979.000, 0.670	979.000, 0.676	979.000, 0.673
980.000, 0.675	980.000, 0.682	980.000, 0.675	980.000, 0.680	980.000, 0.683
981.000, 0.678	981.000, 0.679	981.000, 0.675	981.000, 0.681	981.000, 0.680
982.000, 0.678	982.000, 0.671	982.000, 0.672	982.000, 0.678	982.000, 0.668
983.000, 0.670	983.000, 0.673	983.000, 0.669	983.000, 0.673	983.000, 0.668
984.000, 0.666	984.000, 0.675	984.000, 0.672	984.000, 0.669	984.000, 0.673
985.000, 0.672	985.000, 0.677	985.000, 0.679	985.000, 0.668	985.000, 0.678
986.000, 0.676	986.000, 0.679	986.000, 0.673	986.000, 0.668	986.000, 0.673
987.000, 0.676	987.000, 0.677	987.000, 0.666	987.000, 0.668	987.000, 0.668
988.000, 0.674	988.000, 0.670	988.000, 0.667	988.000, 0.669	988.000, 0.671
989.000, 0.670	989.000, 0.672	989.000, 0.668	989.000, 0.669	989.000, 0.675
990.000, 0.668	990.000, 0.677	990.000, 0.669	990.000, 0.669	990.000, 0.677
991.000, 0.671	991.000, 0.673	991.000, 0.676	991.000, 0.669	991.000, 0.677
992.000, 0.673	992.000, 0.673	992.000, 0.680	992.000, 0.669	992.000, 0.675
993.000, 0.673	993.000, 0.678	993.000, 0.677	993.000, 0.670	993.000, 0.672
994.000, 0.676	994.000, 0.680	994.000, 0.677	994.000, 0.668	994.000, 0.676
995.000, 0.674	995.000, 0.675	995.000, 0.678	995.000, 0.668	995.000, 0.673
996.000, 0.667	996.000, 0.667	996.000, 0.679	996.000, 0.672	996.000, 0.663
997.000, 0.674	997.000, 0.671	997.000, 0.677	997.000, 0.677	997.000, 0.668
998.000, 0.684	998.000, 0.677	998.000, 0.676	998.000, 0.679	998.000, 0.677
999.000, 0.681	999.000, 0.671	999.000, 0.676	999.000, 0.675	999.000, 0.674
1000.000, 0.679	1000.000, 0.672	1000.000, 0.674	1000.000, 0.676	1000.000, 0.676
1001.000, 0.679	1001.000, 0.679	1001.000, 0.671	1001.000, 0.681	1001.000, 0.681
1002.000, 0.673	1002.000, 0.677	1002.000, 0.672	1002.000, 0.681	1002.000, 0.677
1003.000, 0.673	1003.000, 0.675	1003.000, 0.674	1003.000, 0.680	1003.000, 0.675
1004.000, 0.680	1004.000, 0.675	1004.000, 0.675	1004.000, 0.679	1004.000, 0.674
1005.000, 0.675	1005.000, 0.674	1005.000, 0.674	1005.000, 0.668	1005.000, 0.667
1006.000, 0.675	1006.000, 0.676	1006.000, 0.673	1006.000, 0.665	1006.000, 0.670
1007.000, 0.690	1007.000, 0.686	1007.000, 0.674	1007.000, 0.682	1007.000, 0.697
1008.000, 0.693	1008.000, 0.690	1008.000, 0.675	1008.000, 0.683	1008.000, 0.702
1009.000, 0.682	1009.000, 0.687	1009.000, 0.674	1009.000, 0.673	1009.000, 0.691
1010.000, 0.662	1010.000, 0.675	1010.000, 0.664	1010.000, 0.669	1010.000, 0.682
1011.000, 0.655	1011.000, 0.674	1011.000, 0.663	1011.000, 0.671	1011.000, 0.672
1012.000, 0.664	1012.000, 0.684	1012.000, 0.672	1012.000, 0.679	1012.000, 0.664
1013.000, 0.673	1013.000, 0.687	1013.000, 0.675	1013.000, 0.682	1013.000, 0.671
1014.000, 0.677	1014.000, 0.686	1014.000, 0.677	1014.000, 0.684	1014.000, 0.677
1015.000, 0.676	1015.000, 0.683	1015.000, 0.680	1015.000, 0.683	1015.000, 0.678
1016.000, 0.684	1016.000, 0.678	1016.000, 0.676	1016.000, 0.678	1016.000, 0.679
1017.000, 0.690	1017.000, 0.677	1017.000, 0.674	1017.000, 0.675	1017.000, 0.684
1018.000, 0.680	1018.000, 0.686	1018.000, 0.683	1018.000, 0.681	1018.000, 0.696
1019.000, 0.683	1019.000, 0.691	1019.000, 0.692	1019.000, 0.688	1019.000, 0.700
1020.000, 0.697	1020.000, 0.687	1020.000, 0.696	1020.000, 0.689	1020.000, 0.694
1021.000, 0.692	1021.000, 0.676	1021.000, 0.685	1021.000, 0.681	1021.000, 0.681
1022.000, 0.687	1022.000, 0.678	1022.000, 0.677	1022.000, 0.684	1022.000, 0.675
1023.000, 0.685	1023.000, 0.695	1023.000, 0.676	1023.000, 0.697	1023.000, 0.677
1024.000, 0.674	1024.000, 0.693	1024.000, 0.668	1024.000, 0.674	1024.000, 0.670
1025.000, 0.669	1025.000, 0.683	1025.000, 0.664	1025.000, 0.657	1025.000, 0.665
1026.000, 0.681	1026.000, 0.678	1026.000, 0.673	1026.000, 0.681	1026.000, 0.673
1027.000, 0.678	1027.000, 0.682	1027.000, 0.673	1027.000, 0.690	1027.000, 0.678
1028.000, 0.670	1028.000, 0.693	1028.000, 0.668	1028.000, 0.688	1028.000, 0.681
1029.000, 0.680	1029.000, 0.709	1029.000, 0.671	1029.000, 0.697	1029.000, 0.691
1030.000, 0.667	1030.000, 0.702	1030.000, 0.670	1030.000, 0.696	1030.000, 0.694
1031.000, 0.639	1031.000, 0.678	1031.000, 0.666	1031.000, 0.684	1031.000, 0.688
1032.000, 0.667	1032.000, 0.694	1032.000, 0.683	1032.000, 0.687	1032.000, 0.690
1033.000, 0.684	1033.000, 0.704	1033.000, 0.687	1033.000, 0.689	1033.000, 0.683
1034.000, 0.665	1034.000, 0.691	1034.000, 0.667	1034.000, 0.683	1034.000, 0.668
1035.000, 0.668	1035.000, 0.678	1035.000, 0.679	1035.000, 0.681	1035.000, 0.678
1036.000, 0.678	1036.000, 0.676	1036.000, 0.693	1036.000, 0.681	1036.000, 0.692
1037.000, 0.674	1037.000, 0.689	1037.000, 0.675	1037.000, 0.679	1037.000, 0.683
1038.000, 0.686	1038.000, 0.694	1038.000, 0.683	1038.000, 0.687	1038.000, 0.679
1039.000, 0.704	1039.000, 0.690	1039.000, 0.707	1039.000, 0.698	1039.000, 0.682
1040.000, 0.687	1040.000, 0.684	1040.000, 0.689	1040.000, 0.690	1040.000, 0.688
1041.000, 0.681	1041.000, 0.683	1041.000, 0.680	1041.000, 0.688	1041.000, 0.696
1042.000, 0.699	1042.000, 0.687	1042.000, 0.691	1042.000, 0.697	1042.000, 0.701
1043.000, 0.722	1043.000, 0.686	1043.000, 0.692	1043.000, 0.693	1043.000, 0.696
1044.000, 0.726	1044.000, 0.691	1044.000, 0.694	1044.000, 0.682	1044.000, 0.691
1045.000, 0.698	1045.000, 0.705	1045.000, 0.705	1045.000, 0.670	1045.000, 0.694
1046.000, 0.678	1046.000, 0.684	1046.000, 0.695	1046.000, 0.655	1046.000, 0.686
1047.000, 0.674	1047.000, 0.661	1047.000, 0.682	1047.000, 0.649	1047.000, 0.675
1048.000, 0.684	1048.000, 0.698	1048.000, 0.698	1048.000, 0.667	1048.000, 0.675
1049.000, 0.700	1049.000, 0.728	1049.000, 0.716	1049.000, 0.698	1049.000, 0.701
1050.000, 0.705	1050.000, 0.728	1050.000, 0.718	1050.000, 0.722	1050.000, 0.733
1051.000, 0.658	1051.000, 0.681	1051.000, 0.669	1051.000, 0.688	1051.000, 0.695
1052.000, 0.639	1052.000, 0.671	1052.000, 0.655	1052.000, 0.680	1052.000, 0.675
1053.000, 0.675	1053.000, 0.720	1053.000, 0.699	1053.000, 0.720	1053.000, 0.701
1054.000, 0.688	1054.000, 0.704	1054.000, 0.694	1054.000, 0.700	1054.000, 0.702
1055.000, 0.690	1055.000, 0.685	1055.000, 0.672	1055.000, 0.672	1055.000, 0.697
1056.000, 0.700	1056.000, 0.732	1056.000, 0.683	1056.000, 0.696	1056.000, 0.709
1057.000, 0.667	1057.000, 0.728	1057.000, 0.668	1057.000, 0.691	1057.000, 0.700
1058.000, 0.621	1058.000, 0.690	1058.000, 0.650	1058.000, 0.669	1058.000, 0.693
1059.000, 0.654	1059.000, 0.715	1059.000, 0.710	1059.000, 0.695	1059.000, 0.762
1060.000, 0.695	1060.000, 0.714	1060.000, 0.723	1060.000, 0.694	1060.000, 0.757
1061.000, 0.719	1061.000, 0.677	1061.000, 0.671	1061.000, 0.662	1061.000, 0.668
1062.000, 0.715	1062.000, 0.689	1062.000, 0.659	1062.000, 0.679	1062.000, 0.669
1063.000, 0.708	1063.000, 0.712	1063.000, 0.678	1063.000, 0.703	1063.000, 0.714
1064.000, 0.715	1064.000, 0.710	1064.000, 0.708	1064.000, 0.698	1064.000, 0.750
1065.000, 0.692	1065.000, 0.693	1065.000, 0.692	1065.000, 0.676	1065.000, 0.737
1066.000, 0.659	1066.000, 0.689	1066.000, 0.661	1066.000, 0.668	1066.000, 0.708
1067.000, 0.658	1067.000, 0.744	1067.000, 0.671	1067.000, 0.725	1067.000, 0.719
1068.000, 0.651	1068.000, 0.745	1068.000, 0.684	1068.000, 0.728	1068.000, 0.722
1069.000, 0.645	1069.000, 0.688	1069.000, 0.687	1069.000, 0.674	1069.000, 0.710
1070.000, 0.690	1070.000, 0.689	1070.000, 0.671	1070.000, 0.693	1070.000, 0.701
1071.000, 0.713	1071.000, 0.713	1071.000, 0.691	1071.000, 0.705	1071.000, 0.704
1072.000, 0.693	1072.000, 0.739	1072.000, 0.760	1072.000, 0.679	1072.000, 0.718
1073.000, 0.699	1073.000, 0.694	1073.000, 0.749	1073.000, 0.644	1073.000, 0.684
1074.000, 0.722	1074.000, 0.660	1074.000, 0.700	1074.000, 0.633	1074.000, 0.659
1075.000, 0.755	1075.000, 0.704	1075.000, 0.658	1075.000, 0.664	1075.000, 0.695
