325.000, 0.250	325.000, 0.225	325.000, 0.242	325.000, 0.237	325.000, 0.241
326.000, 0.252	326.000, 0.224	326.000, 0.243	326.000, 0.240	326.000, 0.244
327.000, 0.257	327.000, 0.226	327.000, 0.248	327.000, 0.246	327.000, 0.250
328.000, 0.260	328.000, 0.235	328.000, 0.253	328.000, 0.250	328.000, 0.254
329.000, 0.261	329.000, 0.237	329.000, 0.253	329.000, 0.253	329.000, 0.253
330.000, 0.261	330.000, 0.233	330.000, 0.250	330.000, 0.254	330.000, 0.250
331.000, 0.260	331.000, 0.233	331.000, 0.248	331.000, 0.249	331.000, 0.252
332.000, 0.261	332.000, 0.235	332.000, 0.250	332.000, 0.248	332.000, 0.254
333.000, 0.264	333.000, 0.239	333.000, 0.256	333.000, 0.254	333.000, 0.257
334.000, 0.265	334.000, 0.239	334.000, 0.256	334.000, 0.256	334.000, 0.258
335.000, 0.266	335.000, 0.238	335.000, 0.257	335.000, 0.258	335.000, 0.259
336.000, 0.269	336.000, 0.241	336.000, 0.264	336.000, 0.262	336.000, 0.260
337.000, 0.271	337.000, 0.244	337.000, 0.264	337.000, 0.262	337.000, 0.263
338.000, 0.271	338.000, 0.245	338.000, 0.260	338.000, 0.260	338.000, 0.265
339.000, 0.269	339.000, 0.243	339.000, 0.259	339.000, 0.260	339.000, 0.262
340.000, 0.269	340.000, 0.243	340.000, 0.261	340.000, 0.262	340.000, 0.262
341.000, 0.272	341.000, 0.245	341.000, 0.264	341.000, 0.265	341.000, 0.267
342.000, 0.274	342.000, 0.247	342.000, 0.264	342.000, 0.267	342.000, 0.268
343.000, 0.276	343.000, 0.248	343.000, 0.264	343.000, 0.268	343.000, 0.268
344.000, 0.278	344.000, 0.248	344.000, 0.267	344.000, 0.267	344.000, 0.268
345.000, 0.278	345.000, 0.249	345.000, 0.268	345.000, 0.268	345.000, 0.270
346.000, 0.278	346.000, 0.249	346.000, 0.269	346.000, 0.269	346.000, 0.272
347.000, 0.278	347.000, 0.252	347.000, 0.271	347.000, 0.270	347.000, 0.273
348.000, 0.280	348.000, 0.255	348.000, 0.273	348.000, 0.273	348.000, 0.275
349.000, 0.283	349.000, 0.258	349.000, 0.274	349.000, 0.276	349.000, 0.278
350.000, 0.284	350.000, 0.258	350.000, 0.276	350.000, 0.278	350.000, 0.279
351.000, 0.285	351.000, 0.259	351.000, 0.278	351.000, 0.279	351.000, 0.280
352.000, 0.287	352.000, 0.259	352.000, 0.279	352.000, 0.280	352.000, 0.283
353.000, 0.289	353.000, 0.261	353.000, 0.281	353.000, 0.281	353.000, 0.284
354.000, 0.290	354.000, 0.262	354.000, 0.281	354.000, 0.282	354.000, 0.284
355.000, 0.289	355.000, 0.262	355.000, 0.281	355.000, 0.282	355.000, 0.284
356.000, 0.291	356.000, 0.264	356.000, 0.284	356.000, 0.283	356.000, 0.287
357.000, 0.294	357.000, 0.266	357.000, 0.286	357.000, 0.285	357.000, 0.289
358.000, 0.293	358.000, 0.267	358.000, 0.286	358.000, 0.286	358.000, 0.289
359.000, 0.294	359.000, 0.267	359.000, 0.287	359.000, 0.288	359.000, 0.289
360.000, 0.297	360.000, 0.268	360.000, 0.289	360.000, 0.290	360.000, 0.291
361.000, 0.299	361.000, 0.270	361.000, 0.291	361.000, 0.292	361.000, 0.294
362.000, 0.301	362.000, 0.272	362.000, 0.292	362.000, 0.294	362.000, 0.296
363.000, 0.301	363.000, 0.274	363.000, 0.293	363.000, 0.294	363.000, 0.297
364.000, 0.302	364.000, 0.274	364.000, 0.294	364.000, 0.294	364.000, 0.298
365.000, 0.302	365.000, 0.274	365.000, 0.295	365.000, 0.295	365.000, 0.298
366.000, 0.304	366.000, 0.277	366.000, 0.297	366.000, 0.298	366.000, 0.300
367.000, 0.305	367.000, 0.279	367.000, 0.299	367.000, 0.300	367.000, 0.301
368.000, 0.307	368.000, 0.279	368.000, 0.300	368.000, 0.301	368.000, 0.303
369.000, 0.307	369.000, 0.280	369.000, 0.300	369.000, 0.302	369.000, 0.303
370.000, 0.308	370.000, 0.282	370.000, 0.302	370.000, 0.303	370.000, 0.304
371.000, 0.310	371.000, 0.283	371.000, 0.303	371.000, 0.304	371.000, 0.306
372.000, 0.312	372.000, 0.283	372.000, 0.305	372.000, 0.305	372.000, 0.308
373.000, 0.314	373.000, 0.285	373.000, 0.306	373.000, 0.307	373.000, 0.310
374.000, 0.315	374.000, 0.288	374.000, 0.308	374.000, 0.309	374.000, 0.311
375.000, 0.316	375.000, 0.290	375.000, 0.310	375.000, 0.311	375.000, 0.313
376.000, 0.317	376.000, 0.291	376.000, 0.312	376.000, 0.314	376.000, 0.316
377.000, 0.320	377.000, 0.292	377.000, 0.313	377.000, 0.315	377.000, 0.317
378.000, 0.322	378.000, 0.293	378.000, 0.315	378.000, 0.317	378.000, 0.319
379.000, 0.324	379.000, 0.295	379.000, 0.317	379.000, 0.319	379.000, 0.321
380.000, 0.326	380.000, 0.297	380.000, 0.318	380.000, 0.320	380.000, 0.322
381.000, 0.327	381.000, 0.298	381.000, 0.320	381.000, 0.321	381.000, 0.323
382.000, 0.328	382.000, 0.300	382.000, 0.322	382.000, 0.324	382.000, 0.324
383.000, 0.331	383.000, 0.302	383.000, 0.324	383.000, 0.326	383.000, 0.327
384.000, 0.334	384.000, 0.304	384.000, 0.326	384.000, 0.328	384.000, 0.330
385.000, 0.336	385.000, 0.306	385.000, 0.330	385.000, 0.330	385.000, 0.333
386.000, 0.338	386.000, 0.310	386.000, 0.333	386.000, 0.333	386.000, 0.335
387.000, 0.341	387.000, 0.313	387.000, 0.336	387.000, 0.335	387.000, 0.338
388.000, 0.343	388.000, 0.314	388.000, 0.336	388.000, 0.337	388.000, 0.340
389.000, 0.345	389.000, 0.316	389.000, 0.338	389.000, 0.339	389.000, 0.343
390.000, 0.346	390.000, 0.318	390.000, 0.341	390.000, 0.341	390.000, 0.345
391.000, 0.348	391.000, 0.320	391.000, 0.342	391.000, 0.344	391.000, 0.346
392.000, 0.350	392.000, 0.322	392.000, 0.344	392.000, 0.346	392.000, 0.347
393.000, 0.353	393.000, 0.324	393.000, 0.347	393.000, 0.348	393.000, 0.350
394.000, 0.355	394.000, 0.325	394.000, 0.349	394.000, 0.350	394.000, 0.352
395.000, 0.356	395.000, 0.326	395.000, 0.351	395.000, 0.352	395.000, 0.353
396.000, 0.357	396.000, 0.328	396.000, 0.352	396.000, 0.354	396.000, 0.355
397.000, 0.360	397.000, 0.331	397.000, 0.354	397.000, 0.357	397.000, 0.357
398.000, 0.363	398.000, 0.335	398.000, 0.358	398.000, 0.359	398.000, 0.360
399.000, 0.364	399.000, 0.335	399.000, 0.358	399.000, 0.359	399.000, 0.361
400.000, 0.365	400.000, 0.335	400.000, 0.359	400.000, 0.360	400.000, 0.363
401.000, 0.367	401.000, 0.337	401.000, 0.361	401.000, 0.362	401.000, 0.365
402.000, 0.369	402.000, 0.339	402.000, 0.363	402.000, 0.364	402.000, 0.367
403.000, 0.370	403.000, 0.340	403.000, 0.364	403.000, 0.366	403.000, 0.367
404.000, 0.371	404.000, 0.341	404.000, 0.366	404.000, 0.367	404.000, 0.368
405.000, 0.372	405.000, 0.343	405.000, 0.367	405.000, 0.369	405.000, 0.370
406.000, 0.375	406.000, 0.344	406.000, 0.368	406.000, 0.370	406.000, 0.372
407.000, 0.376	407.000, 0.345	407.000, 0.370	407.000, 0.371	407.000, 0.373
408.000, 0.377	408.000, 0.346	408.000, 0.372	408.000, 0.373	408.000, 0.375
409.000, 0.379	409.000, 0.348	409.000, 0.374	409.000, 0.375	409.000, 0.378
410.000, 0.380	410.000, 0.349	410.000, 0.375	410.000, 0.376	410.000, 0.379
411.000, 0.381	411.000, 0.351	411.000, 0.376	411.000, 0.378	411.000, 0.380
412.000, 0.383	412.000, 0.353	412.000, 0.377	412.000, 0.379	412.000, 0.381
413.000, 0.385	413.000, 0.354	413.000, 0.379	413.000, 0.381	413.000, 0.382
414.000, 0.386	414.000, 0.355	414.000, 0.380	414.000, 0.382	414.000, 0.384
415.000, 0.387	415.000, 0.356	415.000, 0.382	415.000, 0.383	415.000, 0.385
416.000, 0.388	416.000, 0.357	416.000, 0.383	416.000, 0.385	416.000, 0.387
417.000, 0.390	417.000, 0.359	417.000, 0.385	417.000, 0.386	417.000, 0.388
418.000, 0.391	418.000, 0.360	418.000, 0.387	418.000, 0.388	418.000, 0.390
419.000, 0.393	419.000, 0.361	419.000, 0.388	419.000, 0.389	419.000, 0.391
420.000, 0.394	420.000, 0.363	420.000, 0.389	420.000, 0.390	420.000, 0.392
421.000, 0.395	421.000, 0.364	421.000, 0.390	421.000, 0.392	421.000, 0.394
422.000, 0.397	422.000, 0.366	422.000, 0.392	422.000, 0.393	422.000, 0.396
423.000, 0.398	423.000, 0.367	423.000, 0.394	423.000, 0.395	423.000, 0.397
424.000, 0.400	424.000, 0.369	424.000, 0.395	424.000, 0.396	424.000, 0.399
425.000, 0.401	425.000, 0.370	425.000, 0.397	425.000, 0.398	425.000, 0.400
426.000, 0.403	426.000, 0.371	426.000, 0.398	426.000, 0.400	426.000, 0.402
427.000, 0.404	427.000, 0.373	427.000, 0.400	427.000, 0.401	427.000, 0.404
428.000, 0.406	428.000, 0.375	428.000, 0.402	428.000, 0.403	428.000, 0.405
429.000, 0.407	429.000, 0.376	429.000, 0.403	429.000, 0.405	429.000, 0.407
430.000, 0.409	430.000, 0.378	430.000, 0.405	430.000, 0.407	430.000, 0.408
431.000, 0.411	431.000, 0.379	431.000, 0.407	431.000, 0.408	431.000, 0.410
432.000, 0.413	432.000, 0.381	432.000, 0.409	432.000, 0.410	432.000, 0.412
433.000, 0.414	433.000, 0.383	433.000, 0.410	433.000, 0.412	433.000, 0.414
434.000, 0.416	434.000, 0.384	434.000, 0.412	434.000, 0.414	434.000, 0.415
435.000, 0.418	435.000, 0.386	435.000, 0.414	435.000, 0.415	435.000, 0.417
436.000, 0.419	436.000, 0.387	436.000, 0.415	436.000, 0.417	436.000, 0.419
437.000, 0.421	437.000, 0.389	437.000, 0.417	437.000, 0.418	437.000, 0.421
438.000, 0.423	438.000, 0.391	438.000, 0.419	438.000, 0.420	438.000, 0.422
439.000, 0.424	439.000, 0.392	439.000, 0.420	439.000, 0.422	439.000, 0.424
440.000, 0.426	440.000, 0.394	440.000, 0.422	440.000, 0.424	440.000, 0.426
441.000, 0.427	441.000, 0.395	441.000, 0.423	441.000, 0.425	441.000, 0.427
442.000, 0.429	442.000, 0.397	442.000, 0.425	442.000, 0.427	442.000, 0.429
443.000, 0.430	443.000, 0.398	443.000, 0.427	443.000, 0.428	443.000, 0.431
444.000, 0.432	444.000, 0.399	444.000, 0.428	444.000, 0.430	444.000, 0.432
445.000, 0.433	445.000, 0.401	445.000, 0.430	445.000, 0.431	445.000, 0.433
446.000, 0.434	446.000, 0.402	446.000, 0.431	446.000, 0.433	446.000, 0.435
447.000, 0.436	447.000, 0.404	447.000, 0.433	447.000, 0.434	447.000, 0.436
448.000, 0.437	448.000, 0.405	448.000, 0.434	448.000, 0.436	448.000, 0.438
449.000, 0.439	449.000, 0.407	449.000, 0.435	449.000, 0.437	449.000, 0.439
450.000, 0.440	450.000, 0.408	450.000, 0.437	450.000, 0.439	450.000, 0.441
451.000, 0.441	451.000, 0.409	451.000, 0.438	451.000, 0.440	451.000, 0.442
452.000, 0.442	452.000, 0.410	452.000, 0.439	452.000, 0.441	452.000, 0.443
453.000, 0.443	453.000, 0.411	453.000, 0.440	453.000, 0.442	453.000, 0.444
454.000, 0.444	454.000, 0.412	454.000, 0.441	454.000, 0.443	454.000, 0.445
455.000, 0.445	455.000, 0.413	455.000, 0.442	455.000, 0.444	455.000, 0.446
456.000, 0.446	456.000, 0.414	456.000, 0.444	456.000, 0.445	456.000, 0.447
457.000, 0.447	457.000, 0.415	457.000, 0.445	457.000, 0.446	457.000, 0.449
458.000, 0.448	458.000, 0.416	458.000, 0.446	458.000, 0.447	458.000, 0.450
459.000, 0.449	459.000, 0.417	459.000, 0.446	459.000, 0.448	459.000, 0.450
460.000, 0.450	460.000, 0.418	460.000, 0.447	460.000, 0.449	460.000, 0.451
461.000, 0.451	461.000, 0.418	461.000, 0.448	461.000, 0.450	461.000, 0.452
462.000, 0.452	462.000, 0.419	462.000, 0.449	462.000, 0.451	462.000, 0.453
463.000, 0.452	463.000, 0.420	463.000, 0.450	463.000, 0.452	463.000, 0.454
464.000, 0.453	464.000, 0.421	464.000, 0.451	464.000, 0.452	464.000, 0.455
465.000, 0.454	465.000, 0.421	465.000, 0.451	465.000, 0.453	465.000, 0.455
466.000, 0.455	466.000, 0.422	466.000, 0.452	466.000, 0.454	466.000, 0.456
467.000, 0.455	467.000, 0.423	467.000, 0.453	467.000, 0.455	467.000, 0.457
468.000, 0.456	468.000, 0.424	468.000, 0.454	468.000, 0.456	468.000, 0.458
469.000, 0.456	469.000, 0.424	469.000, 0.454	469.000, 0.456	469.000, 0.458
470.000, 0.458	470.000, 0.425	470.000, 0.456	470.000, 0.457	470.000, 0.459
471.000, 0.459	471.000, 0.426	471.000, 0.457	471.000, 0.458	471.000, 0.461
472.000, 0.459	472.000, 0.427	472.000, 0.457	472.000, 0.459	472.000, 0.461
473.000, 0.459	473.000, 0.427	473.000, 0.458	473.000, 0.459	473.000, 0.462
474.000, 0.461	474.000, 0.428	474.000, 0.459	474.000, 0.461	474.000, 0.463
475.000, 0.461	475.000, 0.429	475.000, 0.460	475.000, 0.461	475.000, 0.464
476.000, 0.462	476.000, 0.430	476.000, 0.461	476.000, 0.462	476.000, 0.464
477.000, 0.463	477.000, 0.431	477.000, 0.461	477.000, 0.463	477.000, 0.465
478.000, 0.464	478.000, 0.431	478.000, 0.462	478.000, 0.464	478.000, 0.466
479.000, 0.464	479.000, 0.432	479.000, 0.463	479.000, 0.464	479.000, 0.467
480.000, 0.465	480.000, 0.433	480.000, 0.464	480.000, 0.465	480.000, 0.468
481.000, 0.466	481.000, 0.434	481.000, 0.464	481.000, 0.466	481.000, 0.469
482.000, 0.467	482.000, 0.435	482.000, 0.465	482.000, 0.467	482.000, 0.469
483.000, 0.468	483.000, 0.435	483.000, 0.466	483.000, 0.468	483.000, 0.470
484.000, 0.469	484.000, 0.436	484.000, 0.467	484.000, 0.469	484.000, 0.471
485.000, 0.470	485.000, 0.437	485.000, 0.468	485.000, 0.470	485.000, 0.472
486.000, 0.471	486.000, 0.438	486.000, 0.469	486.000, 0.471	486.000, 0.473
487.000, 0.472	487.000, 0.439	487.000, 0.471	487.000, 0.473	487.000, 0.475
488.000, 0.473	488.000, 0.441	488.000, 0.472	488.000, 0.474	488.000, 0.476
489.000, 0.474	489.000, 0.442	489.000, 0.473	489.000, 0.475	489.000, 0.477
490.000, 0.475	490.000, 0.443	490.000, 0.474	490.000, 0.476	490.000, 0.478
491.000, 0.476	491.000, 0.444	491.000, 0.475	491.000, 0.477	491.000, 0.479
492.000, 0.477	492.000, 0.445	492.000, 0.476	492.000, 0.478	492.000, 0.481
493.000, 0.478	493.000, 0.446	493.000, 0.478	493.000, 0.479	493.000, 0.482
494.000, 0.479	494.000, 0.447	494.000, 0.479	494.000, 0.480	494.000, 0.483
495.000, 0.480	495.000, 0.448	495.000, 0.480	495.000, 0.482	495.000, 0.484
496.000, 0.482	496.000, 0.449	496.000, 0.481	496.000, 0.483	496.000, 0.485
497.000, 0.483	497.000, 0.450	497.000, 0.482	497.000, 0.484	497.000, 0.486
498.000, 0.484	498.000, 0.451	498.000, 0.483	498.000, 0.485	498.000, 0.487
499.000, 0.485	499.000, 0.453	499.000, 0.485	499.000, 0.486	499.000, 0.489
500.000, 0.486	500.000, 0.454	500.000, 0.486	500.000, 0.488	500.000, 0.490
501.000, 0.487	501.000, 0.455	501.000, 0.487	501.000, 0.489	501.000, 0.491
502.000, 0.489	502.000, 0.456	502.000, 0.488	502.000, 0.490	502.000, 0.493
503.000, 0.490	503.000, 0.457	503.000, 0.490	503.000, 0.492	503.000, 0.494
504.000, 0.491	504.000, 0.459	504.000, 0.491	504.000, 0.493	504.000, 0.495
505.000, 0.492	505.000, 0.460	505.000, 0.492	505.000, 0.494	505.000, 0.497
506.000, 0.494	506.000, 0.461	506.000, 0.494	506.000, 0.496	506.000, 0.498
507.000, 0.495	507.000, 0.462	507.000, 0.495	507.000, 0.497	507.000, 0.500
508.000, 0.496	508.000, 0.464	508.000, 0.496	508.000, 0.499	508.000, 0.501
509.000, 0.498	509.000, 0.465	509.000, 0.497	509.000, 0.500	509.000, 0.502
510.000, 0.499	510.000, 0.466	510.000, 0.499	510.000, 0.501	510.000, 0.503
511.000, 0.500	511.000, 0.467	511.000, 0.500	511.000, 0.502	511.000, 0.505
512.000, 0.501	512.000, 0.469	512.000, 0.501	512.000, 0.504	512.000, 0.506
513.000, 0.502	513.000, 0.470	513.000, 0.503	513.000, 0.505	513.000, 0.507
514.000, 0.504	514.000, 0.471	514.000, 0.504	514.000, 0.506	514.000, 0.508
515.000, 0.505	515.000, 0.472	515.000, 0.505	515.000, 0.508	515.000, 0.510
516.000, 0.507	516.000, 0.473	516.000, 0.507	516.000, 0.509	516.000, 0.512
517.000, 0.508	517.000, 0.475	517.000, 0.508	517.000, 0.510	517.000, 0.513
518.000, 0.509	518.000, 0.476	518.000, 0.510	518.000, 0.512	518.000, 0.514
519.000, 0.511	519.000, 0.478	519.000, 0.511	519.000, 0.513	519.000, 0.516
520.000, 0.512	520.000, 0.479	520.000, 0.513	520.000, 0.515	520.000, 0.518
521.000, 0.514	521.000, 0.480	521.000, 0.514	521.000, 0.516	521.000, 0.519
522.000, 0.515	522.000, 0.482	522.000, 0.515	522.000, 0.518	522.000, 0.520
523.000, 0.516	523.000, 0.483	523.000, 0.517	523.000, 0.519	523.000, 0.522
524.000, 0.517	524.000, 0.484	524.000, 0.518	524.000, 0.520	524.000, 0.523
525.000, 0.518	525.000, 0.485	525.000, 0.519	525.000, 0.521	525.000, 0.524
526.000, 0.519	526.000, 0.486	526.000, 0.520	526.000, 0.523	526.000, 0.525
527.000, 0.521	527.000, 0.488	527.000, 0.522	527.000, 0.524	527.000, 0.526
528.000, 0.523	528.000, 0.489	528.000, 0.523	528.000, 0.526	528.000, 0.528
529.000, 0.524	529.000, 0.490	529.000, 0.524	529.000, 0.527	529.000, 0.529
530.000, 0.525	530.000, 0.492	530.000, 0.526	530.000, 0.528	530.000, 0.531
531.000, 0.526	531.000, 0.493	531.000, 0.527	531.000, 0.530	531.000, 0.532
532.000, 0.528	532.000, 0.494	532.000, 0.529	532.000, 0.531	532.000, 0.534
533.000, 0.529	533.000, 0.496	533.000, 0.530	533.000, 0.532	533.000, 0.535
534.000, 0.530	534.000, 0.497	534.000, 0.531	534.000, 0.534	534.000, 0.536
535.000, 0.531	535.000, 0.498	535.000, 0.533	535.000, 0.535	535.000, 0.538
536.000, 0.533	536.000, 0.499	536.000, 0.534	536.000, 0.536	536.000, 0.539
537.000, 0.534	537.000, 0.500	537.000, 0.535	537.000, 0.538	537.000, 0.540
538.000, 0.535	538.000, 0.501	538.000, 0.536	538.000, 0.539	538.000, 0.541
539.000, 0.536	539.000, 0.503	539.000, 0.538	539.000, 0.540	539.000, 0.542
540.000, 0.538	540.000, 0.504	540.000, 0.539	540.000, 0.541	540.000, 0.544
541.000, 0.539	541.000, 0.505	541.000, 0.540	541.000, 0.542	541.000, 0.545
542.000, 0.540	542.000, 0.506	542.000, 0.541	542.000, 0.544	542.000, 0.546
543.000, 0.541	543.000, 0.507	543.000, 0.543	543.000, 0.545	543.000, 0.548
544.000, 0.543	544.000, 0.508	544.000, 0.544	544.000, 0.546	544.000, 0.549
545.000, 0.544	545.000, 0.510	545.000, 0.545	545.000, 0.548	545.000, 0.551
546.000, 0.545	546.000, 0.511	546.000, 0.546	546.000, 0.549	546.000, 0.552
547.000, 0.546	547.000, 0.512	547.000, 0.548	547.000, 0.550	547.000, 0.553
548.000, 0.548	548.000, 0.513	548.000, 0.549	548.000, 0.552	548.000, 0.554
549.000, 0.549	549.000, 0.514	549.000, 0.550	549.000, 0.553	549.000, 0.555
550.000, 0.549	550.000, 0.515	550.000, 0.551	550.000, 0.554	550.000, 0.556
551.000, 0.551	551.000, 0.517	551.000, 0.553	551.000, 0.555	551.000, 0.558
552.000, 0.552	552.000, 0.518	552.000, 0.554	552.000, 0.556	552.000, 0.559
553.000, 0.553	553.000, 0.519	553.000, 0.555	553.000, 0.558	553.000, 0.560
554.000, 0.554	554.000, 0.520	554.000, 0.556	554.000, 0.559	554.000, 0.561
555.000, 0.556	555.000, 0.521	555.000, 0.558	555.000, 0.560	555.000, 0.563
556.000, 0.557	556.000, 0.522	556.000, 0.559	556.000, 0.562	556.000, 0.564
557.000, 0.558	557.000, 0.523	557.000, 0.560	557.000, 0.563	557.000, 0.565
558.000, 0.559	558.000, 0.524	558.000, 0.561	558.000, 0.563	558.000, 0.566
559.000, 0.560	559.000, 0.525	559.000, 0.562	559.000, 0.564	559.000, 0.567
560.000, 0.561	560.000, 0.527	560.000, 0.563	560.000, 0.566	560.000, 0.568
561.000, 0.562	561.000, 0.528	561.000, 0.564	561.000, 0.567	561.000, 0.570
562.000, 0.563	562.000, 0.529	562.000, 0.565	562.000, 0.568	562.000, 0.571
563.000, 0.564	563.000, 0.530	563.000, 0.566	563.000, 0.569	563.000, 0.572
564.000, 0.565	564.000, 0.531	564.000, 0.567	564.000, 0.570	564.000, 0.573
565.000, 0.566	565.000, 0.532	565.000, 0.568	565.000, 0.571	565.000, 0.574
566.000, 0.567	566.000, 0.532	566.000, 0.569	566.000, 0.572	566.000, 0.575
567.000, 0.568	567.000, 0.533	567.000, 0.570	567.000, 0.573	567.000, 0.576
568.000, 0.569	568.000, 0.534	568.000, 0.571	568.000, 0.574	568.000, 0.577
569.000, 0.570	569.000, 0.535	569.000, 0.572	569.000, 0.575	569.000, 0.578
570.000, 0.570	570.000, 0.536	570.000, 0.573	570.000, 0.576	570.000, 0.578
571.000, 0.571	571.000, 0.537	571.000, 0.574	571.000, 0.577	571.000, 0.579
572.000, 0.572	572.000, 0.538	572.000, 0.575	572.000, 0.578	572.000, 0.580
573.000, 0.573	573.000, 0.539	573.000, 0.576	573.000, 0.579	573.000, 0.581
574.000, 0.574	574.000, 0.539	574.000, 0.577	574.000, 0.580	574.000, 0.582
575.000, 0.575	575.000, 0.540	575.000, 0.578	575.000, 0.580	575.000, 0.583
576.000, 0.576	576.000, 0.541	576.000, 0.579	576.000, 0.581	576.000, 0.584
577.000, 0.577	577.000, 0.542	577.000, 0.580	577.000, 0.582	577.000, 0.585
578.000, 0.577	578.000, 0.543	578.000, 0.581	578.000, 0.583	578.000, 0.586
579.000, 0.578	579.000, 0.544	579.000, 0.582	579.000, 0.584	579.000, 0.587
580.000, 0.579	580.000, 0.544	580.000, 0.582	580.000, 0.585	580.000, 0.587
581.000, 0.579	581.000, 0.545	581.000, 0.583	581.000, 0.585	581.000, 0.588
582.000, 0.580	582.000, 0.546	582.000, 0.584	582.000, 0.586	582.000, 0.589
583.000, 0.581	583.000, 0.546	583.000, 0.584	583.000, 0.587	583.000, 0.590
584.000, 0.582	584.000, 0.547	584.000, 0.585	584.000, 0.588	584.000, 0.590
585.000, 0.582	585.000, 0.548	585.000, 0.586	585.000, 0.588	585.000, 0.591
586.000, 0.582	586.000, 0.548	586.000, 0.586	586.000, 0.589	586.000, 0.592
587.000, 0.583	587.000, 0.549	587.000, 0.587	587.000, 0.590	587.000, 0.593
588.000, 0.584	588.000, 0.550	588.000, 0.588	588.000, 0.591	588.000, 0.594
589.000, 0.585	589.000, 0.550	589.000, 0.588	589.000, 0.591	589.000, 0.594
590.000, 0.585	590.000, 0.551	590.000, 0.589	590.000, 0.592	590.000, 0.595
591.000, 0.586	591.000, 0.552	591.000, 0.590	591.000, 0.593	591.000, 0.596
592.000, 0.586	592.000, 0.552	592.000, 0.590	592.000, 0.594	592.000, 0.596
593.000, 0.587	593.000, 0.553	593.000, 0.591	593.000, 0.594	593.000, 0.597
594.000, 0.587	594.000, 0.553	594.000, 0.592	594.000, 0.595	594.000, 0.597
595.000, 0.588	595.000, 0.554	595.000, 0.592	595.000, 0.595	595.000, 0.598
596.000, 0.588	596.000, 0.555	596.000, 0.593	596.000, 0.596	596.000, 0.598
597.000, 0.589	597.000, 0.555	597.000, 0.593	597.000, 0.596	597.000, 0.599
598.000, 0.589	598.000, 0.555	598.000, 0.594	598.000, 0.596	598.000, 0.599
599.000, 0.590	599.000, 0.556	599.000, 0.595	599.000, 0.597	599.000, 0.600
600.000, 0.590	600.000, 0.557	600.000, 0.595	600.000, 0.597	600.000, 0.600
601.000, 0.591	601.000, 0.557	601.000, 0.595	601.000, 0.598	601.000, 0.600
602.000, 0.591	602.000, 0.558	602.000, 0.596	602.000, 0.599	602.000, 0.601
603.000, 0.592	603.000, 0.559	603.000, 0.596	603.000, 0.599	603.000, 0.602
604.000, 0.592	604.000, 0.559	604.000, 0.597	604.000, 0.600	604.000, 0.602
605.000, 0.593	605.000, 0.560	605.000, 0.597	605.000, 0.600	605.000, 0.603
606.000, 0.593	606.000, 0.560	606.000, 0.598	606.000, 0.601	606.000, 0.604
607.000, 0.594	607.000, 0.561	607.000, 0.599	607.000, 0.602	607.000, 0.605
608.000, 0.595	608.000, 0.561	608.000, 0.600	608.000, 0.602	608.000, 0.605
609.000, 0.595	609.000, 0.562	609.000, 0.600	609.000, 0.603	609.000, 0.605
610.000, 0.596	610.000, 0.563	610.000, 0.601	610.000, 0.604	610.000, 0.606
611.000, 0.596	611.000, 0.563	611.000, 0.601	611.000, 0.604	611.000, 0.607
612.000, 0.596	612.000, 0.563	612.000, 0.602	612.000, 0.605	612.000, 0.607
613.000, 0.597	613.000, 0.564	613.000, 0.603	613.000, 0.606	613.000, 0.608
614.000, 0.598	614.000, 0.565	614.000, 0.603	614.000, 0.606	614.000, 0.609
615.000, 0.598	615.000, 0.565	615.000, 0.604	615.000, 0.607	615.000, 0.609
616.000, 0.599	616.000, 0.566	616.000, 0.604	616.000, 0.607	616.000, 0.610
617.000, 0.599	617.000, 0.566	617.000, 0.605	617.000, 0.608	617.000, 0.610
618.000, 0.599	618.000, 0.566	618.000, 0.605	618.000, 0.608	618.000, 0.610
619.000, 0.600	619.000, 0.567	619.000, 0.605	619.000, 0.609	619.000, 0.611
620.000, 0.600	620.000, 0.567	620.000, 0.606	620.000, 0.609	620.000, 0.611
621.000, 0.601	621.000, 0.568	621.000, 0.607	621.000, 0.610	621.000, 0.612
622.000, 0.601	622.000, 0.568	622.000, 0.607	622.000, 0.610	622.000, 0.613
623.000, 0.601	623.000, 0.568	623.000, 0.607	623.000, 0.610	623.000, 0.613
624.000, 0.602	624.000, 0.569	624.000, 0.608	624.000, 0.611	624.000, 0.613
625.000, 0.602	625.000, 0.569	625.000, 0.608	625.000, 0.611	625.000, 0.614
626.000, 0.603	626.000, 0.570	626.000, 0.609	626.000, 0.611	626.000, 0.615
627.000, 0.603	627.000, 0.570	627.000, 0.609	627.000, 0.612	627.000, 0.615
628.000, 0.603	628.000, 0.570	628.000, 0.609	628.000, 0.613	628.000, 0.615
629.000, 0.604	629.000, 0.571	629.000, 0.610	629.000, 0.613	629.000, 0.615
630.000, 0.604	630.000, 0.571	630.000, 0.610	630.000, 0.613	630.000, 0.616
631.000, 0.605	631.000, 0.572	631.000, 0.611	631.000, 0.614	631.000, 0.616
632.000, 0.605	632.000, 0.572	632.000, 0.611	632.000, 0.614	632.000, 0.617
633.000, 0.605	633.000, 0.572	633.000, 0.612	633.000, 0.615	633.000, 0.617
634.000, 0.606	634.000, 0.573	634.000, 0.612	634.000, 0.615	634.000, 0.618
635.000, 0.606	635.000, 0.573	635.000, 0.612	635.000, 0.615	635.000, 0.618
636.000, 0.606	636.000, 0.574	636.000, 0.613	636.000, 0.616	636.000, 0.618
637.000, 0.607	637.000, 0.574	637.000, 0.613	637.000, 0.616	637.000, 0.619
638.000, 0.607	638.000, 0.574	638.000, 0.614	638.000, 0.616	638.000, 0.619
639.000, 0.607	639.000, 0.575	639.000, 0.614	639.000, 0.617	639.000, 0.620
640.000, 0.608	640.000, 0.575	640.000, 0.615	640.000, 0.618	640.000, 0.620
641.000, 0.608	641.000, 0.576	641.000, 0.615	641.000, 0.618	641.000, 0.621
642.000, 0.608	642.000, 0.576	642.000, 0.615	642.000, 0.618	642.000, 0.621
643.000, 0.609	643.000, 0.576	643.000, 0.615	643.000, 0.618	643.000, 0.621
644.000, 0.609	644.000, 0.577	644.000, 0.616	644.000, 0.619	644.000, 0.622
645.000, 0.610	645.000, 0.577	645.000, 0.616	645.000, 0.619	645.000, 0.622
646.000, 0.610	646.000, 0.577	646.000, 0.617	646.000, 0.620	646.000, 0.622
647.000, 0.611	647.000, 0.578	647.000, 0.617	647.000, 0.620	647.000, 0.623
648.000, 0.611	648.000, 0.578	648.000, 0.618	648.000, 0.620	648.000, 0.623
649.000, 0.611	649.000, 0.579	649.000, 0.618	649.000, 0.621	649.000, 0.624
650.000, 0.612	650.000, 0.579	650.000, 0.619	650.000, 0.622	650.000, 0.624
651.000, 0.612	651.000, 0.579	651.000, 0.618	651.000, 0.621	651.000, 0.624
652.000, 0.612	652.000, 0.580	652.000, 0.619	652.000, 0.622	652.000, 0.625
653.000, 0.613	653.000, 0.580	653.000, 0.619	653.000, 0.622	653.000, 0.625
654.000, 0.613	654.000, 0.580	654.000, 0.620	654.000, 0.623	654.000, 0.626
655.000, 0.613	655.000, 0.581	655.000, 0.620	655.000, 0.623	655.000, 0.626
656.000, 0.614	656.000, 0.581	656.000, 0.620	656.000, 0.624	656.000, 0.626
657.000, 0.614	657.000, 0.582	657.000, 0.621	657.000, 0.624	657.000, 0.627
658.000, 0.615	658.000, 0.582	658.000, 0.621	658.000, 0.625	658.000, 0.627
659.000, 0.615	659.000, 0.583	659.000, 0.622	659.000, 0.626	659.000, 0.628
660.000, 0.616	660.000, 0.583	660.000, 0.623	660.000, 0.626	660.000, 0.628
661.000, 0.616	661.000, 0.583	661.000, 0.623	661.000, 0.626	661.000, 0.629
662.000, 0.617	662.000, 0.584	662.000, 0.624	662.000, 0.627	662.000, 0.629
663.000, 0.617	663.000, 0.584	663.000, 0.624	663.000, 0.627	663.000, 0.629
664.000, 0.617	664.000, 0.584	664.000, 0.624	664.000, 0.627	664.000, 0.629
665.000, 0.618	665.000, 0.585	665.000, 0.625	665.000, 0.628	665.000, 0.630
666.000, 0.618	666.000, 0.585	666.000, 0.625	666.000, 0.628	666.000, 0.631
667.000, 0.618	667.000, 0.585	667.000, 0.625	667.000, 0.628	667.000, 0.631
668.000, 0.619	668.000, 0.586	668.000, 0.626	668.000, 0.629	668.000, 0.631
669.000, 0.619	669.000, 0.587	669.000, 0.627	669.000, 0.630	669.000, 0.632
670.000, 0.619	670.000, 0.587	670.000, 0.627	670.000, 0.630	670.000, 0.633
671.000, 0.620	671.000, 0.587	671.000, 0.627	671.000, 0.630	671.000, 0.633
672.000, 0.620	672.000, 0.588	672.000, 0.627	672.000, 0.631	672.000, 0.633
673.000, 0.620	673.000, 0.588	673.000, 0.628	673.000, 0.630	673.000, 0.633
674.000, 0.620	674.000, 0.588	674.000, 0.628	674.000, 0.631	674.000, 0.634
675.000, 0.621	675.000, 0.589	675.000, 0.629	675.000, 0.632	675.000, 0.635
676.000, 0.621	676.000, 0.589	676.000, 0.629	676.000, 0.632	676.000, 0.635
677.000, 0.622	677.000, 0.589	677.000, 0.629	677.000, 0.632	677.000, 0.635
678.000, 0.622	678.000, 0.590	678.000, 0.630	678.000, 0.633	678.000, 0.635
679.000, 0.622	679.000, 0.590	679.000, 0.630	679.000, 0.633	679.000, 0.636
680.000, 0.622	680.000, 0.591	680.000, 0.630	680.000, 0.633	680.000, 0.636
681.000, 0.623	681.000, 0.591	681.000, 0.631	681.000, 0.634	681.000, 0.637
682.000, 0.623	682.000, 0.591	682.000, 0.631	682.000, 0.634	682.000, 0.637
683.000, 0.623	683.000, 0.591	683.000, 0.631	683.000, 0.634	683.000, 0.637
684.000, 0.624	684.000, 0.592	684.000, 0.632	684.000, 0.635	684.000, 0.637
685.000, 0.624	685.000, 0.592	685.000, 0.632	685.000, 0.635	685.000, 0.637
686.000, 0.624	686.000, 0.591	686.000, 0.631	686.000, 0.634	686.000, 0.637
687.000, 0.624	687.000, 0.592	687.000, 0.632	687.000, 0.635	687.000, 0.637
688.000, 0.625	688.000, 0.593	688.000, 0.633	688.000, 0.636	688.000, 0.638
689.000, 0.625	689.000, 0.594	689.000, 0.633	689.000, 0.636	689.000, 0.639
690.000, 0.626	690.000, 0.594	690.000, 0.634	690.000, 0.637	690.000, 0.639
691.000, 0.626	691.000, 0.594	691.000, 0.635	691.000, 0.637	691.000, 0.640
692.000, 0.626	692.000, 0.595	692.000, 0.635	692.000, 0.637	692.000, 0.640
693.000, 0.626	693.000, 0.595	693.000, 0.635	693.000, 0.638	693.000, 0.640
694.000, 0.627	694.000, 0.595	694.000, 0.635	694.000, 0.638	694.000, 0.641
695.000, 0.628	695.000, 0.596	695.000, 0.636	695.000, 0.639	695.000, 0.641
696.000, 0.629	696.000, 0.596	696.000, 0.636	696.000, 0.640	696.000, 0.642
697.000, 0.629	697.000, 0.597	697.000, 0.637	697.000, 0.640	697.000, 0.642
698.000, 0.629	698.000, 0.597	698.000, 0.637	698.000, 0.640	698.000, 0.643
699.000, 0.629	699.000, 0.597	699.000, 0.637	699.000, 0.640	699.000, 0.643
700.000, 0.629	700.000, 0.597	700.000, 0.637	700.000, 0.640	700.000, 0.643
701.000, 0.629	701.000, 0.598	701.000, 0.638	701.000, 0.641	701.000, 0.643
702.000, 0.630	702.000, 0.598	702.000, 0.639	702.000, 0.641	702.000, 0.644
703.000, 0.630	703.000, 0.599	703.000, 0.639	703.000, 0.642	703.000, 0.644
704.000, 0.630	704.000, 0.599	704.000, 0.639	704.000, 0.642	704.000, 0.644
705.000, 0.631	705.000, 0.599	705.000, 0.640	705.000, 0.642	705.000, 0.645
706.000, 0.631	706.000, 0.600	706.000, 0.640	706.000, 0.643	706.000, 0.645
707.000, 0.632	707.000, 0.600	707.000, 0.640	707.000, 0.643	707.000, 0.645
708.000, 0.632	708.000, 0.600	708.000, 0.641	708.000, 0.643	708.000, 0.646
709.000, 0.632	709.000, 0.601	709.000, 0.641	709.000, 0.644	709.000, 0.646
710.000, 0.632	710.000, 0.601	710.000, 0.641	710.000, 0.644	710.000, 0.646
711.000, 0.633	711.000, 0.601	711.000, 0.641	711.000, 0.644	711.000, 0.647
712.000, 0.633	712.000, 0.601	712.000, 0.642	712.000, 0.644	712.000, 0.647
713.000, 0.633	713.000, 0.602	713.000, 0.642	713.000, 0.645	713.000, 0.647
714.000, 0.633	714.000, 0.602	714.000, 0.642	714.000, 0.645	714.000, 0.647
715.000, 0.633	715.000, 0.602	715.000, 0.642	715.000, 0.645	715.000, 0.647
716.000, 0.634	716.000, 0.602	716.000, 0.642	716.000, 0.645	716.000, 0.647
717.000, 0.634	717.000, 0.602	717.000, 0.643	717.000, 0.646	717.000, 0.648
718.000, 0.634	718.000, 0.603	718.000, 0.644	718.000, 0.646	718.000, 0.648
719.000, 0.634	719.000, 0.604	719.000, 0.644	719.000, 0.647	719.000, 0.649
720.000, 0.635	720.000, 0.604	720.000, 0.644	720.000, 0.647	720.000, 0.649
721.000, 0.635	721.000, 0.604	721.000, 0.645	721.000, 0.647	721.000, 0.650
722.000, 0.635	722.000, 0.604	722.000, 0.645	722.000, 0.647	722.000, 0.649
723.000, 0.635	723.000, 0.605	723.000, 0.645	723.000, 0.647	723.000, 0.649
724.000, 0.635	724.000, 0.605	724.000, 0.645	724.000, 0.647	724.000, 0.650
725.000, 0.636	725.000, 0.605	725.000, 0.645	725.000, 0.648	725.000, 0.650
726.000, 0.636	726.000, 0.606	726.000, 0.646	726.000, 0.649	726.000, 0.651
727.000, 0.637	727.000, 0.606	727.000, 0.647	727.000, 0.650	727.000, 0.651
728.000, 0.637	728.000, 0.606	728.000, 0.647	728.000, 0.649	728.000, 0.651
729.000, 0.637	729.000, 0.606	729.000, 0.646	729.000, 0.649	729.000, 0.651
730.000, 0.637	730.000, 0.607	730.000, 0.648	730.000, 0.650	730.000, 0.652
731.000, 0.638	731.000, 0.607	731.000, 0.648	731.000, 0.650	731.000, 0.653
732.000, 0.638	732.000, 0.608	732.000, 0.648	732.000, 0.651	732.000, 0.653
733.000, 0.638	733.000, 0.608	733.000, 0.648	733.000, 0.651	733.000, 0.653
734.000, 0.638	734.000, 0.608	734.000, 0.649	734.000, 0.651	734.000, 0.653
735.000, 0.639	735.000, 0.608	735.000, 0.649	735.000, 0.652	735.000, 0.653
736.000, 0.639	736.000, 0.609	736.000, 0.649	736.000, 0.652	736.000, 0.653
737.000, 0.639	737.000, 0.609	737.000, 0.649	737.000, 0.652	737.000, 0.654
738.000, 0.640	738.000, 0.610	738.000, 0.650	738.000, 0.653	738.000, 0.654
739.000, 0.640	739.000, 0.610	739.000, 0.650	739.000, 0.653	739.000, 0.655
740.000, 0.640	740.000, 0.611	740.000, 0.651	740.000, 0.654	740.000, 0.655
741.000, 0.640	741.000, 0.611	741.000, 0.651	741.000, 0.654	741.000, 0.655
742.000, 0.641	742.000, 0.611	742.000, 0.651	742.000, 0.655	742.000, 0.656
743.000, 0.641	743.000, 0.612	743.000, 0.652	743.000, 0.655	743.000, 0.656
744.000, 0.641	744.000, 0.611	744.000, 0.652	744.000, 0.655	744.000, 0.656
745.000, 0.641	745.000, 0.611	745.000, 0.652	745.000, 0.655	745.000, 0.656
746.000, 0.641	746.000, 0.612	746.000, 0.652	746.000, 0.655	746.000, 0.656
747.000, 0.642	747.000, 0.612	747.000, 0.652	747.000, 0.656	747.000, 0.657
748.000, 0.642	748.000, 0.613	748.000, 0.653	748.000, 0.656	748.000, 0.657
749.000, 0.642	749.000, 0.613	749.000, 0.653	749.000, 0.656	749.000, 0.658
750.000, 0.642	750.000, 0.614	750.000, 0.654	750.000, 0.657	750.000, 0.658
751.000, 0.643	751.000, 0.614	751.000, 0.654	751.000, 0.657	751.000, 0.658
752.000, 0.643	752.000, 0.615	752.000, 0.655	752.000, 0.657	752.000, 0.658
753.000, 0.643	753.000, 0.615	753.000, 0.655	753.000, 0.658	753.000, 0.659
754.000, 0.643	754.000, 0.615	754.000, 0.654	754.000, 0.657	754.000, 0.659
755.000, 0.643	755.000, 0.615	755.000, 0.655	755.000, 0.658	755.000, 0.659
756.000, 0.644	756.000, 0.615	756.000, 0.655	756.000, 0.658	756.000, 0.659
757.000, 0.643	757.000, 0.614	757.000, 0.654	757.000, 0.657	757.000, 0.658
758.000, 0.642	758.000, 0.613	758.000, 0.653	758.000, 0.656	758.000, 0.657
759.000, 0.641	759.000, 0.612	759.000, 0.652	759.000, 0.655	759.000, 0.657
760.000, 0.642	760.000, 0.613	760.000, 0.653	760.000, 0.655	760.000, 0.657
761.000, 0.642	761.000, 0.614	761.000, 0.654	761.000, 0.656	761.000, 0.658
762.000, 0.643	762.000, 0.614	762.000, 0.654	762.000, 0.657	762.000, 0.659
763.000, 0.643	763.000, 0.616	763.000, 0.656	763.000, 0.658	763.000, 0.660
764.000, 0.644	764.000, 0.617	764.000, 0.657	764.000, 0.659	764.000, 0.660
765.000, 0.644	765.000, 0.618	765.000, 0.658	765.000, 0.660	765.000, 0.661
766.000, 0.645	766.000, 0.618	766.000, 0.658	766.000, 0.660	766.000, 0.662
767.000, 0.646	767.000, 0.618	767.000, 0.658	767.000, 0.661	767.000, 0.662
768.000, 0.647	768.000, 0.618	768.000, 0.658	768.000, 0.661	768.000, 0.663
769.000, 0.647	769.000, 0.619	769.000, 0.659	769.000, 0.661	769.000, 0.663
770.000, 0.647	770.000, 0.619	770.000, 0.659	770.000, 0.661	770.000, 0.663
771.000, 0.647	771.000, 0.619	771.000, 0.659	771.000, 0.662	771.000, 0.663
772.000, 0.648	772.000, 0.620	772.000, 0.660	772.000, 0.663	772.000, 0.664
773.000, 0.648	773.000, 0.620	773.000, 0.660	773.000, 0.663	773.000, 0.665
774.000, 0.648	774.000, 0.621	774.000, 0.660	774.000, 0.663	774.000, 0.665
775.000, 0.648	775.000, 0.621	775.000, 0.661	775.000, 0.663	775.000, 0.665
776.000, 0.649	776.000, 0.621	776.000, 0.661	776.000, 0.664	776.000, 0.665
777.000, 0.649	777.000, 0.621	777.000, 0.661	777.000, 0.664	777.000, 0.665
778.000, 0.649	778.000, 0.622	778.000, 0.662	778.000, 0.664	778.000, 0.665
779.000, 0.649	779.000, 0.622	779.000, 0.662	779.000, 0.664	779.000, 0.666
780.000, 0.649	780.000, 0.622	780.000, 0.662	780.000, 0.665	780.000, 0.666
781.000, 0.650	781.000, 0.623	781.000, 0.663	781.000, 0.666	781.000, 0.667
782.000, 0.650	782.000, 0.623	782.000, 0.663	782.000, 0.666	782.000, 0.666
783.000, 0.650	783.000, 0.623	783.000, 0.663	783.000, 0.665	783.000, 0.666
784.000, 0.651	784.000, 0.624	784.000, 0.663	784.000, 0.666	784.000, 0.667
785.000, 0.651	785.000, 0.624	785.000, 0.663	785.000, 0.667	785.000, 0.668
786.000, 0.651	786.000, 0.624	786.000, 0.664	786.000, 0.667	786.000, 0.668
787.000, 0.651	787.000, 0.624	787.000, 0.664	787.000, 0.667	787.000, 0.668
788.000, 0.652	788.000, 0.624	788.000, 0.665	788.000, 0.667	788.000, 0.668
789.000, 0.652	789.000, 0.624	789.000, 0.665	789.000, 0.668	789.000, 0.669
790.000, 0.652	790.000, 0.625	790.000, 0.665	790.000, 0.668	790.000, 0.669
791.000, 0.652	791.000, 0.625	791.000, 0.665	791.000, 0.668	791.000, 0.670
792.000, 0.652	792.000, 0.626	792.000, 0.666	792.000, 0.669	792.000, 0.670
793.000, 0.653	793.000, 0.626	793.000, 0.666	793.000, 0.669	793.000, 0.670
794.000, 0.653	794.000, 0.626	794.000, 0.666	794.000, 0.669	794.000, 0.670
795.000, 0.653	795.000, 0.626	795.000, 0.666	795.000, 0.669	795.000, 0.670
796.000, 0.653	796.000, 0.626	796.000, 0.666	796.000, 0.669	796.000, 0.670
797.000, 0.653	797.000, 0.626	797.000, 0.666	797.000, 0.669	797.000, 0.671
798.000, 0.653	798.000, 0.626	798.000, 0.667	798.000, 0.669	798.000, 0.671
799.000, 0.653	799.000, 0.627	799.000, 0.668	799.000, 0.670	799.000, 0.671
800.000, 0.654	800.000, 0.627	800.000, 0.668	800.000, 0.671	800.000, 0.671
801.000, 0.654	801.000, 0.627	801.000, 0.668	801.000, 0.671	801.000, 0.671
802.000, 0.654	802.000, 0.628	802.000, 0.668	802.000, 0.671	802.000, 0.672
803.000, 0.655	803.000, 0.629	803.000, 0.669	803.000, 0.671	803.000, 0.673
804.000, 0.655	804.000, 0.628	804.000, 0.669	804.000, 0.672	804.000, 0.673
805.000, 0.655	805.000, 0.628	805.000, 0.668	805.000, 0.672	805.000, 0.672
806.000, 0.655	806.000, 0.628	806.000, 0.668	806.000, 0.671	806.000, 0.672
807.000, 0.655	807.000, 0.628	807.000, 0.668	807.000, 0.671	807.000, 0.672
808.000, 0.656	808.000, 0.629	808.000, 0.669	808.000, 0.672	808.000, 0.672
809.000, 0.656	809.000, 0.630	809.000, 0.670	809.000, 0.672	809.000, 0.673
810.000, 0.656	810.000, 0.630	810.000, 0.670	810.000, 0.672	810.000, 0.673
811.000, 0.656	811.000, 0.630	811.000, 0.670	811.000, 0.672	811.000, 0.673
812.000, 0.656	812.000, 0.630	812.000, 0.670	812.000, 0.673	812.000, 0.674
813.000, 0.656	813.000, 0.630	813.000, 0.671	813.000, 0.674	813.000, 0.675
814.000, 0.656	814.000, 0.631	814.000, 0.671	814.000, 0.674	814.000, 0.675
815.000, 0.657	815.000, 0.631	815.000, 0.671	815.000, 0.674	815.000, 0.675
816.000, 0.657	816.000, 0.632	816.000, 0.672	816.000, 0.674	816.000, 0.675
817.000, 0.658	817.000, 0.631	817.000, 0.672	817.000, 0.675	817.000, 0.676
818.000, 0.658	818.000, 0.632	818.000, 0.672	818.000, 0.675	818.000, 0.676
819.000, 0.658	819.000, 0.632	819.000, 0.672	819.000, 0.675	819.000, 0.676
820.000, 0.657	820.000, 0.632	820.000, 0.672	820.000, 0.676	820.000, 0.676
821.000, 0.657	821.000, 0.632	821.000, 0.672	821.000, 0.676	821.000, 0.676
822.000, 0.658	822.000, 0.631	822.000, 0.672	822.000, 0.675	822.000, 0.675
823.000, 0.659	823.000, 0.633	823.000, 0.673	823.000, 0.676	823.000, 0.676
824.000, 0.660	824.000, 0.634	824.000, 0.674	824.000, 0.677	824.000, 0.677
825.000, 0.660	825.000, 0.634	825.000, 0.673	825.000, 0.677	825.000, 0.677
826.000, 0.660	826.000, 0.634	826.000, 0.673	826.000, 0.677	826.000, 0.677
827.000, 0.660	827.000, 0.634	827.000, 0.674	827.000, 0.676	827.000, 0.677
828.000, 0.660	828.000, 0.634	828.000, 0.674	828.000, 0.676	828.000, 0.677
829.000, 0.660	829.000, 0.634	829.000, 0.674	829.000, 0.677	829.000, 0.678
830.000, 0.660	830.000, 0.634	830.000, 0.674	830.000, 0.677	830.000, 0.679
831.000, 0.660	831.000, 0.634	831.000, 0.674	831.000, 0.677	831.000, 0.678
832.000, 0.660	832.000, 0.635	832.000, 0.675	832.000, 0.678	832.000, 0.678
833.000, 0.661	833.000, 0.636	833.000, 0.675	833.000, 0.679	833.000, 0.680
834.000, 0.661	834.000, 0.636	834.000, 0.676	834.000, 0.679	834.000, 0.680
835.000, 0.661	835.000, 0.636	835.000, 0.676	835.000, 0.678	835.000, 0.679
836.000, 0.661	836.000, 0.637	836.000, 0.676	836.000, 0.679	836.000, 0.679
837.000, 0.661	837.000, 0.637	837.000, 0.676	837.000, 0.679	837.000, 0.680
838.000, 0.661	838.000, 0.636	838.000, 0.676	838.000, 0.679	838.000, 0.680
839.000, 0.663	839.000, 0.636	839.000, 0.677	839.000, 0.680	839.000, 0.681
840.000, 0.663	840.000, 0.636	840.000, 0.677	840.000, 0.680	840.000, 0.681
841.000, 0.661	841.000, 0.636	841.000, 0.676	841.000, 0.680	841.000, 0.680
842.000, 0.662	842.000, 0.636	842.000, 0.676	842.000, 0.680	842.000, 0.680
843.000, 0.663	843.000, 0.637	843.000, 0.677	843.000, 0.681	843.000, 0.681
844.000, 0.663	844.000, 0.638	844.000, 0.679	844.000, 0.681	844.000, 0.681
845.000, 0.663	845.000, 0.638	845.000, 0.678	845.000, 0.681	845.000, 0.681
846.000, 0.662	846.000, 0.637	846.000, 0.678	846.000, 0.681	846.000, 0.681
847.000, 0.663	847.000, 0.638	847.000, 0.678	847.000, 0.681	847.000, 0.681
848.000, 0.664	848.000, 0.638	848.000, 0.679	848.000, 0.682	848.000, 0.682
849.000, 0.665	849.000, 0.638	849.000, 0.679	849.000, 0.682	849.000, 0.682
850.000, 0.664	850.000, 0.638	850.000, 0.678	850.000, 0.682	850.000, 0.682
851.000, 0.663	851.000, 0.638	851.000, 0.678	851.000, 0.682	851.000, 0.683
852.000, 0.665	852.000, 0.639	852.000, 0.680	852.000, 0.682	852.000, 0.685
853.000, 0.665	853.000, 0.639	853.000, 0.680	853.000, 0.683	853.000, 0.685
854.000, 0.665	854.000, 0.639	854.000, 0.680	854.000, 0.683	854.000, 0.684
855.000, 0.664	855.000, 0.640	855.000, 0.679	855.000, 0.683	855.000, 0.683
856.000, 0.665	856.000, 0.640	856.000, 0.679	856.000, 0.683	856.000, 0.684
857.000, 0.665	857.000, 0.640	857.000, 0.680	857.000, 0.683	857.000, 0.685
858.000, 0.666	858.000, 0.640	858.000, 0.681	858.000, 0.685	858.000, 0.686
859.000, 0.666	859.000, 0.640	859.000, 0.681	859.000, 0.685	859.000, 0.686
860.000, 0.666	860.000, 0.641	860.000, 0.681	860.000, 0.685	860.000, 0.686
861.000, 0.666	861.000, 0.641	861.000, 0.681	861.000, 0.685	861.000, 0.686
862.000, 0.666	862.000, 0.641	862.000, 0.681	862.000, 0.686	862.000, 0.686
863.000, 0.666	863.000, 0.640	863.000, 0.679	863.000, 0.684	863.000, 0.684
864.000, 0.666	864.000, 0.641	864.000, 0.679	864.000, 0.684	864.000, 0.685
865.000, 0.666	865.000, 0.642	865.000, 0.681	865.000, 0.685	865.000, 0.686
866.000, 0.667	866.000, 0.642	866.000, 0.681	866.000, 0.685	866.000, 0.686
867.000, 0.668	867.000, 0.643	867.000, 0.682	867.000, 0.685	867.000, 0.686
868.000, 0.668	868.000, 0.644	868.000, 0.683	868.000, 0.687	868.000, 0.687
869.000, 0.668	869.000, 0.643	869.000, 0.683	869.000, 0.686	869.000, 0.687
870.000, 0.668	870.000, 0.642	870.000, 0.682	870.000, 0.685	870.000, 0.686
871.000, 0.667	871.000, 0.641	871.000, 0.682	871.000, 0.686	871.000, 0.686
872.000, 0.668	872.000, 0.643	872.000, 0.682	872.000, 0.688	872.000, 0.688
873.000, 0.669	873.000, 0.645	873.000, 0.683	873.000, 0.689	873.000, 0.689
874.000, 0.667	874.000, 0.644	874.000, 0.684	874.000, 0.687	874.000, 0.688
875.000, 0.667	875.000, 0.644	875.000, 0.684	875.000, 0.687	875.000, 0.687
876.000, 0.668	876.000, 0.644	876.000, 0.683	876.000, 0.687	876.000, 0.687
877.000, 0.668	877.000, 0.644	877.000, 0.683	877.000, 0.687	877.000, 0.688
878.000, 0.669	878.000, 0.644	878.000, 0.684	878.000, 0.687	878.000, 0.688
879.000, 0.669	879.000, 0.644	879.000, 0.684	879.000, 0.689	879.000, 0.688
880.000, 0.668	880.000, 0.644	880.000, 0.685	880.000, 0.688	880.000, 0.688
881.000, 0.668	881.000, 0.643	881.000, 0.684	881.000, 0.687	881.000, 0.687
882.000, 0.669	882.000, 0.643	882.000, 0.684	882.000, 0.687	882.000, 0.688
883.000, 0.670	883.000, 0.645	883.000, 0.685	883.000, 0.688	883.000, 0.689
884.000, 0.671	884.000, 0.646	884.000, 0.687	884.000, 0.688	884.000, 0.690
885.000, 0.671	885.000, 0.646	885.000, 0.686	885.000, 0.690	885.000, 0.690
886.000, 0.671	886.000, 0.645	886.000, 0.685	886.000, 0.690	886.000, 0.690
887.000, 0.671	887.000, 0.645	887.000, 0.686	887.000, 0.689	887.000, 0.691
888.000, 0.670	888.000, 0.646	888.000, 0.686	888.000, 0.689	888.000, 0.691
889.000, 0.670	889.000, 0.647	889.000, 0.687	889.000, 0.689	889.000, 0.691
890.000, 0.672	890.000, 0.648	890.000, 0.687	890.000, 0.690	890.000, 0.690
891.000, 0.670	891.000, 0.647	891.000, 0.687	891.000, 0.688	891.000, 0.689
892.000, 0.668	892.000, 0.645	892.000, 0.685	892.000, 0.687	892.000, 0.688
893.000, 0.671	893.000, 0.646	893.000, 0.685	893.000, 0.688	893.000, 0.689
894.000, 0.672	894.000, 0.646	894.000, 0.687	894.000, 0.689	894.000, 0.690
895.000, 0.672	895.000, 0.647	895.000, 0.689	895.000, 0.690	895.000, 0.691
896.000, 0.669	896.000, 0.645	896.000, 0.685	896.000, 0.689	896.000, 0.689
897.000, 0.668	897.000, 0.644	897.000, 0.683	897.000, 0.689	897.000, 0.690
898.000, 0.671	898.000, 0.646	898.000, 0.685	898.000, 0.690	898.000, 0.693
899.000, 0.673	899.000, 0.646	899.000, 0.687	899.000, 0.691	899.000, 0.692
900.000, 0.673	900.000, 0.646	900.000, 0.687	900.000, 0.691	900.000, 0.691
901.000, 0.673	901.000, 0.649	901.000, 0.686	901.000, 0.692	901.000, 0.692
902.000, 0.672	902.000, 0.649	902.000, 0.687	902.000, 0.691	902.000, 0.691
903.000, 0.671	903.000, 0.649	903.000, 0.689	903.000, 0.689	903.000, 0.690
904.000, 0.673	904.000, 0.648	904.000, 0.687	904.000, 0.689	904.000, 0.691
905.000, 0.674	905.000, 0.649	905.000, 0.687	905.000, 0.691	905.000, 0.693
906.000, 0.672	906.000, 0.649	906.000, 0.689	906.000, 0.693	906.000, 0.695
907.000, 0.673	907.000, 0.650	907.000, 0.689	907.000, 0.691	907.000, 0.695
908.000, 0.675	908.000, 0.650	908.000, 0.690	908.000, 0.691	908.000, 0.695
909.000, 0.676	909.000, 0.651	909.000, 0.693	909.000, 0.694	909.000, 0.696
910.000, 0.675	910.000, 0.650	910.000, 0.691	910.000, 0.694	910.000, 0.695
911.000, 0.674	911.000, 0.649	911.000, 0.688	911.000, 0.692	911.000, 0.693
912.000, 0.674	912.000, 0.652	912.000, 0.688	912.000, 0.692	912.000, 0.694
913.000, 0.673	913.000, 0.650	913.000, 0.687	913.000, 0.691	913.000, 0.693
914.000, 0.673	914.000, 0.646	914.000, 0.686	914.000, 0.691	914.000, 0.691
915.000, 0.673	915.000, 0.649	915.000, 0.688	915.000, 0.692	915.000, 0.693
916.000, 0.674	916.000, 0.651	916.000, 0.690	916.000, 0.694	916.000, 0.695
917.000, 0.675	917.000, 0.652	917.000, 0.690	917.000, 0.695	917.000, 0.697
918.000, 0.673	918.000, 0.651	918.000, 0.691	918.000, 0.695	918.000, 0.696
919.000, 0.672	919.000, 0.651	919.000, 0.693	919.000, 0.695	919.000, 0.695
920.000, 0.675	920.000, 0.654	920.000, 0.695	920.000, 0.698	920.000, 0.697
921.000, 0.677	921.000, 0.654	921.000, 0.693	921.000, 0.696	921.000, 0.697
922.000, 0.677	922.000, 0.654	922.000, 0.691	922.000, 0.693	922.000, 0.696
923.000, 0.678	923.000, 0.656	923.000, 0.693	923.000, 0.695	923.000, 0.696
924.000, 0.676	924.000, 0.655	924.000, 0.693	924.000, 0.695	924.000, 0.697
925.000, 0.675	925.000, 0.651	925.000, 0.691	925.000, 0.692	925.000, 0.699
926.000, 0.678	926.000, 0.654	926.000, 0.691	926.000, 0.692	926.000, 0.696
927.000, 0.679	927.000, 0.655	927.000, 0.690	927.000, 0.693	927.000, 0.694
928.000, 0.675	928.000, 0.652	928.000, 0.690	928.000, 0.693	928.000, 0.694
929.000, 0.674	929.000, 0.651	929.000, 0.692	929.000, 0.692	929.000, 0.693
930.000, 0.674	930.000, 0.652	930.000, 0.696	930.000, 0.692	930.000, 0.694
931.000, 0.675	931.000, 0.653	931.000, 0.698	931.000, 0.694	931.000, 0.700
932.000, 0.674	932.000, 0.652	932.000, 0.697	932.000, 0.692	932.000, 0.700
933.000, 0.672	933.000, 0.650	933.000, 0.695	933.000, 0.690	933.000, 0.696
934.000, 0.674	934.000, 0.654	934.000, 0.696	934.000, 0.695	934.000, 0.696
935.000, 0.678	935.000, 0.656	935.000, 0.693	935.000, 0.698	935.000, 0.696
936.000, 0.680	936.000, 0.655	936.000, 0.689	936.000, 0.698	936.000, 0.694
937.000, 0.677	937.000, 0.655	937.000, 0.695	937.000, 0.697	937.000, 0.700
938.000, 0.674	938.000, 0.655	938.000, 0.698	938.000, 0.694	938.000, 0.703
939.000, 0.675	939.000, 0.657	939.000, 0.689	939.000, 0.689	939.000, 0.699
940.000, 0.677	940.000, 0.655	940.000, 0.692	940.000, 0.690	940.000, 0.699
941.000, 0.677	941.000, 0.652	941.000, 0.696	941.000, 0.694	941.000, 0.701
942.000, 0.675	942.000, 0.646	942.000, 0.689	942.000, 0.695	942.000, 0.698
943.000, 0.673	943.000, 0.649	943.000, 0.690	943.000, 0.695	943.000, 0.696
944.000, 0.673	944.000, 0.658	944.000, 0.697	944.000, 0.695	944.000, 0.696
945.000, 0.682	945.000, 0.661	945.000, 0.694	945.000, 0.698	945.000, 0.699
946.000, 0.687	946.000, 0.662	946.000, 0.696	946.000, 0.702	946.000, 0.704
947.000, 0.686	947.000, 0.663	947.000, 0.704	947.000, 0.702	947.000, 0.709
948.000, 0.687	948.000, 0.667	948.000, 0.702	948.000, 0.698	948.000, 0.707
949.000, 0.688	949.000, 0.667	949.000, 0.699	949.000, 0.697	949.000, 0.703
950.000, 0.688	950.000, 0.660	950.000, 0.701	950.000, 0.702	950.000, 0.699
951.000, 0.684	951.000, 0.653	951.000, 0.693	951.000, 0.699	951.000, 0.697
952.000, 0.679	952.000, 0.653	952.000, 0.684	952.000, 0.693	952.000, 0.697
953.000, 0.686	953.000, 0.665	953.000, 0.695	953.000, 0.706	953.000, 0.701
954.000, 0.689	954.000, 0.670	954.000, 0.704	954.000, 0.709	954.000, 0.703
955.000, 0.684	955.000, 0.666	955.000, 0.706	955.000, 0.699	955.000, 0.703
956.000, 0.680	956.000, 0.660	956.000, 0.698	956.000, 0.692	956.000, 0.707
957.000, 0.675	957.000, 0.655	957.000, 0.694	957.000, 0.691	957.000, 0.706
958.000, 0.669	958.000, 0.653	958.000, 0.700	958.000, 0.697	958.000, 0.694
959.000, 0.674	959.000, 0.657	959.000, 0.700	959.000, 0.701	959.000, 0.695
960.000, 0.679	960.000, 0.661	960.000, 0.698	960.000, 0.702	960.000, 0.702
961.000, 0.675	961.000, 0.658	961.000, 0.695	961.000, 0.700	961.000, 0.703
962.000, 0.673	962.000, 0.658	962.000, 0.696	962.000, 0.699	962.000, 0.705
963.000, 0.676	963.000, 0.662	963.000, 0.698	963.000, 0.700	963.000, 0.708
964.000, 0.676	964.000, 0.662	964.000, 0.696	964.000, 0.697	964.000, 0.708
965.000, 0.677	965.000, 0.662	965.000, 0.698	965.000, 0.700	965.000, 0.709
966.000, 0.681	966.000, 0.665	966.000, 0.705	966.000, 0.711	966.000, 0.712
967.000, 0.684	967.000, 0.665	967.000, 0.705	967.000, 0.711	967.000, 0.709
968.000, 0.686	968.000, 0.665	968.000, 0.700	968.000, 0.705	968.000, 0.705
969.000, 0.683	969.000, 0.664	969.000, 0.696	969.000, 0.700	969.000, 0.705
970.000, 0.685	970.000, 0.662	970.000, 0.700	970.000, 0.702	970.000, 0.710
971.000, 0.689	971.000, 0.661	971.000, 0.707	971.000, 0.706	971.000, 0.715
972.000, 0.689	972.000, 0.667	972.000, 0.702	972.000, 0.702	972.000, 0.713
973.000, 0.690	973.000, 0.669	973.000, 0.702	973.000, 0.702	973.000, 0.709
974.000, 0.690	974.000, 0.667	974.000, 0.708	974.000, 0.707	974.000, 0.706
975.000, 0.692	975.000, 0.668	975.000, 0.705	975.000, 0.706	975.000, 0.706
976.000, 0.688	976.000, 0.665	976.000, 0.701	976.000, 0.700	976.000, 0.705
977.000, 0.678	977.000, 0.657	977.000, 0.700	977.000, 0.692	977.000, 0.701
978.000, 0.680	978.000, 0.654	978.000, 0.698	978.000, 0.695	978.000, 0.697
979.000, 0.687	979.000, 0.657	979.000, 0.698	979.000, 0.704	979.000, 0.699
980.000, 0.687	980.000, 0.666	980.000, 0.703	980.000, 0.708	980.000, 0.711
981.000, 0.684	981.000, 0.664	981.000, 0.703	981.000, 0.708	981.000, 0.709
982.000, 0.679	982.000, 0.655	982.000, 0.699	982.000, 0.704	982.000, 0.697
983.000, 0.682	983.000, 0.660	983.000, 0.698	983.000, 0.699	983.000, 0.699
984.000, 0.683	984.000, 0.662	984.000, 0.697	984.000, 0.697	984.000, 0.705
985.000, 0.679	985.000, 0.657	985.000, 0.694	985.000, 0.699	985.000, 0.710
986.000, 0.684	986.000, 0.658	986.000, 0.696	986.000, 0.701	986.000, 0.706
987.000, 0.684	987.000, 0.661	987.000, 0.700	987.000, 0.702	987.000, 0.702
988.000, 0.673	988.000, 0.661	988.000, 0.705	988.000, 0.700	988.000, 0.705
989.000, 0.671	989.000, 0.660	989.000, 0.702	989.000, 0.701	989.000, 0.706
990.000, 0.678	990.000, 0.660	990.000, 0.696	990.000, 0.704	990.000, 0.706
991.000, 0.684	991.000, 0.661	991.000, 0.696	991.000, 0.706	991.000, 0.712
992.000, 0.687	992.000, 0.662	992.000, 0.698	992.000, 0.706	992.000, 0.715
993.000, 0.686	993.000, 0.663	993.000, 0.701	993.000, 0.706	993.000, 0.714
994.000, 0.684	994.000, 0.668	994.000, 0.702	994.000, 0.709	994.000, 0.713
995.000, 0.681	995.000, 0.667	995.000, 0.698	995.000, 0.705	995.000, 0.708
996.000, 0.680	996.000, 0.658	996.000, 0.690	996.000, 0.693	996.000, 0.698
997.000, 0.686	997.000, 0.659	997.000, 0.694	997.000, 0.697	997.000, 0.707
998.000, 0.691	998.000, 0.663	998.000, 0.702	998.000, 0.706	998.000, 0.715
999.000, 0.684	999.000, 0.665	999.000, 0.702	999.000, 0.707	999.000, 0.702
1000.000, 0.686	1000.000, 0.665	1000.000, 0.703	1000.000, 0.706	1000.000, 0.702
1001.000, 0.693	1001.000, 0.664	1001.000, 0.703	1001.000, 0.706	1001.000, 0.712
1002.000, 0.687	1002.000, 0.663	1002.000, 0.701	1002.000, 0.709	1002.000, 0.712
1003.000, 0.681	1003.000, 0.661	1003.000, 0.701	1003.000, 0.710	1003.000, 0.708
1004.000, 0.680	1004.000, 0.660	1004.000, 0.703	1004.000, 0.707	1004.000, 0.705
1005.000, 0.684	1005.000, 0.656	1005.000, 0.698	1005.000, 0.695	1005.000, 0.700
1006.000, 0.688	1006.000, 0.659	1006.000, 0.697	1006.000, 0.694	1006.000, 0.702
1007.000, 0.688	1007.000, 0.672	1007.000, 0.705	1007.000, 0.713	1007.000, 0.715
1008.000, 0.687	1008.000, 0.673	1008.000, 0.703	1008.000, 0.714	1008.000, 0.719
1009.000, 0.683	1009.000, 0.665	1009.000, 0.695	1009.000, 0.701	1009.000, 0.715
1010.000, 0.672	1010.000, 0.661	1010.000, 0.687	1010.000, 0.693	1010.000, 0.713
1011.000, 0.671	1011.000, 0.660	1011.000, 0.685	1011.000, 0.693	1011.000, 0.709
1012.000, 0.680	1012.000, 0.663	1012.000, 0.688	1012.000, 0.699	1012.000, 0.705
1013.000, 0.678	1013.000, 0.664	1013.000, 0.687	1013.000, 0.701	1013.000, 0.698
1014.000, 0.677	1014.000, 0.666	1014.000, 0.693	1014.000, 0.707	1014.000, 0.701
1015.000, 0.680	1015.000, 0.669	1015.000, 0.708	1015.000, 0.717	1015.000, 0.714
1016.000, 0.689	1016.000, 0.670	1016.000, 0.708	1016.000, 0.710	1016.000, 0.707
1017.000, 0.694	1017.000, 0.669	1017.000, 0.706	1017.000, 0.702	1017.000, 0.701
1018.000, 0.689	1018.000, 0.667	1018.000, 0.717	1018.000, 0.713	1018.000, 0.721
1019.000, 0.692	1019.000, 0.674	1019.000, 0.724	1019.000, 0.718	1019.000, 0.731
1020.000, 0.698	1020.000, 0.686	1020.000, 0.721	1020.000, 0.715	1020.000, 0.725
1021.000, 0.688	1021.000, 0.677	1021.000, 0.711	1021.000, 0.708	1021.000, 0.711
1022.000, 0.681	1022.000, 0.674	1022.000, 0.708	1022.000, 0.709	1022.000, 0.707
1023.000, 0.684	1023.000, 0.680	1023.000, 0.713	1023.000, 0.717	1023.000, 0.714
1024.000, 0.687	1024.000, 0.657	1024.000, 0.697	1024.000, 0.711	1024.000, 0.709
1025.000, 0.684	1025.000, 0.638	1025.000, 0.681	1025.000, 0.696	1025.000, 0.699
1026.000, 0.669	1026.000, 0.649	1026.000, 0.688	1026.000, 0.680	1026.000, 0.690
1027.000, 0.667	1027.000, 0.659	1027.000, 0.692	1027.000, 0.683	1027.000, 0.691
1028.000, 0.674	1028.000, 0.670	1028.000, 0.696	1028.000, 0.702	1028.000, 0.702
1029.000, 0.681	1029.000, 0.692	1029.000, 0.709	1029.000, 0.727	1029.000, 0.722
1030.000, 0.688	1030.000, 0.690	1030.000, 0.709	1030.000, 0.721	1030.000, 0.730
1031.000, 0.693	1031.000, 0.669	1031.000, 0.696	1031.000, 0.692	1031.000, 0.722
1032.000, 0.701	1032.000, 0.680	1032.000, 0.699	1032.000, 0.703	1032.000, 0.719
1033.000, 0.694	1033.000, 0.676	1033.000, 0.692	1033.000, 0.705	1033.000, 0.710
1034.000, 0.671	1034.000, 0.641	1034.000, 0.669	1034.000, 0.684	1034.000, 0.695
1035.000, 0.671	1035.000, 0.655	1035.000, 0.687	1035.000, 0.697	1035.000, 0.700
1036.000, 0.674	1036.000, 0.683	1036.000, 0.711	1036.000, 0.712	1036.000, 0.707
1037.000, 0.656	1037.000, 0.682	1037.000, 0.695	1037.000, 0.692	1037.000, 0.692
1038.000, 0.660	1038.000, 0.668	1038.000, 0.696	1038.000, 0.701	1038.000, 0.692
1039.000, 0.681	1039.000, 0.655	1039.000, 0.711	1039.000, 0.729	1039.000, 0.708
1040.000, 0.673	1040.000, 0.675	1040.000, 0.704	1040.000, 0.727	1040.000, 0.728
1041.000, 0.682	1041.000, 0.685	1041.000, 0.712	1041.000, 0.714	1041.000, 0.722
1042.000, 0.713	1042.000, 0.674	1042.000, 0.735	1042.000, 0.705	1042.000, 0.693
1043.000, 0.729	1043.000, 0.678	1043.000, 0.716	1043.000, 0.715	1043.000, 0.701
1044.000, 0.719	1044.000, 0.683	1044.000, 0.687	1044.000, 0.723	1044.000, 0.713
1045.000, 0.679	1045.000, 0.677	1045.000, 0.679	1045.000, 0.710	1045.000, 0.702
1046.000, 0.661	1046.000, 0.658	1046.000, 0.673	1046.000, 0.683	1046.000, 0.692
1047.000, 0.667	1047.000, 0.646	1047.000, 0.671	1047.000, 0.671	1047.000, 0.694
1048.000, 0.690	1048.000, 0.662	1048.000, 0.679	1048.000, 0.712	1048.000, 0.716
1049.000, 0.703	1049.000, 0.693	1049.000, 0.711	1049.000, 0.732	1049.000, 0.735
1050.000, 0.696	1050.000, 0.717	1050.000, 0.741	1050.000, 0.713	1050.000, 0.738
1051.000, 0.672	1051.000, 0.676	1051.000, 0.657	1051.000, 0.675	1051.000, 0.708
1052.000, 0.665	1052.000, 0.660	1052.000, 0.641	1052.000, 0.674	1052.000, 0.685
1053.000, 0.683	1053.000, 0.691	1053.000, 0.742	1053.000, 0.725	1053.000, 0.681
1054.000, 0.686	1054.000, 0.671	1054.000, 0.720	1054.000, 0.727	1054.000, 0.680
1055.000, 0.679	1055.000, 0.652	1055.000, 0.669	1055.000, 0.704	1055.000, 0.693
1056.000, 0.673	1056.000, 0.695	1056.000, 0.711	1056.000, 0.699	1056.000, 0.726
1057.000, 0.654	1057.000, 0.680	1057.000, 0.715	1057.000, 0.687	1057.000, 0.707
1058.000, 0.642	1058.000, 0.630	1058.000, 0.698	1058.000, 0.684	1058.000, 0.669
1059.000, 0.686	1059.000, 0.660	1059.000, 0.749	1059.000, 0.737	1059.000, 0.730
1060.000, 0.686	1060.000, 0.671	1060.000, 0.746	1060.000, 0.729	1060.000, 0.745
1061.000, 0.637	1061.000, 0.648	1061.000, 0.683	1061.000, 0.660	1061.000, 0.696
1062.000, 0.669	1062.000, 0.664	1062.000, 0.701	1062.000, 0.700	1062.000, 0.698
1063.000, 0.713	1063.000, 0.707	1063.000, 0.737	1063.000, 0.764	1063.000, 0.729
1064.000, 0.709	1064.000, 0.750	1064.000, 0.731	1064.000, 0.771	1064.000, 0.757
1065.000, 0.686	1065.000, 0.720	1065.000, 0.678	1065.000, 0.728	1065.000, 0.708
1066.000, 0.674	1066.000, 0.669	1066.000, 0.627	1066.000, 0.674	1066.000, 0.647
1067.000, 0.720	1067.000, 0.695	1067.000, 0.659	1067.000, 0.671	1067.000, 0.694
1068.000, 0.713	1068.000, 0.691	1068.000, 0.681	1068.000, 0.674	1068.000, 0.748
1069.000, 0.655	1069.000, 0.653	1069.000, 0.672	1069.000, 0.674	1069.000, 0.769
1070.000, 0.659	1070.000, 0.669	1070.000, 0.669	1070.000, 0.684	1070.000, 0.742
1071.000, 0.672	1071.000, 0.665	1071.000, 0.676	1071.000, 0.693	1071.000, 0.712
1072.000, 0.676	1072.000, 0.623	1072.000, 0.692	1072.000, 0.695	1072.000, 0.694
1073.000, 0.693	1073.000, 0.665	1073.000, 0.692	1073.000, 0.666	1073.000, 0.681
1074.000, 0.692	1074.000, 0.694	1074.000, 0.685	1074.000, 0.637	1074.000, 0.687
1075.000, 0.650	1075.000, 0.626	1075.000, 0.688	1075.000, 0.629	1075.000, 0.719
