325.000, 0.069	325.000, 0.072	325.000, 0.069	325.000, 0.070	325.000, 0.074
326.000, 0.070	326.000, 0.072	326.000, 0.071	326.000, 0.070	326.000, 0.070
327.000, 0.071	327.000, 0.072	327.000, 0.075	327.000, 0.072	327.000, 0.068
328.000, 0.074	328.000, 0.075	328.000, 0.080	328.000, 0.078	328.000, 0.072
329.000, 0.075	329.000, 0.077	329.000, 0.080	329.000, 0.080	329.000, 0.077
330.000, 0.075	330.000, 0.078	330.000, 0.077	330.000, 0.078	330.000, 0.080
331.000, 0.075	331.000, 0.075	331.000, 0.077	331.000, 0.079	331.000, 0.075
332.000, 0.074	332.000, 0.072	332.000, 0.076	332.000, 0.078	332.000, 0.071
333.000, 0.073	333.000, 0.070	333.000, 0.072	333.000, 0.075	333.000, 0.071
334.000, 0.072	334.000, 0.071	334.000, 0.069	334.000, 0.074	334.000, 0.072
335.000, 0.074	335.000, 0.073	335.000, 0.071	335.000, 0.076	335.000, 0.074
336.000, 0.078	336.000, 0.075	336.000, 0.079	336.000, 0.079	336.000, 0.077
337.000, 0.081	337.000, 0.077	337.000, 0.082	337.000, 0.082	337.000, 0.079
338.000, 0.081	338.000, 0.079	338.000, 0.081	338.000, 0.083	338.000, 0.080
339.000, 0.078	339.000, 0.077	339.000, 0.081	339.000, 0.082	339.000, 0.079
340.000, 0.078	340.000, 0.077	340.000, 0.081	340.000, 0.082	340.000, 0.080
341.000, 0.081	341.000, 0.080	341.000, 0.080	341.000, 0.083	341.000, 0.082
342.000, 0.080	342.000, 0.078	342.000, 0.079	342.000, 0.078	342.000, 0.081
343.000, 0.079	343.000, 0.077	343.000, 0.079	343.000, 0.077	343.000, 0.079
344.000, 0.082	344.000, 0.079	344.000, 0.081	344.000, 0.082	344.000, 0.079
345.000, 0.082	345.000, 0.080	345.000, 0.081	345.000, 0.081	345.000, 0.081
346.000, 0.082	346.000, 0.081	346.000, 0.079	346.000, 0.080	346.000, 0.083
347.000, 0.083	347.000, 0.083	347.000, 0.081	347.000, 0.083	347.000, 0.085
348.000, 0.082	348.000, 0.083	348.000, 0.084	348.000, 0.084	348.000, 0.085
349.000, 0.082	349.000, 0.082	349.000, 0.086	349.000, 0.082	349.000, 0.085
350.000, 0.085	350.000, 0.085	350.000, 0.087	350.000, 0.084	350.000, 0.086
351.000, 0.087	351.000, 0.086	351.000, 0.087	351.000, 0.086	351.000, 0.086
352.000, 0.087	352.000, 0.085	352.000, 0.087	352.000, 0.087	352.000, 0.085
353.000, 0.088	353.000, 0.086	353.000, 0.087	353.000, 0.089	353.000, 0.088
354.000, 0.088	354.000, 0.087	354.000, 0.088	354.000, 0.090	354.000, 0.090
355.000, 0.088	355.000, 0.087	355.000, 0.090	355.000, 0.089	355.000, 0.088
356.000, 0.089	356.000, 0.089	356.000, 0.091	356.000, 0.090	356.000, 0.089
357.000, 0.092	357.000, 0.090	357.000, 0.091	357.000, 0.091	357.000, 0.091
358.000, 0.091	358.000, 0.090	358.000, 0.090	358.000, 0.091	358.000, 0.091
359.000, 0.091	359.000, 0.091	359.000, 0.091	359.000, 0.091	359.000, 0.091
360.000, 0.092	360.000, 0.091	360.000, 0.092	360.000, 0.092	360.000, 0.092
361.000, 0.092	361.000, 0.090	361.000, 0.092	361.000, 0.092	361.000, 0.092
362.000, 0.092	362.000, 0.090	362.000, 0.091	362.000, 0.092	362.000, 0.092
363.000, 0.095	363.000, 0.093	363.000, 0.093	363.000, 0.093	363.000, 0.094
364.000, 0.096	364.000, 0.094	364.000, 0.094	364.000, 0.094	364.000, 0.095
365.000, 0.096	365.000, 0.094	365.000, 0.094	365.000, 0.095	365.000, 0.095
366.000, 0.096	366.000, 0.096	366.000, 0.095	366.000, 0.096	366.000, 0.096
367.000, 0.096	367.000, 0.097	367.000, 0.097	367.000, 0.097	367.000, 0.097
368.000, 0.097	368.000, 0.095	368.000, 0.098	368.000, 0.098	368.000, 0.098
369.000, 0.097	369.000, 0.095	369.000, 0.096	369.000, 0.096	369.000, 0.096
370.000, 0.097	370.000, 0.096	370.000, 0.096	370.000, 0.096	370.000, 0.096
371.000, 0.100	371.000, 0.097	371.000, 0.096	371.000, 0.097	371.000, 0.098
372.000, 0.100	372.000, 0.097	372.000, 0.098	372.000, 0.097	372.000, 0.099
373.000, 0.100	373.000, 0.097	373.000, 0.098	373.000, 0.098	373.000, 0.098
374.000, 0.101	374.000, 0.099	374.000, 0.098	374.000, 0.100	374.000, 0.100
375.000, 0.102	375.000, 0.100	375.000, 0.100	375.000, 0.101	375.000, 0.101
376.000, 0.103	376.000, 0.102	376.000, 0.101	376.000, 0.102	376.000, 0.102
377.000, 0.103	377.000, 0.103	377.000, 0.102	377.000, 0.103	377.000, 0.103
378.000, 0.104	378.000, 0.103	378.000, 0.104	378.000, 0.104	378.000, 0.104
379.000, 0.106	379.000, 0.104	379.000, 0.104	379.000, 0.106	379.000, 0.106
380.000, 0.106	380.000, 0.104	380.000, 0.104	380.000, 0.105	380.000, 0.106
381.000, 0.106	381.000, 0.105	381.000, 0.104	381.000, 0.105	381.000, 0.106
382.000, 0.107	382.000, 0.106	382.000, 0.107	382.000, 0.107	382.000, 0.107
383.000, 0.109	383.000, 0.107	383.000, 0.108	383.000, 0.108	383.000, 0.108
384.000, 0.110	384.000, 0.108	384.000, 0.108	384.000, 0.109	384.000, 0.108
385.000, 0.111	385.000, 0.108	385.000, 0.109	385.000, 0.110	385.000, 0.108
386.000, 0.112	386.000, 0.110	386.000, 0.110	386.000, 0.111	386.000, 0.110
387.000, 0.113	387.000, 0.112	387.000, 0.113	387.000, 0.113	387.000, 0.113
388.000, 0.115	388.000, 0.113	388.000, 0.114	388.000, 0.115	388.000, 0.114
389.000, 0.116	389.000, 0.114	389.000, 0.115	389.000, 0.116	389.000, 0.115
390.000, 0.116	390.000, 0.114	390.000, 0.114	390.000, 0.116	390.000, 0.116
391.000, 0.117	391.000, 0.116	391.000, 0.116	391.000, 0.117	391.000, 0.117
392.000, 0.119	392.000, 0.117	392.000, 0.117	392.000, 0.118	392.000, 0.118
393.000, 0.119	393.000, 0.117	393.000, 0.118	393.000, 0.118	393.000, 0.118
394.000, 0.121	394.000, 0.119	394.000, 0.120	394.000, 0.120	394.000, 0.119
395.000, 0.123	395.000, 0.121	395.000, 0.121	395.000, 0.122	395.000, 0.121
396.000, 0.122	396.000, 0.120	396.000, 0.121	396.000, 0.122	396.000, 0.122
397.000, 0.123	397.000, 0.120	397.000, 0.122	397.000, 0.122	397.000, 0.123
398.000, 0.125	398.000, 0.123	398.000, 0.123	398.000, 0.124	398.000, 0.124
399.000, 0.127	399.000, 0.124	399.000, 0.124	399.000, 0.125	399.000, 0.125
400.000, 0.127	400.000, 0.125	400.000, 0.125	400.000, 0.126	400.000, 0.126
401.000, 0.127	401.000, 0.125	401.000, 0.126	401.000, 0.127	401.000, 0.127
402.000, 0.128	402.000, 0.126	402.000, 0.126	402.000, 0.127	402.000, 0.127
403.000, 0.129	403.000, 0.127	403.000, 0.127	403.000, 0.128	403.000, 0.128
404.000, 0.129	404.000, 0.127	404.000, 0.127	404.000, 0.128	404.000, 0.128
405.000, 0.130	405.000, 0.128	405.000, 0.128	405.000, 0.129	405.000, 0.129
406.000, 0.132	406.000, 0.129	406.000, 0.130	406.000, 0.130	406.000, 0.130
407.000, 0.133	407.000, 0.130	407.000, 0.131	407.000, 0.132	407.000, 0.131
408.000, 0.134	408.000, 0.130	408.000, 0.131	408.000, 0.132	408.000, 0.132
409.000, 0.134	409.000, 0.131	409.000, 0.132	409.000, 0.133	409.000, 0.133
410.000, 0.135	410.000, 0.132	410.000, 0.133	410.000, 0.133	410.000, 0.133
411.000, 0.135	411.000, 0.133	411.000, 0.133	411.000, 0.134	411.000, 0.134
412.000, 0.136	412.000, 0.133	412.000, 0.134	412.000, 0.135	412.000, 0.135
413.000, 0.137	413.000, 0.134	413.000, 0.135	413.000, 0.136	413.000, 0.136
414.000, 0.138	414.000, 0.135	414.000, 0.136	414.000, 0.137	414.000, 0.136
415.000, 0.139	415.000, 0.136	415.000, 0.137	415.000, 0.137	415.000, 0.137
416.000, 0.140	416.000, 0.137	416.000, 0.138	416.000, 0.138	416.000, 0.138
417.000, 0.141	417.000, 0.138	417.000, 0.138	417.000, 0.140	417.000, 0.139
418.000, 0.141	418.000, 0.139	418.000, 0.139	418.000, 0.140	418.000, 0.140
419.000, 0.142	419.000, 0.140	419.000, 0.140	419.000, 0.141	419.000, 0.140
420.000, 0.143	420.000, 0.140	420.000, 0.141	420.000, 0.142	420.000, 0.141
421.000, 0.144	421.000, 0.141	421.000, 0.141	421.000, 0.143	421.000, 0.142
422.000, 0.144	422.000, 0.142	422.000, 0.142	422.000, 0.143	422.000, 0.143
423.000, 0.146	423.000, 0.143	423.000, 0.143	423.000, 0.145	423.000, 0.144
424.000, 0.147	424.000, 0.144	424.000, 0.144	424.000, 0.145	424.000, 0.145
425.000, 0.148	425.000, 0.145	425.000, 0.145	425.000, 0.146	425.000, 0.146
426.000, 0.148	426.000, 0.146	426.000, 0.146	426.000, 0.147	426.000, 0.147
427.000, 0.150	427.000, 0.147	427.000, 0.147	427.000, 0.148	427.000, 0.148
428.000, 0.151	428.000, 0.148	428.000, 0.149	428.000, 0.149	428.000, 0.149
429.000, 0.152	429.000, 0.149	429.000, 0.150	429.000, 0.150	429.000, 0.150
430.000, 0.153	430.000, 0.150	430.000, 0.151	430.000, 0.151	430.000, 0.151
431.000, 0.153	431.000, 0.151	431.000, 0.151	431.000, 0.152	431.000, 0.152
432.000, 0.155	432.000, 0.152	432.000, 0.152	432.000, 0.153	432.000, 0.153
433.000, 0.156	433.000, 0.153	433.000, 0.154	433.000, 0.155	433.000, 0.154
434.000, 0.157	434.000, 0.154	434.000, 0.155	434.000, 0.156	434.000, 0.155
435.000, 0.159	435.000, 0.155	435.000, 0.156	435.000, 0.157	435.000, 0.157
436.000, 0.160	436.000, 0.156	436.000, 0.157	436.000, 0.158	436.000, 0.157
437.000, 0.160	437.000, 0.157	437.000, 0.158	437.000, 0.158	437.000, 0.158
438.000, 0.161	438.000, 0.158	438.000, 0.159	438.000, 0.159	438.000, 0.159
439.000, 0.163	439.000, 0.159	439.000, 0.160	439.000, 0.161	439.000, 0.160
440.000, 0.164	440.000, 0.160	440.000, 0.161	440.000, 0.162	440.000, 0.161
441.000, 0.164	441.000, 0.160	441.000, 0.161	441.000, 0.162	441.000, 0.162
442.000, 0.165	442.000, 0.162	442.000, 0.162	442.000, 0.163	442.000, 0.163
443.000, 0.167	443.000, 0.163	443.000, 0.163	443.000, 0.165	443.000, 0.164
444.000, 0.168	444.000, 0.164	444.000, 0.165	444.000, 0.166	444.000, 0.166
445.000, 0.168	445.000, 0.165	445.000, 0.165	445.000, 0.166	445.000, 0.166
446.000, 0.169	446.000, 0.166	446.000, 0.166	446.000, 0.167	446.000, 0.167
447.000, 0.170	447.000, 0.166	447.000, 0.167	447.000, 0.168	447.000, 0.168
448.000, 0.171	448.000, 0.167	448.000, 0.168	448.000, 0.169	448.000, 0.168
449.000, 0.172	449.000, 0.168	449.000, 0.169	449.000, 0.170	449.000, 0.169
450.000, 0.173	450.000, 0.169	450.000, 0.170	450.000, 0.171	450.000, 0.170
451.000, 0.174	451.000, 0.170	451.000, 0.171	451.000, 0.172	451.000, 0.171
452.000, 0.174	452.000, 0.170	452.000, 0.171	452.000, 0.172	452.000, 0.172
453.000, 0.175	453.000, 0.171	453.000, 0.172	453.000, 0.173	453.000, 0.173
454.000, 0.176	454.000, 0.172	454.000, 0.173	454.000, 0.174	454.000, 0.173
455.000, 0.176	455.000, 0.173	455.000, 0.173	455.000, 0.175	455.000, 0.174
456.000, 0.177	456.000, 0.174	456.000, 0.174	456.000, 0.175	456.000, 0.175
457.000, 0.178	457.000, 0.174	457.000, 0.175	457.000, 0.176	457.000, 0.175
458.000, 0.179	458.000, 0.175	458.000, 0.176	458.000, 0.177	458.000, 0.176
459.000, 0.180	459.000, 0.175	459.000, 0.176	459.000, 0.177	459.000, 0.177
460.000, 0.180	460.000, 0.176	460.000, 0.177	460.000, 0.178	460.000, 0.177
461.000, 0.181	461.000, 0.177	461.000, 0.178	461.000, 0.179	461.000, 0.178
462.000, 0.182	462.000, 0.178	462.000, 0.178	462.000, 0.179	462.000, 0.179
463.000, 0.182	463.000, 0.178	463.000, 0.179	463.000, 0.180	463.000, 0.179
464.000, 0.182	464.000, 0.179	464.000, 0.179	464.000, 0.180	464.000, 0.180
465.000, 0.183	465.000, 0.179	465.000, 0.180	465.000, 0.181	465.000, 0.180
466.000, 0.184	466.000, 0.180	466.000, 0.181	466.000, 0.181	466.000, 0.181
467.000, 0.185	467.000, 0.181	467.000, 0.181	467.000, 0.182	467.000, 0.182
468.000, 0.186	468.000, 0.181	468.000, 0.182	468.000, 0.183	468.000, 0.183
469.000, 0.186	469.000, 0.182	469.000, 0.182	469.000, 0.183	469.000, 0.183
470.000, 0.186	470.000, 0.182	470.000, 0.183	470.000, 0.184	470.000, 0.184
471.000, 0.187	471.000, 0.183	471.000, 0.184	471.000, 0.185	471.000, 0.184
472.000, 0.188	472.000, 0.184	472.000, 0.184	472.000, 0.185	472.000, 0.185
473.000, 0.188	473.000, 0.184	473.000, 0.185	473.000, 0.186	473.000, 0.185
474.000, 0.189	474.000, 0.185	474.000, 0.186	474.000, 0.187	474.000, 0.186
475.000, 0.190	475.000, 0.186	475.000, 0.186	475.000, 0.187	475.000, 0.187
476.000, 0.190	476.000, 0.186	476.000, 0.187	476.000, 0.188	476.000, 0.187
477.000, 0.191	477.000, 0.187	477.000, 0.187	477.000, 0.188	477.000, 0.188
478.000, 0.192	478.000, 0.188	478.000, 0.188	478.000, 0.189	478.000, 0.189
479.000, 0.193	479.000, 0.188	479.000, 0.189	479.000, 0.190	479.000, 0.189
480.000, 0.193	480.000, 0.189	480.000, 0.190	480.000, 0.191	480.000, 0.190
481.000, 0.194	481.000, 0.190	481.000, 0.190	481.000, 0.191	481.000, 0.191
482.000, 0.195	482.000, 0.190	482.000, 0.191	482.000, 0.192	482.000, 0.192
483.000, 0.195	483.000, 0.191	483.000, 0.191	483.000, 0.193	483.000, 0.192
484.000, 0.196	484.000, 0.191	484.000, 0.192	484.000, 0.193	484.000, 0.193
485.000, 0.197	485.000, 0.192	485.000, 0.193	485.000, 0.194	485.000, 0.194
486.000, 0.198	486.000, 0.193	486.000, 0.194	486.000, 0.195	486.000, 0.194
487.000, 0.199	487.000, 0.194	487.000, 0.195	487.000, 0.196	487.000, 0.195
488.000, 0.199	488.000, 0.195	488.000, 0.195	488.000, 0.197	488.000, 0.196
489.000, 0.200	489.000, 0.196	489.000, 0.196	489.000, 0.197	489.000, 0.197
490.000, 0.201	490.000, 0.197	490.000, 0.197	490.000, 0.198	490.000, 0.198
491.000, 0.202	491.000, 0.198	491.000, 0.198	491.000, 0.199	491.000, 0.199
492.000, 0.203	492.000, 0.198	492.000, 0.199	492.000, 0.200	492.000, 0.200
493.000, 0.204	493.000, 0.199	493.000, 0.200	493.000, 0.201	493.000, 0.201
494.000, 0.205	494.000, 0.200	494.000, 0.201	494.000, 0.202	494.000, 0.202
495.000, 0.206	495.000, 0.201	495.000, 0.202	495.000, 0.203	495.000, 0.202
496.000, 0.206	496.000, 0.202	496.000, 0.202	496.000, 0.203	496.000, 0.203
497.000, 0.207	497.000, 0.203	497.000, 0.203	497.000, 0.205	497.000, 0.204
498.000, 0.209	498.000, 0.204	498.000, 0.204	498.000, 0.206	498.000, 0.205
499.000, 0.209	499.000, 0.204	499.000, 0.205	499.000, 0.206	499.000, 0.206
500.000, 0.210	500.000, 0.205	500.000, 0.206	500.000, 0.207	500.000, 0.207
501.000, 0.211	501.000, 0.206	501.000, 0.207	501.000, 0.208	501.000, 0.208
502.000, 0.212	502.000, 0.207	502.000, 0.208	502.000, 0.209	502.000, 0.209
503.000, 0.213	503.000, 0.208	503.000, 0.209	503.000, 0.210	503.000, 0.210
504.000, 0.215	504.000, 0.209	504.000, 0.210	504.000, 0.212	504.000, 0.211
505.000, 0.215	505.000, 0.210	505.000, 0.211	505.000, 0.213	505.000, 0.212
506.000, 0.216	506.000, 0.211	506.000, 0.212	506.000, 0.213	506.000, 0.213
507.000, 0.218	507.000, 0.212	507.000, 0.213	507.000, 0.214	507.000, 0.214
508.000, 0.218	508.000, 0.213	508.000, 0.214	508.000, 0.215	508.000, 0.214
509.000, 0.219	509.000, 0.214	509.000, 0.215	509.000, 0.216	509.000, 0.215
510.000, 0.220	510.000, 0.215	510.000, 0.216	510.000, 0.217	510.000, 0.216
511.000, 0.221	511.000, 0.216	511.000, 0.217	511.000, 0.218	511.000, 0.217
512.000, 0.222	512.000, 0.217	512.000, 0.217	512.000, 0.219	512.000, 0.218
513.000, 0.223	513.000, 0.218	513.000, 0.218	513.000, 0.220	513.000, 0.219
514.000, 0.225	514.000, 0.219	514.000, 0.220	514.000, 0.221	514.000, 0.221
515.000, 0.226	515.000, 0.220	515.000, 0.221	515.000, 0.222	515.000, 0.222
516.000, 0.227	516.000, 0.221	516.000, 0.222	516.000, 0.223	516.000, 0.222
517.000, 0.228	517.000, 0.222	517.000, 0.223	517.000, 0.224	517.000, 0.223
518.000, 0.229	518.000, 0.223	518.000, 0.224	518.000, 0.225	518.000, 0.225
519.000, 0.230	519.000, 0.224	519.000, 0.225	519.000, 0.226	519.000, 0.226
520.000, 0.231	520.000, 0.225	520.000, 0.226	520.000, 0.227	520.000, 0.227
521.000, 0.232	521.000, 0.226	521.000, 0.227	521.000, 0.228	521.000, 0.228
522.000, 0.233	522.000, 0.227	522.000, 0.228	522.000, 0.229	522.000, 0.228
523.000, 0.234	523.000, 0.228	523.000, 0.229	523.000, 0.230	523.000, 0.230
524.000, 0.235	524.000, 0.229	524.000, 0.230	524.000, 0.231	524.000, 0.231
525.000, 0.236	525.000, 0.230	525.000, 0.231	525.000, 0.232	525.000, 0.232
526.000, 0.237	526.000, 0.231	526.000, 0.232	526.000, 0.233	526.000, 0.233
527.000, 0.238	527.000, 0.232	527.000, 0.233	527.000, 0.234	527.000, 0.234
528.000, 0.240	528.000, 0.234	528.000, 0.234	528.000, 0.235	528.000, 0.235
529.000, 0.240	529.000, 0.234	529.000, 0.235	529.000, 0.236	529.000, 0.236
530.000, 0.241	530.000, 0.235	530.000, 0.236	530.000, 0.237	530.000, 0.237
531.000, 0.242	531.000, 0.236	531.000, 0.237	531.000, 0.239	531.000, 0.238
532.000, 0.243	532.000, 0.237	532.000, 0.238	532.000, 0.240	532.000, 0.239
533.000, 0.244	533.000, 0.238	533.000, 0.239	533.000, 0.240	533.000, 0.240
534.000, 0.246	534.000, 0.239	534.000, 0.240	534.000, 0.241	534.000, 0.241
535.000, 0.247	535.000, 0.240	535.000, 0.241	535.000, 0.242	535.000, 0.242
536.000, 0.248	536.000, 0.241	536.000, 0.242	536.000, 0.244	536.000, 0.243
537.000, 0.249	537.000, 0.242	537.000, 0.243	537.000, 0.245	537.000, 0.244
538.000, 0.249	538.000, 0.243	538.000, 0.244	538.000, 0.245	538.000, 0.245
539.000, 0.251	539.000, 0.244	539.000, 0.245	539.000, 0.246	539.000, 0.246
540.000, 0.252	540.000, 0.245	540.000, 0.246	540.000, 0.247	540.000, 0.247
541.000, 0.253	541.000, 0.246	541.000, 0.247	541.000, 0.249	541.000, 0.248
542.000, 0.254	542.000, 0.248	542.000, 0.248	542.000, 0.250	542.000, 0.249
543.000, 0.255	543.000, 0.249	543.000, 0.249	543.000, 0.251	543.000, 0.250
544.000, 0.256	544.000, 0.249	544.000, 0.250	544.000, 0.252	544.000, 0.251
545.000, 0.257	545.000, 0.250	545.000, 0.251	545.000, 0.253	545.000, 0.252
546.000, 0.258	546.000, 0.251	546.000, 0.252	546.000, 0.253	546.000, 0.253
547.000, 0.259	547.000, 0.252	547.000, 0.253	547.000, 0.254	547.000, 0.254
548.000, 0.260	548.000, 0.253	548.000, 0.254	548.000, 0.255	548.000, 0.255
549.000, 0.261	549.000, 0.254	549.000, 0.255	549.000, 0.256	549.000, 0.256
550.000, 0.262	550.000, 0.255	550.000, 0.256	550.000, 0.258	550.000, 0.257
551.000, 0.263	551.000, 0.256	551.000, 0.257	551.000, 0.259	551.000, 0.258
552.000, 0.264	552.000, 0.257	552.000, 0.258	552.000, 0.260	552.000, 0.259
553.000, 0.265	553.000, 0.258	553.000, 0.259	553.000, 0.260	553.000, 0.260
554.000, 0.266	554.000, 0.259	554.000, 0.260	554.000, 0.261	554.000, 0.261
555.000, 0.267	555.000, 0.260	555.000, 0.261	555.000, 0.262	555.000, 0.262
556.000, 0.268	556.000, 0.261	556.000, 0.262	556.000, 0.263	556.000, 0.262
557.000, 0.269	557.000, 0.262	557.000, 0.263	557.000, 0.264	557.000, 0.263
558.000, 0.270	558.000, 0.263	558.000, 0.264	558.000, 0.265	558.000, 0.264
559.000, 0.271	559.000, 0.264	559.000, 0.264	559.000, 0.266	559.000, 0.265
560.000, 0.272	560.000, 0.265	560.000, 0.265	560.000, 0.267	560.000, 0.266
561.000, 0.272	561.000, 0.265	561.000, 0.266	561.000, 0.268	561.000, 0.267
562.000, 0.273	562.000, 0.266	562.000, 0.267	562.000, 0.269	562.000, 0.268
563.000, 0.275	563.000, 0.267	563.000, 0.268	563.000, 0.270	563.000, 0.269
564.000, 0.276	564.000, 0.268	564.000, 0.269	564.000, 0.271	564.000, 0.270
565.000, 0.276	565.000, 0.269	565.000, 0.270	565.000, 0.271	565.000, 0.271
566.000, 0.277	566.000, 0.270	566.000, 0.271	566.000, 0.272	566.000, 0.271
567.000, 0.278	567.000, 0.271	567.000, 0.271	567.000, 0.273	567.000, 0.272
568.000, 0.279	568.000, 0.271	568.000, 0.272	568.000, 0.274	568.000, 0.273
569.000, 0.280	569.000, 0.272	569.000, 0.273	569.000, 0.275	569.000, 0.274
570.000, 0.281	570.000, 0.274	570.000, 0.274	570.000, 0.276	570.000, 0.275
571.000, 0.282	571.000, 0.275	571.000, 0.275	571.000, 0.277	571.000, 0.276
572.000, 0.283	572.000, 0.275	572.000, 0.276	572.000, 0.278	572.000, 0.277
573.000, 0.283	573.000, 0.276	573.000, 0.277	573.000, 0.278	573.000, 0.277
574.000, 0.284	574.000, 0.277	574.000, 0.277	574.000, 0.279	574.000, 0.278
575.000, 0.285	575.000, 0.277	575.000, 0.278	575.000, 0.280	575.000, 0.279
576.000, 0.286	576.000, 0.278	576.000, 0.279	576.000, 0.281	576.000, 0.280
577.000, 0.286	577.000, 0.279	577.000, 0.280	577.000, 0.281	577.000, 0.281
578.000, 0.287	578.000, 0.280	578.000, 0.281	578.000, 0.282	578.000, 0.281
579.000, 0.288	579.000, 0.280	579.000, 0.281	579.000, 0.283	579.000, 0.282
580.000, 0.289	580.000, 0.281	580.000, 0.282	580.000, 0.284	580.000, 0.283
581.000, 0.289	581.000, 0.282	581.000, 0.282	581.000, 0.284	581.000, 0.283
582.000, 0.290	582.000, 0.282	582.000, 0.283	582.000, 0.285	582.000, 0.284
583.000, 0.291	583.000, 0.283	583.000, 0.284	583.000, 0.286	583.000, 0.285
584.000, 0.292	584.000, 0.284	584.000, 0.284	584.000, 0.286	584.000, 0.285
585.000, 0.292	585.000, 0.284	585.000, 0.285	585.000, 0.287	585.000, 0.286
586.000, 0.293	586.000, 0.285	586.000, 0.285	586.000, 0.287	586.000, 0.286
587.000, 0.293	587.000, 0.285	587.000, 0.286	587.000, 0.288	587.000, 0.287
588.000, 0.294	588.000, 0.286	588.000, 0.287	588.000, 0.289	588.000, 0.288
589.000, 0.295	589.000, 0.287	589.000, 0.288	589.000, 0.290	589.000, 0.289
590.000, 0.295	590.000, 0.288	590.000, 0.288	590.000, 0.290	590.000, 0.289
591.000, 0.296	591.000, 0.288	591.000, 0.289	591.000, 0.291	591.000, 0.290
592.000, 0.296	592.000, 0.288	592.000, 0.290	592.000, 0.291	592.000, 0.290
593.000, 0.297	593.000, 0.289	593.000, 0.290	593.000, 0.292	593.000, 0.291
594.000, 0.298	594.000, 0.290	594.000, 0.291	594.000, 0.292	594.000, 0.291
595.000, 0.298	595.000, 0.290	595.000, 0.291	595.000, 0.293	595.000, 0.292
596.000, 0.299	596.000, 0.291	596.000, 0.292	596.000, 0.294	596.000, 0.293
597.000, 0.300	597.000, 0.292	597.000, 0.293	597.000, 0.294	597.000, 0.293
598.000, 0.300	598.000, 0.293	598.000, 0.293	598.000, 0.295	598.000, 0.294
599.000, 0.301	599.000, 0.293	599.000, 0.294	599.000, 0.295	599.000, 0.295
600.000, 0.302	600.000, 0.294	600.000, 0.295	600.000, 0.296	600.000, 0.295
601.000, 0.303	601.000, 0.295	601.000, 0.295	601.000, 0.297	601.000, 0.296
602.000, 0.304	602.000, 0.296	602.000, 0.296	602.000, 0.298	602.000, 0.297
603.000, 0.304	603.000, 0.296	603.000, 0.297	603.000, 0.299	603.000, 0.298
604.000, 0.305	604.000, 0.297	604.000, 0.298	604.000, 0.299	604.000, 0.299
605.000, 0.306	605.000, 0.298	605.000, 0.298	605.000, 0.300	605.000, 0.299
606.000, 0.306	606.000, 0.298	606.000, 0.299	606.000, 0.300	606.000, 0.300
607.000, 0.307	607.000, 0.299	607.000, 0.300	607.000, 0.301	607.000, 0.301
608.000, 0.308	608.000, 0.300	608.000, 0.301	608.000, 0.302	608.000, 0.301
609.000, 0.309	609.000, 0.301	609.000, 0.301	609.000, 0.303	609.000, 0.302
610.000, 0.309	610.000, 0.301	610.000, 0.302	610.000, 0.303	610.000, 0.303
611.000, 0.310	611.000, 0.302	611.000, 0.303	611.000, 0.304	611.000, 0.303
612.000, 0.311	612.000, 0.302	612.000, 0.303	612.000, 0.305	612.000, 0.304
613.000, 0.311	613.000, 0.303	613.000, 0.304	613.000, 0.305	613.000, 0.304
614.000, 0.312	614.000, 0.304	614.000, 0.304	614.000, 0.306	614.000, 0.305
615.000, 0.313	615.000, 0.304	615.000, 0.305	615.000, 0.307	615.000, 0.306
616.000, 0.314	616.000, 0.305	616.000, 0.306	616.000, 0.308	616.000, 0.307
617.000, 0.314	617.000, 0.306	617.000, 0.306	617.000, 0.308	617.000, 0.307
618.000, 0.314	618.000, 0.306	618.000, 0.307	618.000, 0.308	618.000, 0.308
619.000, 0.315	619.000, 0.307	619.000, 0.307	619.000, 0.309	619.000, 0.308
620.000, 0.316	620.000, 0.308	620.000, 0.308	620.000, 0.310	620.000, 0.309
621.000, 0.317	621.000, 0.308	621.000, 0.309	621.000, 0.311	621.000, 0.310
622.000, 0.317	622.000, 0.309	622.000, 0.310	622.000, 0.311	622.000, 0.310
623.000, 0.318	623.000, 0.309	623.000, 0.310	623.000, 0.312	623.000, 0.311
624.000, 0.318	624.000, 0.310	624.000, 0.311	624.000, 0.313	624.000, 0.312
625.000, 0.319	625.000, 0.311	625.000, 0.311	625.000, 0.313	625.000, 0.312
626.000, 0.320	626.000, 0.311	626.000, 0.312	626.000, 0.314	626.000, 0.313
627.000, 0.321	627.000, 0.312	627.000, 0.313	627.000, 0.315	627.000, 0.314
628.000, 0.322	628.000, 0.313	628.000, 0.314	628.000, 0.315	628.000, 0.314
629.000, 0.322	629.000, 0.313	629.000, 0.314	629.000, 0.316	629.000, 0.315
630.000, 0.323	630.000, 0.314	630.000, 0.315	630.000, 0.317	630.000, 0.316
631.000, 0.324	631.000, 0.315	631.000, 0.316	631.000, 0.317	631.000, 0.316
632.000, 0.324	632.000, 0.315	632.000, 0.316	632.000, 0.318	632.000, 0.317
633.000, 0.325	633.000, 0.316	633.000, 0.317	633.000, 0.319	633.000, 0.318
634.000, 0.325	634.000, 0.317	634.000, 0.317	634.000, 0.320	634.000, 0.318
635.000, 0.326	635.000, 0.317	635.000, 0.318	635.000, 0.320	635.000, 0.319
636.000, 0.326	636.000, 0.318	636.000, 0.318	636.000, 0.320	636.000, 0.319
637.000, 0.327	637.000, 0.318	637.000, 0.319	637.000, 0.321	637.000, 0.320
638.000, 0.328	638.000, 0.319	638.000, 0.320	638.000, 0.322	638.000, 0.320
639.000, 0.328	639.000, 0.320	639.000, 0.320	639.000, 0.322	639.000, 0.321
640.000, 0.329	640.000, 0.320	640.000, 0.321	640.000, 0.323	640.000, 0.322
641.000, 0.330	641.000, 0.321	641.000, 0.322	641.000, 0.324	641.000, 0.323
642.000, 0.331	642.000, 0.322	642.000, 0.323	642.000, 0.325	642.000, 0.323
643.000, 0.331	643.000, 0.322	643.000, 0.323	643.000, 0.325	643.000, 0.324
644.000, 0.332	644.000, 0.323	644.000, 0.324	644.000, 0.325	644.000, 0.324
645.000, 0.332	645.000, 0.323	645.000, 0.324	645.000, 0.326	645.000, 0.325
646.000, 0.333	646.000, 0.324	646.000, 0.325	646.000, 0.327	646.000, 0.326
647.000, 0.334	647.000, 0.324	647.000, 0.325	647.000, 0.328	647.000, 0.326
648.000, 0.334	648.000, 0.325	648.000, 0.326	648.000, 0.328	648.000, 0.327
649.000, 0.335	649.000, 0.326	649.000, 0.327	649.000, 0.329	649.000, 0.327
650.000, 0.336	650.000, 0.327	650.000, 0.327	650.000, 0.329	650.000, 0.328
651.000, 0.336	651.000, 0.327	651.000, 0.328	651.000, 0.330	651.000, 0.329
652.000, 0.337	652.000, 0.327	652.000, 0.328	652.000, 0.330	652.000, 0.329
653.000, 0.337	653.000, 0.328	653.000, 0.329	653.000, 0.331	653.000, 0.330
654.000, 0.338	654.000, 0.329	654.000, 0.329	654.000, 0.332	654.000, 0.330
655.000, 0.339	655.000, 0.330	655.000, 0.330	655.000, 0.333	655.000, 0.332
656.000, 0.341	656.000, 0.331	656.000, 0.332	656.000, 0.334	656.000, 0.333
657.000, 0.341	657.000, 0.331	657.000, 0.332	657.000, 0.334	657.000, 0.333
658.000, 0.341	658.000, 0.332	658.000, 0.333	658.000, 0.335	658.000, 0.334
659.000, 0.342	659.000, 0.332	659.000, 0.333	659.000, 0.335	659.000, 0.334
660.000, 0.342	660.000, 0.333	660.000, 0.334	660.000, 0.336	660.000, 0.335
661.000, 0.343	661.000, 0.334	661.000, 0.335	661.000, 0.337	661.000, 0.336
662.000, 0.344	662.000, 0.334	662.000, 0.335	662.000, 0.337	662.000, 0.336
663.000, 0.344	663.000, 0.335	663.000, 0.336	663.000, 0.338	663.000, 0.337
664.000, 0.345	664.000, 0.336	664.000, 0.336	664.000, 0.338	664.000, 0.338
665.000, 0.346	665.000, 0.336	665.000, 0.337	665.000, 0.339	665.000, 0.338
666.000, 0.346	666.000, 0.337	666.000, 0.338	666.000, 0.340	666.000, 0.338
667.000, 0.346	667.000, 0.337	667.000, 0.338	667.000, 0.340	667.000, 0.339
668.000, 0.347	668.000, 0.338	668.000, 0.338	668.000, 0.341	668.000, 0.340
669.000, 0.348	669.000, 0.338	669.000, 0.339	669.000, 0.342	669.000, 0.340
670.000, 0.349	670.000, 0.339	670.000, 0.340	670.000, 0.342	670.000, 0.341
671.000, 0.349	671.000, 0.340	671.000, 0.341	671.000, 0.343	671.000, 0.342
672.000, 0.350	672.000, 0.341	672.000, 0.342	672.000, 0.344	672.000, 0.343
673.000, 0.351	673.000, 0.341	673.000, 0.342	673.000, 0.345	673.000, 0.343
674.000, 0.352	674.000, 0.342	674.000, 0.343	674.000, 0.345	674.000, 0.344
675.000, 0.352	675.000, 0.342	675.000, 0.343	675.000, 0.345	675.000, 0.344
676.000, 0.353	676.000, 0.343	676.000, 0.344	676.000, 0.346	676.000, 0.345
677.000, 0.353	677.000, 0.344	677.000, 0.345	677.000, 0.347	677.000, 0.345
678.000, 0.354	678.000, 0.344	678.000, 0.345	678.000, 0.347	678.000, 0.346
679.000, 0.355	679.000, 0.345	679.000, 0.346	679.000, 0.348	679.000, 0.347
680.000, 0.355	680.000, 0.346	680.000, 0.346	680.000, 0.349	680.000, 0.347
681.000, 0.356	681.000, 0.346	681.000, 0.347	681.000, 0.349	681.000, 0.348
682.000, 0.356	682.000, 0.347	682.000, 0.347	682.000, 0.350	682.000, 0.348
683.000, 0.357	683.000, 0.347	683.000, 0.348	683.000, 0.350	683.000, 0.349
684.000, 0.357	684.000, 0.348	684.000, 0.348	684.000, 0.351	684.000, 0.349
685.000, 0.358	685.000, 0.348	685.000, 0.349	685.000, 0.351	685.000, 0.350
686.000, 0.360	686.000, 0.349	686.000, 0.350	686.000, 0.352	686.000, 0.351
687.000, 0.360	687.000, 0.350	687.000, 0.351	687.000, 0.353	687.000, 0.352
688.000, 0.361	688.000, 0.351	688.000, 0.352	688.000, 0.354	688.000, 0.353
689.000, 0.362	689.000, 0.352	689.000, 0.353	689.000, 0.355	689.000, 0.354
690.000, 0.362	690.000, 0.352	690.000, 0.353	690.000, 0.355	690.000, 0.354
691.000, 0.363	691.000, 0.353	691.000, 0.353	691.000, 0.356	691.000, 0.354
692.000, 0.363	692.000, 0.353	692.000, 0.354	692.000, 0.356	692.000, 0.355
693.000, 0.364	693.000, 0.354	693.000, 0.355	693.000, 0.357	693.000, 0.356
694.000, 0.365	694.000, 0.355	694.000, 0.356	694.000, 0.358	694.000, 0.357
695.000, 0.365	695.000, 0.356	695.000, 0.356	695.000, 0.359	695.000, 0.357
696.000, 0.366	696.000, 0.356	696.000, 0.357	696.000, 0.359	696.000, 0.358
697.000, 0.367	697.000, 0.357	697.000, 0.358	697.000, 0.360	697.000, 0.359
698.000, 0.368	698.000, 0.357	698.000, 0.358	698.000, 0.361	698.000, 0.359
699.000, 0.368	699.000, 0.358	699.000, 0.359	699.000, 0.362	699.000, 0.360
700.000, 0.369	700.000, 0.359	700.000, 0.360	700.000, 0.362	700.000, 0.361
701.000, 0.370	701.000, 0.360	701.000, 0.361	701.000, 0.363	701.000, 0.362
702.000, 0.371	702.000, 0.361	702.000, 0.362	702.000, 0.364	702.000, 0.363
703.000, 0.372	703.000, 0.361	703.000, 0.363	703.000, 0.365	703.000, 0.363
704.000, 0.372	704.000, 0.362	704.000, 0.364	704.000, 0.366	704.000, 0.364
705.000, 0.373	705.000, 0.363	705.000, 0.364	705.000, 0.367	705.000, 0.365
706.000, 0.374	706.000, 0.364	706.000, 0.365	706.000, 0.367	706.000, 0.366
707.000, 0.375	707.000, 0.365	707.000, 0.366	707.000, 0.368	707.000, 0.367
708.000, 0.376	708.000, 0.365	708.000, 0.366	708.000, 0.369	708.000, 0.367
709.000, 0.376	709.000, 0.366	709.000, 0.367	709.000, 0.369	709.000, 0.368
710.000, 0.377	710.000, 0.367	710.000, 0.368	710.000, 0.370	710.000, 0.369
711.000, 0.378	711.000, 0.367	711.000, 0.369	711.000, 0.371	711.000, 0.370
712.000, 0.379	712.000, 0.368	712.000, 0.370	712.000, 0.372	712.000, 0.370
713.000, 0.379	713.000, 0.369	713.000, 0.370	713.000, 0.372	713.000, 0.371
714.000, 0.379	714.000, 0.369	714.000, 0.370	714.000, 0.372	714.000, 0.371
715.000, 0.380	715.000, 0.369	715.000, 0.370	715.000, 0.373	715.000, 0.371
716.000, 0.380	716.000, 0.370	716.000, 0.371	716.000, 0.373	716.000, 0.372
717.000, 0.381	717.000, 0.371	717.000, 0.372	717.000, 0.374	717.000, 0.373
718.000, 0.382	718.000, 0.372	718.000, 0.373	718.000, 0.375	718.000, 0.374
719.000, 0.383	719.000, 0.373	719.000, 0.374	719.000, 0.376	719.000, 0.375
720.000, 0.384	720.000, 0.374	720.000, 0.375	720.000, 0.377	720.000, 0.376
721.000, 0.385	721.000, 0.374	721.000, 0.375	721.000, 0.377	721.000, 0.376
722.000, 0.385	722.000, 0.375	722.000, 0.376	722.000, 0.378	722.000, 0.377
723.000, 0.386	723.000, 0.375	723.000, 0.377	723.000, 0.379	723.000, 0.378
724.000, 0.386	724.000, 0.376	724.000, 0.378	724.000, 0.380	724.000, 0.378
725.000, 0.387	725.000, 0.377	725.000, 0.379	725.000, 0.380	725.000, 0.379
726.000, 0.388	726.000, 0.378	726.000, 0.379	726.000, 0.381	726.000, 0.380
727.000, 0.389	727.000, 0.378	727.000, 0.380	727.000, 0.381	727.000, 0.380
728.000, 0.389	728.000, 0.379	728.000, 0.381	728.000, 0.382	728.000, 0.381
729.000, 0.390	729.000, 0.380	729.000, 0.382	729.000, 0.383	729.000, 0.383
730.000, 0.392	730.000, 0.381	730.000, 0.383	730.000, 0.384	730.000, 0.384
731.000, 0.393	731.000, 0.382	731.000, 0.383	731.000, 0.385	731.000, 0.384
732.000, 0.393	732.000, 0.383	732.000, 0.384	732.000, 0.386	732.000, 0.385
733.000, 0.395	733.000, 0.384	733.000, 0.385	733.000, 0.387	733.000, 0.386
734.000, 0.395	734.000, 0.385	734.000, 0.386	734.000, 0.388	734.000, 0.387
735.000, 0.396	735.000, 0.386	735.000, 0.387	735.000, 0.389	735.000, 0.387
736.000, 0.397	736.000, 0.386	736.000, 0.388	736.000, 0.390	736.000, 0.389
737.000, 0.398	737.000, 0.387	737.000, 0.389	737.000, 0.391	737.000, 0.390
738.000, 0.399	738.000, 0.388	738.000, 0.389	738.000, 0.391	738.000, 0.391
739.000, 0.399	739.000, 0.390	739.000, 0.390	739.000, 0.393	739.000, 0.392
740.000, 0.401	740.000, 0.390	740.000, 0.391	740.000, 0.394	740.000, 0.392
741.000, 0.401	741.000, 0.391	741.000, 0.392	741.000, 0.394	741.000, 0.393
742.000, 0.402	742.000, 0.391	742.000, 0.392	742.000, 0.395	742.000, 0.393
743.000, 0.402	743.000, 0.392	743.000, 0.393	743.000, 0.395	743.000, 0.394
744.000, 0.403	744.000, 0.392	744.000, 0.394	744.000, 0.396	744.000, 0.395
745.000, 0.404	745.000, 0.393	745.000, 0.394	745.000, 0.397	745.000, 0.396
746.000, 0.404	746.000, 0.394	746.000, 0.395	746.000, 0.398	746.000, 0.396
747.000, 0.405	747.000, 0.395	747.000, 0.396	747.000, 0.398	747.000, 0.397
748.000, 0.406	748.000, 0.395	748.000, 0.396	748.000, 0.398	748.000, 0.398
749.000, 0.407	749.000, 0.396	749.000, 0.397	749.000, 0.399	749.000, 0.398
750.000, 0.408	750.000, 0.397	750.000, 0.398	750.000, 0.400	750.000, 0.399
751.000, 0.409	751.000, 0.398	751.000, 0.399	751.000, 0.401	751.000, 0.400
752.000, 0.409	752.000, 0.399	752.000, 0.400	752.000, 0.402	752.000, 0.401
753.000, 0.409	753.000, 0.399	753.000, 0.400	753.000, 0.402	753.000, 0.401
754.000, 0.409	754.000, 0.399	754.000, 0.401	754.000, 0.403	754.000, 0.402
755.000, 0.410	755.000, 0.400	755.000, 0.401	755.000, 0.403	755.000, 0.402
756.000, 0.411	756.000, 0.400	756.000, 0.401	756.000, 0.403	756.000, 0.402
757.000, 0.410	757.000, 0.400	757.000, 0.401	757.000, 0.402	757.000, 0.401
758.000, 0.410	758.000, 0.399	758.000, 0.400	758.000, 0.402	758.000, 0.401
759.000, 0.410	759.000, 0.400	759.000, 0.401	759.000, 0.403	759.000, 0.401
760.000, 0.412	760.000, 0.401	760.000, 0.402	760.000, 0.405	760.000, 0.404
761.000, 0.413	761.000, 0.402	761.000, 0.403	761.000, 0.406	761.000, 0.405
762.000, 0.413	762.000, 0.402	762.000, 0.404	762.000, 0.406	762.000, 0.404
763.000, 0.415	763.000, 0.404	763.000, 0.406	763.000, 0.407	763.000, 0.406
764.000, 0.416	764.000, 0.405	764.000, 0.407	764.000, 0.409	764.000, 0.408
765.000, 0.417	765.000, 0.406	765.000, 0.407	765.000, 0.410	765.000, 0.409
766.000, 0.418	766.000, 0.407	766.000, 0.408	766.000, 0.410	766.000, 0.409
767.000, 0.419	767.000, 0.407	767.000, 0.409	767.000, 0.411	767.000, 0.410
768.000, 0.420	768.000, 0.408	768.000, 0.410	768.000, 0.412	768.000, 0.411
769.000, 0.420	769.000, 0.409	769.000, 0.410	769.000, 0.412	769.000, 0.411
770.000, 0.420	770.000, 0.409	770.000, 0.410	770.000, 0.412	770.000, 0.411
771.000, 0.421	771.000, 0.410	771.000, 0.411	771.000, 0.413	771.000, 0.412
772.000, 0.422	772.000, 0.411	772.000, 0.413	772.000, 0.415	772.000, 0.413
773.000, 0.423	773.000, 0.412	773.000, 0.413	773.000, 0.416	773.000, 0.414
774.000, 0.424	774.000, 0.413	774.000, 0.414	774.000, 0.416	774.000, 0.415
775.000, 0.424	775.000, 0.413	775.000, 0.414	775.000, 0.416	775.000, 0.415
776.000, 0.424	776.000, 0.413	776.000, 0.414	776.000, 0.417	776.000, 0.415
777.000, 0.425	777.000, 0.414	777.000, 0.415	777.000, 0.417	777.000, 0.416
778.000, 0.425	778.000, 0.414	778.000, 0.415	778.000, 0.417	778.000, 0.417
779.000, 0.426	779.000, 0.415	779.000, 0.416	779.000, 0.418	779.000, 0.417
780.000, 0.427	780.000, 0.415	780.000, 0.417	780.000, 0.419	780.000, 0.417
781.000, 0.428	781.000, 0.416	781.000, 0.417	781.000, 0.420	781.000, 0.418
782.000, 0.428	782.000, 0.417	782.000, 0.418	782.000, 0.420	782.000, 0.419
783.000, 0.428	783.000, 0.417	783.000, 0.419	783.000, 0.421	783.000, 0.420
784.000, 0.429	784.000, 0.418	784.000, 0.420	784.000, 0.422	784.000, 0.420
785.000, 0.430	785.000, 0.418	785.000, 0.420	785.000, 0.422	785.000, 0.421
786.000, 0.431	786.000, 0.419	786.000, 0.420	786.000, 0.423	786.000, 0.421
787.000, 0.431	787.000, 0.419	787.000, 0.420	787.000, 0.423	787.000, 0.421
788.000, 0.431	788.000, 0.420	788.000, 0.421	788.000, 0.423	788.000, 0.422
789.000, 0.432	789.000, 0.421	789.000, 0.422	789.000, 0.424	789.000, 0.423
790.000, 0.432	790.000, 0.421	790.000, 0.423	790.000, 0.425	790.000, 0.424
791.000, 0.433	791.000, 0.422	791.000, 0.423	791.000, 0.426	791.000, 0.424
792.000, 0.433	792.000, 0.422	792.000, 0.424	792.000, 0.426	792.000, 0.425
793.000, 0.434	793.000, 0.423	793.000, 0.425	793.000, 0.426	793.000, 0.426
794.000, 0.435	794.000, 0.424	794.000, 0.426	794.000, 0.427	794.000, 0.427
795.000, 0.435	795.000, 0.425	795.000, 0.426	795.000, 0.428	795.000, 0.427
796.000, 0.436	796.000, 0.425	796.000, 0.426	796.000, 0.429	796.000, 0.427
797.000, 0.437	797.000, 0.425	797.000, 0.427	797.000, 0.429	797.000, 0.428
798.000, 0.438	798.000, 0.426	798.000, 0.428	798.000, 0.430	798.000, 0.429
799.000, 0.439	799.000, 0.427	799.000, 0.428	799.000, 0.431	799.000, 0.429
800.000, 0.439	800.000, 0.428	800.000, 0.429	800.000, 0.431	800.000, 0.430
801.000, 0.440	801.000, 0.428	801.000, 0.429	801.000, 0.431	801.000, 0.431
802.000, 0.440	802.000, 0.429	802.000, 0.430	802.000, 0.432	802.000, 0.431
803.000, 0.441	803.000, 0.429	803.000, 0.430	803.000, 0.433	803.000, 0.431
804.000, 0.441	804.000, 0.430	804.000, 0.431	804.000, 0.433	804.000, 0.432
805.000, 0.442	805.000, 0.430	805.000, 0.431	805.000, 0.434	805.000, 0.432
806.000, 0.442	806.000, 0.430	806.000, 0.432	806.000, 0.434	806.000, 0.433
807.000, 0.443	807.000, 0.431	807.000, 0.433	807.000, 0.435	807.000, 0.433
808.000, 0.443	808.000, 0.433	808.000, 0.434	808.000, 0.435	808.000, 0.434
809.000, 0.444	809.000, 0.433	809.000, 0.434	809.000, 0.436	809.000, 0.434
810.000, 0.444	810.000, 0.433	810.000, 0.434	810.000, 0.437	810.000, 0.435
811.000, 0.444	811.000, 0.433	811.000, 0.435	811.000, 0.436	811.000, 0.435
812.000, 0.444	812.000, 0.433	812.000, 0.434	812.000, 0.436	812.000, 0.435
813.000, 0.444	813.000, 0.433	813.000, 0.434	813.000, 0.436	813.000, 0.435
814.000, 0.445	814.000, 0.434	814.000, 0.434	814.000, 0.436	814.000, 0.436
815.000, 0.445	815.000, 0.434	815.000, 0.434	815.000, 0.436	815.000, 0.436
816.000, 0.445	816.000, 0.434	816.000, 0.435	816.000, 0.437	816.000, 0.436
817.000, 0.446	817.000, 0.434	817.000, 0.436	817.000, 0.438	817.000, 0.437
818.000, 0.447	818.000, 0.435	818.000, 0.438	818.000, 0.439	818.000, 0.438
819.000, 0.448	819.000, 0.436	819.000, 0.438	819.000, 0.439	819.000, 0.438
820.000, 0.448	820.000, 0.436	820.000, 0.438	820.000, 0.440	820.000, 0.438
821.000, 0.448	821.000, 0.436	821.000, 0.438	821.000, 0.441	821.000, 0.439
822.000, 0.449	822.000, 0.437	822.000, 0.439	822.000, 0.441	822.000, 0.440
823.000, 0.450	823.000, 0.439	823.000, 0.440	823.000, 0.442	823.000, 0.441
824.000, 0.451	824.000, 0.441	824.000, 0.441	824.000, 0.444	824.000, 0.442
825.000, 0.452	825.000, 0.441	825.000, 0.442	825.000, 0.444	825.000, 0.443
826.000, 0.453	826.000, 0.441	826.000, 0.442	826.000, 0.445	826.000, 0.444
827.000, 0.453	827.000, 0.441	827.000, 0.442	827.000, 0.446	827.000, 0.444
828.000, 0.453	828.000, 0.441	828.000, 0.443	828.000, 0.445	828.000, 0.444
829.000, 0.453	829.000, 0.442	829.000, 0.443	829.000, 0.445	829.000, 0.444
830.000, 0.454	830.000, 0.443	830.000, 0.444	830.000, 0.447	830.000, 0.445
831.000, 0.454	831.000, 0.443	831.000, 0.445	831.000, 0.447	831.000, 0.446
832.000, 0.455	832.000, 0.443	832.000, 0.446	832.000, 0.447	832.000, 0.446
833.000, 0.455	833.000, 0.444	833.000, 0.446	833.000, 0.447	833.000, 0.446
834.000, 0.456	834.000, 0.445	834.000, 0.446	834.000, 0.448	834.000, 0.447
835.000, 0.457	835.000, 0.446	835.000, 0.447	835.000, 0.449	835.000, 0.448
836.000, 0.459	836.000, 0.447	836.000, 0.448	836.000, 0.450	836.000, 0.449
837.000, 0.459	837.000, 0.448	837.000, 0.449	837.000, 0.452	837.000, 0.450
838.000, 0.460	838.000, 0.448	838.000, 0.450	838.000, 0.453	838.000, 0.450
839.000, 0.461	839.000, 0.449	839.000, 0.449	839.000, 0.453	839.000, 0.450
840.000, 0.461	840.000, 0.449	840.000, 0.450	840.000, 0.453	840.000, 0.451
841.000, 0.461	841.000, 0.449	841.000, 0.451	841.000, 0.453	841.000, 0.451
842.000, 0.462	842.000, 0.450	842.000, 0.452	842.000, 0.454	842.000, 0.452
843.000, 0.463	843.000, 0.451	843.000, 0.453	843.000, 0.455	843.000, 0.453
844.000, 0.462	844.000, 0.451	844.000, 0.453	844.000, 0.455	844.000, 0.453
845.000, 0.462	845.000, 0.452	845.000, 0.453	845.000, 0.455	845.000, 0.454
846.000, 0.463	846.000, 0.453	846.000, 0.453	846.000, 0.456	846.000, 0.454
847.000, 0.464	847.000, 0.453	847.000, 0.454	847.000, 0.456	847.000, 0.455
848.000, 0.465	848.000, 0.454	848.000, 0.455	848.000, 0.457	848.000, 0.456
849.000, 0.465	849.000, 0.454	849.000, 0.456	849.000, 0.457	849.000, 0.457
850.000, 0.465	850.000, 0.454	850.000, 0.456	850.000, 0.458	850.000, 0.456
851.000, 0.465	851.000, 0.454	851.000, 0.456	851.000, 0.458	851.000, 0.456
852.000, 0.466	852.000, 0.456	852.000, 0.457	852.000, 0.459	852.000, 0.458
853.000, 0.467	853.000, 0.456	853.000, 0.457	853.000, 0.460	853.000, 0.458
854.000, 0.468	854.000, 0.456	854.000, 0.457	854.000, 0.460	854.000, 0.459
855.000, 0.469	855.000, 0.456	855.000, 0.458	855.000, 0.461	855.000, 0.459
856.000, 0.470	856.000, 0.457	856.000, 0.459	856.000, 0.462	856.000, 0.460
857.000, 0.470	857.000, 0.458	857.000, 0.459	857.000, 0.462	857.000, 0.461
858.000, 0.469	858.000, 0.459	858.000, 0.459	858.000, 0.463	858.000, 0.461
859.000, 0.470	859.000, 0.459	859.000, 0.460	859.000, 0.463	859.000, 0.460
860.000, 0.472	860.000, 0.459	860.000, 0.461	860.000, 0.463	860.000, 0.460
861.000, 0.472	861.000, 0.459	861.000, 0.461	861.000, 0.464	861.000, 0.461
862.000, 0.472	862.000, 0.460	862.000, 0.461	862.000, 0.464	862.000, 0.462
863.000, 0.473	863.000, 0.460	863.000, 0.462	863.000, 0.463	863.000, 0.463
864.000, 0.473	864.000, 0.460	864.000, 0.461	864.000, 0.463	864.000, 0.462
865.000, 0.473	865.000, 0.460	865.000, 0.461	865.000, 0.463	865.000, 0.462
866.000, 0.474	866.000, 0.462	866.000, 0.463	866.000, 0.466	866.000, 0.464
867.000, 0.475	867.000, 0.463	867.000, 0.464	867.000, 0.467	867.000, 0.465
868.000, 0.475	868.000, 0.463	868.000, 0.465	868.000, 0.466	868.000, 0.466
869.000, 0.475	869.000, 0.464	869.000, 0.466	869.000, 0.467	869.000, 0.466
870.000, 0.476	870.000, 0.464	870.000, 0.466	870.000, 0.468	870.000, 0.467
871.000, 0.477	871.000, 0.465	871.000, 0.466	871.000, 0.468	871.000, 0.468
872.000, 0.477	872.000, 0.465	872.000, 0.466	872.000, 0.469	872.000, 0.468
873.000, 0.477	873.000, 0.466	873.000, 0.467	873.000, 0.469	873.000, 0.468
874.000, 0.477	874.000, 0.466	874.000, 0.467	874.000, 0.469	874.000, 0.468
875.000, 0.478	875.000, 0.467	875.000, 0.467	875.000, 0.470	875.000, 0.468
876.000, 0.478	876.000, 0.466	876.000, 0.468	876.000, 0.470	876.000, 0.469
877.000, 0.479	877.000, 0.466	877.000, 0.468	877.000, 0.469	877.000, 0.469
878.000, 0.480	878.000, 0.467	878.000, 0.467	878.000, 0.469	878.000, 0.469
879.000, 0.480	879.000, 0.467	879.000, 0.468	879.000, 0.471	879.000, 0.470
880.000, 0.480	880.000, 0.467	880.000, 0.469	880.000, 0.473	880.000, 0.471
881.000, 0.480	881.000, 0.467	881.000, 0.469	881.000, 0.473	881.000, 0.471
882.000, 0.480	882.000, 0.466	882.000, 0.469	882.000, 0.472	882.000, 0.471
883.000, 0.481	883.000, 0.467	883.000, 0.470	883.000, 0.473	883.000, 0.471
884.000, 0.482	884.000, 0.469	884.000, 0.471	884.000, 0.474	884.000, 0.471
885.000, 0.483	885.000, 0.470	885.000, 0.471	885.000, 0.475	885.000, 0.472
886.000, 0.483	886.000, 0.471	886.000, 0.471	886.000, 0.474	886.000, 0.473
887.000, 0.482	887.000, 0.471	887.000, 0.472	887.000, 0.472	887.000, 0.473
888.000, 0.483	888.000, 0.472	888.000, 0.472	888.000, 0.474	888.000, 0.473
889.000, 0.484	889.000, 0.473	889.000, 0.472	889.000, 0.476	889.000, 0.473
890.000, 0.484	890.000, 0.471	890.000, 0.473	890.000, 0.476	890.000, 0.472
891.000, 0.484	891.000, 0.472	891.000, 0.473	891.000, 0.476	891.000, 0.474
892.000, 0.484	892.000, 0.473	892.000, 0.473	892.000, 0.476	892.000, 0.475
893.000, 0.485	893.000, 0.473	893.000, 0.473	893.000, 0.477	893.000, 0.475
894.000, 0.486	894.000, 0.472	894.000, 0.474	894.000, 0.477	894.000, 0.477
895.000, 0.486	895.000, 0.471	895.000, 0.475	895.000, 0.477	895.000, 0.479
896.000, 0.485	896.000, 0.472	896.000, 0.474	896.000, 0.476	896.000, 0.476
897.000, 0.484	897.000, 0.472	897.000, 0.474	897.000, 0.475	897.000, 0.474
898.000, 0.484	898.000, 0.471	898.000, 0.475	898.000, 0.476	898.000, 0.474
899.000, 0.484	899.000, 0.472	899.000, 0.475	899.000, 0.476	899.000, 0.474
900.000, 0.485	900.000, 0.473	900.000, 0.476	900.000, 0.477	900.000, 0.475
901.000, 0.487	901.000, 0.474	901.000, 0.477	901.000, 0.478	901.000, 0.477
902.000, 0.489	902.000, 0.477	902.000, 0.478	902.000, 0.480	902.000, 0.480
903.000, 0.490	903.000, 0.478	903.000, 0.479	903.000, 0.481	903.000, 0.482
904.000, 0.489	904.000, 0.477	904.000, 0.478	904.000, 0.479	904.000, 0.479
905.000, 0.488	905.000, 0.476	905.000, 0.478	905.000, 0.479	905.000, 0.478
906.000, 0.487	906.000, 0.476	906.000, 0.479	906.000, 0.481	906.000, 0.481
907.000, 0.488	907.000, 0.478	907.000, 0.479	907.000, 0.480	907.000, 0.479
908.000, 0.490	908.000, 0.479	908.000, 0.479	908.000, 0.481	908.000, 0.479
909.000, 0.490	909.000, 0.479	909.000, 0.481	909.000, 0.483	909.000, 0.481
910.000, 0.492	910.000, 0.480	910.000, 0.482	910.000, 0.484	910.000, 0.483
911.000, 0.493	911.000, 0.480	911.000, 0.481	911.000, 0.484	911.000, 0.484
912.000, 0.492	912.000, 0.479	912.000, 0.481	912.000, 0.484	912.000, 0.482
913.000, 0.492	913.000, 0.479	913.000, 0.481	913.000, 0.485	913.000, 0.483
914.000, 0.493	914.000, 0.481	914.000, 0.482	914.000, 0.485	914.000, 0.485
915.000, 0.494	915.000, 0.482	915.000, 0.483	915.000, 0.484	915.000, 0.485
916.000, 0.494	916.000, 0.483	916.000, 0.484	916.000, 0.484	916.000, 0.483
917.000, 0.493	917.000, 0.484	917.000, 0.485	917.000, 0.485	917.000, 0.482
918.000, 0.495	918.000, 0.484	918.000, 0.485	918.000, 0.485	918.000, 0.483
919.000, 0.497	919.000, 0.484	919.000, 0.485	919.000, 0.486	919.000, 0.485
920.000, 0.498	920.000, 0.484	920.000, 0.484	920.000, 0.487	920.000, 0.486
921.000, 0.497	921.000, 0.485	921.000, 0.484	921.000, 0.489	921.000, 0.487
922.000, 0.496	922.000, 0.486	922.000, 0.486	922.000, 0.490	922.000, 0.487
923.000, 0.496	923.000, 0.487	923.000, 0.490	923.000, 0.492	923.000, 0.487
924.000, 0.497	924.000, 0.487	924.000, 0.491	924.000, 0.491	924.000, 0.487
925.000, 0.499	925.000, 0.488	925.000, 0.488	925.000, 0.490	925.000, 0.487
926.000, 0.498	926.000, 0.486	926.000, 0.487	926.000, 0.491	926.000, 0.488
927.000, 0.498	927.000, 0.485	927.000, 0.487	927.000, 0.490	927.000, 0.488
928.000, 0.500	928.000, 0.487	928.000, 0.486	928.000, 0.486	928.000, 0.488
929.000, 0.498	929.000, 0.485	929.000, 0.484	929.000, 0.486	929.000, 0.485
930.000, 0.494	930.000, 0.482	930.000, 0.482	930.000, 0.487	930.000, 0.483
931.000, 0.494	931.000, 0.484	931.000, 0.484	931.000, 0.486	931.000, 0.486
932.000, 0.495	932.000, 0.481	932.000, 0.483	932.000, 0.483	932.000, 0.485
933.000, 0.495	933.000, 0.475	933.000, 0.480	933.000, 0.477	933.000, 0.481
934.000, 0.487	934.000, 0.474	934.000, 0.478	934.000, 0.476	934.000, 0.479
935.000, 0.479	935.000, 0.472	935.000, 0.474	935.000, 0.475	935.000, 0.477
936.000, 0.476	936.000, 0.469	936.000, 0.472	936.000, 0.473	936.000, 0.477
937.000, 0.488	937.000, 0.479	937.000, 0.484	937.000, 0.488	937.000, 0.485
938.000, 0.497	938.000, 0.483	938.000, 0.487	938.000, 0.494	938.000, 0.488
939.000, 0.492	939.000, 0.474	939.000, 0.472	939.000, 0.481	939.000, 0.480
940.000, 0.492	940.000, 0.477	940.000, 0.472	940.000, 0.479	940.000, 0.484
941.000, 0.494	941.000, 0.485	941.000, 0.480	941.000, 0.486	941.000, 0.492
942.000, 0.492	942.000, 0.483	942.000, 0.488	942.000, 0.494	942.000, 0.491
943.000, 0.491	943.000, 0.480	943.000, 0.485	943.000, 0.492	943.000, 0.486
944.000, 0.492	944.000, 0.478	944.000, 0.476	944.000, 0.485	944.000, 0.481
945.000, 0.494	945.000, 0.479	945.000, 0.482	945.000, 0.485	945.000, 0.482
946.000, 0.497	946.000, 0.482	946.000, 0.486	946.000, 0.487	946.000, 0.485
947.000, 0.500	947.000, 0.484	947.000, 0.486	947.000, 0.491	947.000, 0.486
948.000, 0.500	948.000, 0.485	948.000, 0.488	948.000, 0.490	948.000, 0.485
949.000, 0.500	949.000, 0.485	949.000, 0.489	949.000, 0.485	949.000, 0.484
950.000, 0.503	950.000, 0.484	950.000, 0.485	950.000, 0.481	950.000, 0.488
951.000, 0.502	951.000, 0.487	951.000, 0.486	951.000, 0.486	951.000, 0.490
952.000, 0.501	952.000, 0.493	952.000, 0.492	952.000, 0.496	952.000, 0.491
953.000, 0.503	953.000, 0.497	953.000, 0.497	953.000, 0.498	953.000, 0.495
954.000, 0.500	954.000, 0.492	954.000, 0.495	954.000, 0.497	954.000, 0.493
955.000, 0.493	955.000, 0.483	955.000, 0.488	955.000, 0.494	955.000, 0.489
956.000, 0.496	956.000, 0.489	956.000, 0.491	956.000, 0.497	956.000, 0.498
957.000, 0.503	957.000, 0.496	957.000, 0.497	957.000, 0.501	957.000, 0.505
958.000, 0.507	958.000, 0.496	958.000, 0.501	958.000, 0.503	958.000, 0.503
959.000, 0.508	959.000, 0.496	959.000, 0.499	959.000, 0.501	959.000, 0.500
960.000, 0.507	960.000, 0.495	960.000, 0.496	960.000, 0.497	960.000, 0.498
961.000, 0.507	961.000, 0.492	961.000, 0.499	961.000, 0.495	961.000, 0.498
962.000, 0.507	962.000, 0.494	962.000, 0.500	962.000, 0.499	962.000, 0.501
963.000, 0.507	963.000, 0.498	963.000, 0.499	963.000, 0.507	963.000, 0.505
964.000, 0.512	964.000, 0.500	964.000, 0.502	964.000, 0.508	964.000, 0.505
965.000, 0.517	965.000, 0.504	965.000, 0.507	965.000, 0.508	965.000, 0.504
966.000, 0.517	966.000, 0.509	966.000, 0.512	966.000, 0.506	966.000, 0.504
967.000, 0.510	967.000, 0.506	967.000, 0.507	967.000, 0.503	967.000, 0.502
968.000, 0.508	968.000, 0.503	968.000, 0.504	968.000, 0.504	968.000, 0.502
969.000, 0.519	969.000, 0.506	969.000, 0.511	969.000, 0.511	969.000, 0.508
970.000, 0.525	970.000, 0.508	970.000, 0.512	970.000, 0.513	970.000, 0.511
971.000, 0.523	971.000, 0.507	971.000, 0.510	971.000, 0.511	971.000, 0.511
972.000, 0.519	972.000, 0.505	972.000, 0.509	972.000, 0.510	972.000, 0.509
973.000, 0.516	973.000, 0.503	973.000, 0.506	973.000, 0.509	973.000, 0.505
974.000, 0.514	974.000, 0.502	974.000, 0.503	974.000, 0.510	974.000, 0.502
975.000, 0.517	975.000, 0.504	975.000, 0.509	975.000, 0.512	975.000, 0.507
976.000, 0.519	976.000, 0.506	976.000, 0.513	976.000, 0.514	976.000, 0.511
977.000, 0.517	977.000, 0.506	977.000, 0.511	977.000, 0.514	977.000, 0.508
978.000, 0.521	978.000, 0.503	978.000, 0.508	978.000, 0.511	978.000, 0.507
979.000, 0.526	979.000, 0.503	979.000, 0.507	979.000, 0.509	979.000, 0.510
980.000, 0.527	980.000, 0.511	980.000, 0.511	980.000, 0.513	980.000, 0.517
981.000, 0.521	981.000, 0.513	981.000, 0.511	981.000, 0.512	981.000, 0.518
982.000, 0.514	982.000, 0.508	982.000, 0.509	982.000, 0.510	982.000, 0.512
983.000, 0.523	983.000, 0.506	983.000, 0.510	983.000, 0.513	983.000, 0.510
984.000, 0.530	984.000, 0.509	984.000, 0.512	984.000, 0.516	984.000, 0.513
985.000, 0.527	985.000, 0.515	985.000, 0.513	985.000, 0.516	985.000, 0.521
986.000, 0.522	986.000, 0.517	986.000, 0.510	986.000, 0.513	986.000, 0.521
987.000, 0.520	987.000, 0.514	987.000, 0.507	987.000, 0.509	987.000, 0.517
988.000, 0.521	988.000, 0.507	988.000, 0.507	988.000, 0.510	988.000, 0.513
989.000, 0.523	989.000, 0.505	989.000, 0.508	989.000, 0.509	989.000, 0.510
990.000, 0.525	990.000, 0.506	990.000, 0.509	990.000, 0.509	990.000, 0.509
991.000, 0.524	991.000, 0.507	991.000, 0.508	991.000, 0.511	991.000, 0.511
992.000, 0.521	992.000, 0.508	992.000, 0.511	992.000, 0.513	992.000, 0.507
993.000, 0.518	993.000, 0.511	993.000, 0.516	993.000, 0.513	993.000, 0.501
994.000, 0.517	994.000, 0.512	994.000, 0.509	994.000, 0.517	994.000, 0.510
995.000, 0.521	995.000, 0.513	995.000, 0.507	995.000, 0.524	995.000, 0.520
996.000, 0.530	996.000, 0.515	996.000, 0.518	996.000, 0.530	996.000, 0.523
997.000, 0.530	997.000, 0.518	997.000, 0.524	997.000, 0.524	997.000, 0.521
998.000, 0.525	998.000, 0.518	998.000, 0.524	998.000, 0.517	998.000, 0.517
999.000, 0.522	999.000, 0.513	999.000, 0.516	999.000, 0.524	999.000, 0.518
1000.000, 0.525	1000.000, 0.515	1000.000, 0.517	1000.000, 0.523	1000.000, 0.521
1001.000, 0.529	1001.000, 0.523	1001.000, 0.524	1001.000, 0.513	1001.000, 0.525
1002.000, 0.523	1002.000, 0.520	1002.000, 0.519	1002.000, 0.510	1002.000, 0.524
1003.000, 0.522	1003.000, 0.514	1003.000, 0.515	1003.000, 0.514	1003.000, 0.523
1004.000, 0.530	1004.000, 0.511	1004.000, 0.516	1004.000, 0.525	1004.000, 0.525
1005.000, 0.531	1005.000, 0.519	1005.000, 0.519	1005.000, 0.528	1005.000, 0.528
1006.000, 0.534	1006.000, 0.526	1006.000, 0.525	1006.000, 0.527	1006.000, 0.533
1007.000, 0.541	1007.000, 0.522	1007.000, 0.531	1007.000, 0.527	1007.000, 0.539
1008.000, 0.537	1008.000, 0.516	1008.000, 0.529	1008.000, 0.524	1008.000, 0.524
1009.000, 0.528	1009.000, 0.513	1009.000, 0.522	1009.000, 0.520	1009.000, 0.507
1010.000, 0.530	1010.000, 0.513	1010.000, 0.515	1010.000, 0.518	1010.000, 0.521
1011.000, 0.531	1011.000, 0.516	1011.000, 0.516	1011.000, 0.519	1011.000, 0.525
1012.000, 0.528	1012.000, 0.519	1012.000, 0.523	1012.000, 0.520	1012.000, 0.515
1013.000, 0.516	1013.000, 0.509	1013.000, 0.518	1013.000, 0.512	1013.000, 0.515
1014.000, 0.517	1014.000, 0.510	1014.000, 0.517	1014.000, 0.513	1014.000, 0.518
1015.000, 0.536	1015.000, 0.530	1015.000, 0.525	1015.000, 0.528	1015.000, 0.518
1016.000, 0.536	1016.000, 0.527	1016.000, 0.523	1016.000, 0.523	1016.000, 0.516
1017.000, 0.527	1017.000, 0.515	1017.000, 0.517	1017.000, 0.513	1017.000, 0.516
1018.000, 0.524	1018.000, 0.514	1018.000, 0.518	1018.000, 0.516	1018.000, 0.522
1019.000, 0.525	1019.000, 0.517	1019.000, 0.517	1019.000, 0.517	1019.000, 0.521
1020.000, 0.529	1020.000, 0.520	1020.000, 0.513	1020.000, 0.516	1020.000, 0.518
1021.000, 0.539	1021.000, 0.518	1021.000, 0.511	1021.000, 0.520	1021.000, 0.532
1022.000, 0.546	1022.000, 0.523	1022.000, 0.514	1022.000, 0.525	1022.000, 0.538
1023.000, 0.545	1023.000, 0.536	1023.000, 0.522	1023.000, 0.528	1023.000, 0.528
1024.000, 0.535	1024.000, 0.524	1024.000, 0.519	1024.000, 0.523	1024.000, 0.517
1025.000, 0.528	1025.000, 0.517	1025.000, 0.516	1025.000, 0.521	1025.000, 0.510
1026.000, 0.532	1026.000, 0.531	1026.000, 0.519	1026.000, 0.527	1026.000, 0.511
1027.000, 0.543	1027.000, 0.527	1027.000, 0.531	1027.000, 0.535	1027.000, 0.524
1028.000, 0.548	1028.000, 0.517	1028.000, 0.536	1028.000, 0.539	1028.000, 0.538
1029.000, 0.529	1029.000, 0.529	1029.000, 0.510	1029.000, 0.536	1029.000, 0.532
1030.000, 0.529	1030.000, 0.537	1030.000, 0.510	1030.000, 0.536	1030.000, 0.523
1031.000, 0.552	1031.000, 0.536	1031.000, 0.537	1031.000, 0.541	1031.000, 0.518
1032.000, 0.560	1032.000, 0.527	1032.000, 0.535	1032.000, 0.542	1032.000, 0.529
1033.000, 0.551	1033.000, 0.524	1033.000, 0.527	1033.000, 0.539	1033.000, 0.535
1034.000, 0.527	1034.000, 0.531	1034.000, 0.523	1034.000, 0.534	1034.000, 0.528
1035.000, 0.522	1035.000, 0.534	1035.000, 0.535	1035.000, 0.528	1035.000, 0.528
1036.000, 0.526	1036.000, 0.528	1036.000, 0.543	1036.000, 0.518	1036.000, 0.528
1037.000, 0.524	1037.000, 0.509	1037.000, 0.524	1037.000, 0.501	1037.000, 0.524
1038.000, 0.527	1038.000, 0.512	1038.000, 0.518	1038.000, 0.504	1038.000, 0.529
1039.000, 0.536	1039.000, 0.531	1039.000, 0.528	1039.000, 0.521	1039.000, 0.538
1040.000, 0.549	1040.000, 0.533	1040.000, 0.542	1040.000, 0.519	1040.000, 0.533
1041.000, 0.548	1041.000, 0.516	1041.000, 0.541	1041.000, 0.513	1041.000, 0.522
1042.000, 0.533	1042.000, 0.490	1042.000, 0.521	1042.000, 0.507	1042.000, 0.514
1043.000, 0.534	1043.000, 0.509	1043.000, 0.508	1043.000, 0.494	1043.000, 0.534
1044.000, 0.534	1044.000, 0.530	1044.000, 0.505	1044.000, 0.494	1044.000, 0.548
1045.000, 0.522	1045.000, 0.517	1045.000, 0.513	1045.000, 0.518	1045.000, 0.530
1046.000, 0.515	1046.000, 0.514	1046.000, 0.514	1046.000, 0.530	1046.000, 0.503
1047.000, 0.518	1047.000, 0.523	1047.000, 0.519	1047.000, 0.535	1047.000, 0.491
1048.000, 0.537	1048.000, 0.543	1048.000, 0.551	1048.000, 0.548	1048.000, 0.521
1049.000, 0.539	1049.000, 0.547	1049.000, 0.545	1049.000, 0.546	1049.000, 0.535
1050.000, 0.524	1050.000, 0.532	1050.000, 0.505	1050.000, 0.529	1050.000, 0.524
1051.000, 0.523	1051.000, 0.519	1051.000, 0.513	1051.000, 0.517	1051.000, 0.516
1052.000, 0.515	1052.000, 0.502	1052.000, 0.508	1052.000, 0.507	1052.000, 0.508
1053.000, 0.498	1053.000, 0.487	1053.000, 0.477	1053.000, 0.500	1053.000, 0.499
1054.000, 0.504	1054.000, 0.498	1054.000, 0.499	1054.000, 0.495	1054.000, 0.474
1055.000, 0.527	1055.000, 0.528	1055.000, 0.531	1055.000, 0.505	1055.000, 0.472
1056.000, 0.555	1056.000, 0.562	1056.000, 0.518	1056.000, 0.542	1056.000, 0.533
1057.000, 0.547	1057.000, 0.524	1057.000, 0.499	1057.000, 0.557	1057.000, 0.522
1058.000, 0.517	1058.000, 0.455	1058.000, 0.489	1058.000, 0.550	1058.000, 0.476
1059.000, 0.530	1059.000, 0.505	1059.000, 0.511	1059.000, 0.548	1059.000, 0.557
1060.000, 0.552	1060.000, 0.557	1060.000, 0.533	1060.000, 0.540	1060.000, 0.585
1061.000, 0.565	1061.000, 0.565	1061.000, 0.542	1061.000, 0.526	1061.000, 0.534
1062.000, 0.536	1062.000, 0.506	1062.000, 0.529	1062.000, 0.514	1062.000, 0.508
1063.000, 0.511	1063.000, 0.456	1063.000, 0.506	1063.000, 0.513	1063.000, 0.508
1064.000, 0.527	1064.000, 0.487	1064.000, 0.494	1064.000, 0.531	1064.000, 0.535
1065.000, 0.523	1065.000, 0.523	1065.000, 0.520	1065.000, 0.540	1065.000, 0.557
1066.000, 0.511	1066.000, 0.543	1066.000, 0.539	1066.000, 0.529	1066.000, 0.555
1067.000, 0.517	1067.000, 0.531	1067.000, 0.481	1067.000, 0.486	1067.000, 0.508
1068.000, 0.516	1068.000, 0.522	1068.000, 0.488	1068.000, 0.493	1068.000, 0.490
1069.000, 0.506	1069.000, 0.512	1069.000, 0.546	1069.000, 0.535	1069.000, 0.503
1070.000, 0.499	1070.000, 0.445	1070.000, 0.509	1070.000, 0.511	1070.000, 0.473
1071.000, 0.503	1071.000, 0.433	1071.000, 0.499	1071.000, 0.488	1071.000, 0.468
1072.000, 0.522	1072.000, 0.523	1072.000, 0.553	1072.000, 0.498	1072.000, 0.514
1073.000, 0.547	1073.000, 0.563	1073.000, 0.520	1073.000, 0.556	1073.000, 0.559
1074.000, 0.540	1074.000, 0.549	1074.000, 0.476	1074.000, 0.589	1074.000, 0.558
1075.000, 0.480	1075.000, 0.508	1075.000, 0.506	1075.000, 0.540	1075.000, 0.495
